CPU_Utilization_1_sen,Frequency_1_sen,IPC_1_sen,Misses_1_sen,LLC_1_sen,MBL_1_sen,Memory_Footprint_1_sen,Virt_Memory_1_sen,Res_Memory_1_sen,Weighted_Speedup_1_sen,CPU_Utilization_1_stream,Frequency_1_stream,IPC_1_stream,Misses_1_stream,LLC_1_stream,MBL_1_stream,Memory_Footprint_1_stream,Virt_Memory_1_stream,Res_Memory_1_stream,Weighted_Speedup_1_stream,CPU_Utilization_1_insen,Frequency_1_insen,IPC_1_insen,Misses_1_insen,LLC_1_insen,MBL_1_insen,Memory_Footprint_1_insen,Virt_Memory_1_insen,Res_Memory_1_insen,Weighted_Speedup_1_insen,CPU_Utilization_2_sen,Frequency_2_sen,IPC_2_sen,Misses_2_sen,LLC_2_sen,MBL_2_sen,Memory_Footprint_2_sen,Virt_Memory_2_sen,Res_Memory_2_sen,Weighted_Speedup_2_sen,CPU_Utilization_2_stream,Frequency_2_stream,IPC_2_stream,Misses_2_stream,LLC_2_stream,MBL_2_stream,Memory_Footprint_2_stream,Virt_Memory_2_stream,Res_Memory_2_stream,Weighted_Speedup_2_stream,CPU_Utilization_2_insen,Frequency_2_insen,IPC_2_insen,Misses_2_insen,LLC_2_insen,MBL_2_insen,Memory_Footprint_2_insen,Virt_Memory_2_insen,Res_Memory_2_insen,Weighted_Speedup_2_insen,CPU_Utilization_3_sen,Frequency_3_sen,IPC_3_sen,Misses_3_sen,LLC_3_sen,MBL_3_sen,Memory_Footprint_3_sen,Virt_Memory_3_sen,Res_Memory_3_sen,Weighted_Speedup_3_sen,CPU_Utilization_3_stream,Frequency_3_stream,IPC_3_stream,Misses_3_stream,LLC_3_stream,MBL_3_stream,Memory_Footprint_3_stream,Virt_Memory_3_stream,Res_Memory_3_stream,Weighted_Speedup_3_stream,CPU_Utilization_3_insen,Frequency_3_insen,IPC_3_insen,Misses_3_insen,LLC_3_insen,MBL_3_insen,Memory_Footprint_3_insen,Virt_Memory_3_insen,Res_Memory_3_insen,Weighted_Speedup_3_insen,CPU_Utilization_4_sen,Frequency_4_sen,IPC_4_sen,Misses_4_sen,LLC_4_sen,MBL_4_sen,Memory_Footprint_4_sen,Virt_Memory_4_sen,Res_Memory_4_sen,Weighted_Speedup_4_sen,CPU_Utilization_4_stream,Frequency_4_stream,IPC_4_stream,Misses_4_stream,LLC_4_stream,MBL_4_stream,Memory_Footprint_4_stream,Virt_Memory_4_stream,Res_Memory_4_stream,Weighted_Speedup_4_stream,CPU_Utilization_4_insen,Frequency_4_insen,IPC_4_insen,Misses_4_insen,LLC_4_insen,MBL_4_insen,Memory_Footprint_4_insen,Virt_Memory_4_insen,Res_Memory_4_insen,Weighted_Speedup_4_insen,Weighted_Speedup_5,Weighted_Speedup_6,Weighted_Speedup_7,Weighted_Speedup_8,Weighted_Speedup_9,Weighted_Speedup_10,Weighted_Speedup_11,Weighted_Speedup_12,Weighted_Speedup_13,Weighted_Speedup_14,Weighted_Speedup_15,Weighted_Speedup_16,Weighted_Speedup_17
200.0,2200.0,1.045,10662.0,15360.0,2245.100000000001,0.2,216084.0,189924.0,1.7711864406779658,200.0,2200.0,1.0,13788.5,2600.0,1678.2,0.4,560688.0,521624.0,1.6233870967741937,200.0,2199.9325,2.165,8273.0,1920.0,985.8,0.1,140260.0,129508.0,1.8386874260938115,200.0,2199.9325,1.025,11190.5,15440.0,2377.8,0.2,216072.0,189924.0,1.7372881355932204,200.0,2199.9325,1.0,13888.0,2600.0,2097.7,0.4,560688.0,521748.0,1.6273521505376345,200.0,2199.9325,2.23,6201.0,2280.0,1204.9,0.0,44728.0,32880.0,1.8972999605833665,193.3,2199.9325,1.02,11642.5,13520.0,2488.7,0.2,216024.0,191288.0,1.7288135593220342,200.0,2199.9325,1.06,11678.0,3600.0,1644.9,0.4,560688.0,521620.0,1.7127016129032258,200.0,2199.9325,2.23,6198.0,2480.0,819.6999999999998,0.0,44728.0,33292.0,1.899724083563264,200.0,2199.9325,1.01,11751.5,12840.0,2706.100000000001,0.2,215976.0,191528.0,1.7118644067796611,200.0,2200.0,1.08,10307.5,4880.0,1428.6999999999996,0.4,560688.0,521756.0,1.74247311827957,200.0,2200.0,2.22,6166.0,2120.0,1322.1999999999996,0.0,44728.0,33748.0,1.8856720536066218,5.444995150429413,5.706937504581576,5.3585044670448845,5.589979978555029,5.251098193940066,5.178312071587297,5.144868987344196,5.371662260275121,5.045087436533984,5.282250495569238,5.1066622602751215,4.966134400143374,4.793780211077651
200.0,2199.865,1.02,10595.5,15560.0,2175.6,0.2,216276.0,189936.0,1.6988679769428434,200.0,2199.9325,1.005,13390.5,2440.0,1615.0,0.4,560688.0,521624.0,1.684419427004402,200.0,2199.9325,1.85,2073.5,1400.0,284.6,0.0,51476.0,40668.0,1.7750755638223672,200.0,2199.865,1.01,11148.0,14880.0,2208.1,0.2,216264.0,189936.0,1.6820612542537678,193.8,2200.0,0.985,13588.0,2160.0,2119.6,0.4,560688.0,521748.0,1.6575737894205091,200.0,2200.0,2.085,1145.5,1360.0,229.3,0.0,51476.0,39816.0,1.9724250174378053,193.3,2200.0,1.01,11828.0,13720.0,2415.5,0.2,216240.0,191308.0,1.6819223557191474,200.0,2199.9325,1.055,11308.0,3800.0,1561.3,0.4,560688.0,521620.0,1.763657357292343,200.0,2199.9325,2.085,1070.0,2480.0,202.9,0.0,51476.0,40216.0,1.9724250174378053,193.8,2200.0,0.995,12444.5,14720.0,2773.8,0.2,216216.0,191560.0,1.6568511702201545,200.0,2199.9325,1.08,9698.0,5480.0,1301.0,0.4,560688.0,521756.0,1.8012556830482789,200.0,2199.865,2.075,1147.0,2200.0,267.90000000000003,0.0,51476.0,40672.0,1.9625900953266684,5.424686994393537,5.466518738949065,5.459686994393536,5.471895055972759,5.427828607748059,5.390207511878882,5.385140473205705,5.371292407328402,5.333948162778416,5.306156419941724,5.255975733880379,5.022400412754647,4.8137879806859685
200.0,2200.0,1.025,16391.0,16160.0,2871.7,0.2,216996.0,190516.0,1.6245061807060024,200.0,2199.9325,0.94,14859.5,2120.0,1875.1,0.4,565728.0,526096.0,1.660866078588613,200.0,2199.9325,2.045,1668.5,1240.0,226.1,0.0,78232.0,67256.0,2.0172396359959555,200.0,2199.9325,1.02,17100.0,14960.0,2983.5,0.2,216992.0,190516.0,1.6169873837135211,193.8,2200.0,0.945,14429.5,2200.0,2064.9,0.4,565728.0,525976.0,1.6724939855653569,200.0,2199.9325,2.095,1109.0,2480.0,269.1,0.0,78352.0,66824.0,2.0665824064711837,193.8,2199.865,1.005,18612.5,13480.0,2875.4,0.2,216984.0,191884.0,1.5934752134573722,200.0,2200.0,1.0,12183.0,3480.0,1653.1,0.4,566972.0,527176.0,1.7530874097834803,200.0,2199.9325,2.0700000000000003,928.0,800.0,178.9,0.0,78056.0,66708.0,2.0375126390293232,193.8,2200.0,0.995,18887.0,13440.0,3844.7,0.2,216960.0,192128.0,1.5774818401937043,200.0,2199.9325,1.04,10697.0,5200.0,1338.2,0.4,566972.0,527048.0,1.8129911788291904,193.8,2200.0,2.095,1065.0,560.0,250.7,0.0,78056.0,67164.0,2.0665824064711837,5.448402057408482,5.404389210890564,5.46995456774702,5.3944096466596605,5.488439579048437,5.416576598090215,5.423858781212061,5.135795480593335,5.355561112011754,5.087331470790018,4.99695320794555,5.182028319584438,4.735600946074513
200.0,2199.865,1.02,16636.0,18920.0,2909.4,0.2,217136.0,190544.0,1.6169873837135211,200.0,2199.9325,0.965,15533.0,2720.0,1910.3,0.4,570420.0,530108.0,1.6964749837556854,200.0,2199.865,2.005,7337.5,1400.0,1154.4,0.1,123052.0,112304.0,1.7301051051051053,200.0,2200.0,1.01,17116.0,16200.0,3101.4,0.2,217128.0,190544.0,1.600038231171148,200.0,2199.9325,0.965,15733.5,2520.0,2114.7,0.4,569964.0,529748.0,1.6964749837556854,193.3,2200.0,2.23,6174.0,1880.0,1871.9,0.1,134268.0,122528.0,1.8994191559981035,200.0,2200.0,0.99,19179.0,12320.0,2967.4,0.2,217104.0,191904.0,1.569007263922518,200.0,2199.9325,1.025,13716.5,3320.0,1985.3,0.4,571788.0,531236.0,1.7811890838206628,200.0,2200.0,2.23,5843.5,2320.0,768.0999999999998,0.1,132920.0,121620.0,1.9018887308360992,200.0,2199.865,0.98,19369.5,13960.0,3927.6,0.2,217088.0,192156.0,1.5530138906588504,200.0,2199.865,1.015,12368.5,4600.0,1472.3000000000004,0.4,571788.0,531116.0,1.7737979207277452,200.0,2199.865,2.23,5989.5,2800.0,1613.8,0.1,133608.0,122868.0,1.8994191559981035,5.295545069182369,5.2552317469397005,5.2887136580259195,5.271148130375664,5.256417041224276,5.1853522337811695,5.169122393888981,5.255238409212178,5.11857785957038,5.149193080333869,5.021296132779784,4.892866853398487,4.602885867424813
193.8,2199.9325,1.035,16523.0,19120.0,3025.2,0.2,217148.0,190564.0,1.6116813294232648,200.0,2199.9325,0.94,17118.0,2680.0,2081.2,0.4,571788.0,531240.0,1.6435897435897435,200.0,2200.0,2.035,1804.5,1040.0,223.2,0.0,51476.0,40668.0,1.9065171431197725,193.3,2199.865,1.015,17233.0,16960.0,2961.4,0.2,217144.0,190564.0,1.5804007820136852,200.0,2200.0,0.945,17249.0,2240.0,2458.0,0.4,571788.0,531112.0,1.6378205128205128,200.0,2199.9325,2.09,933.0,2400.0,180.3,0.0,51476.0,39816.0,1.961163709899807,200.0,2199.9325,1.01,18994.5,14480.0,2849.9,0.2,217120.0,191936.0,1.5728250244379276,200.0,2200.0,0.98,16347.0,3760.0,2390.7,0.4,574268.0,533156.0,1.6887820512820513,200.0,2200.0,2.09,866.0,2520.0,174.3,0.0,51476.0,40216.0,1.961163709899807,200.0,2199.865,0.99,19078.5,15960.0,3977.4,0.2,217096.0,192188.0,1.5415444770283482,200.0,2199.9325,1.025,15145.0,5160.0,1948.4,0.4,574268.0,533292.0,1.758653846153846,200.0,2199.9325,2.08,968.0,1640.0,254.9,0.0,51476.0,40672.0,1.9495358029230627,5.272386168588677,5.286306201362288,5.307146130034856,5.245681175094309,5.315425192126235,5.275423766643606,5.25760561182297,5.2640814555113,5.2168732553045025,5.190949892864043,5.1586253236052455,4.978391453626221,5.287673303313792
200.0,2200.0,1.025,16141.5,16840.0,2968.0,0.2,217284.0,190604.0,1.6267005721551175,200.0,2199.9325,0.8600000000000001,22941.5,2200.0,2899.1,0.4,577116.0,535824.0,1.4320841356836025,200.0,2199.9325,2.055,1771.5,1120.0,237.6,0.0,51476.0,40668.0,1.9447341955703161,200.0,2199.9325,1.015,16930.0,14680.0,2947.5,0.2,217280.0,190604.0,1.6107438016528923,200.0,2199.865,0.8400000000000001,24740.5,2520.0,3468.100000000001,0.4,577116.0,535692.0,1.411864908902385,200.0,2199.9325,2.1,1033.0,2400.0,213.1,0.0,51476.0,39816.0,1.990130271066726,193.3,2199.865,0.995,18116.5,15600.0,2809.9,0.2,217256.0,191976.0,1.5788302606484423,200.0,2199.9325,0.93,22615.0,3680.0,3387.8,0.4,578712.0,537076.0,1.526514590431047,200.0,2199.865,2.1,916.5,2440.0,180.4,0.0,51476.0,40216.0,1.990130271066726,193.8,2199.9325,0.975,19141.0,13640.0,3955.6,0.2,217232.0,192228.0,1.5474888747616018,200.0,2199.865,0.965,23763.5,5200.0,3094.9,0.4,877488.0,572512.0,1.5605836172418899,200.0,2200.0,2.1,1022.0,2080.0,245.9,0.0,51476.0,40672.0,1.990130271066726,5.228823608333263,5.240083853464478,5.27016036297647,5.182206394048286,5.323058137245212,5.307422201634091,5.300481817603407,4.9304484540273865,5.2341407374407165,4.896148124974469,4.932199880698635,5.157027796618097,4.8772091695123665
200.0,2200.0,0.995,16808.0,17760.0,2991.8,0.2,217436.0,190632.0,1.544529262086514,200.0,2199.9325,0.87,42603.5,2200.0,7761.6,0.6000000000000001,879196.0,834564.0,1.5286243011260734,193.3,2199.865,2.14,9420.0,1400.0,1406.2,0.1,133608.0,122864.0,1.8140302066772656,200.0,2200.0,0.985,17302.5,15560.0,3022.2,0.2,217424.0,190632.0,1.5292620865139948,200.0,2200.0,0.8300000000000001,48843.0,2200.0,8385.7,0.6000000000000001,878384.0,848024.0,1.4487754941333963,200.0,2199.9325,2.23,6005.5,2680.0,1327.1,0.1,140056.0,128336.0,1.9048887122416536,200.0,2199.865,0.98,17953.5,14520.0,2780.7,0.2,217400.0,192004.0,1.5213255785774868,200.0,2200.0,0.815,48796.0,3800.0,11161.9,0.6000000000000001,883724.0,852496.0,1.3795574454681472,200.0,2200.0,2.23,6050.0,3600.0,910.0,0.1,140056.0,128748.0,1.907392686804452,193.3,2200.0,0.97,19551.5,15080.0,4092.0,0.2,217376.0,192248.0,1.505452562704471,200.0,2199.865,0.8400000000000001,43370.5,5160.0,7788.3,0.6000000000000001,887292.0,855128.0,1.4397984093235692,200.0,2200.0,2.22,6005.5,2640.0,1541.3,0.1,140056.0,129204.0,1.8931240063593004,4.955158017932577,5.0893374095943615,4.957407068744863,5.076750128007458,5.089640714627803,4.984570344004517,4.9959527950258185,4.674912919789162,4.951148911964501,4.595605892353731,4.647089873388612,4.81761212329203,4.805273886894997
200.0,2199.9325,1.025,14910.0,17040.0,2751.7,0.2,217484.0,190640.0,1.5903636363636362,200.0,2199.9325,0.73,56257.0,2640.0,9103.9,0.6000000000000001,883724.0,852324.0,1.0013338414634143,193.3,2199.9325,1.975,8111.0,1080.0,1273.1,0.0,44884.0,34272.0,2.3132010943912453,200.0,2199.865,0.99,16942.5,14880.0,2876.2,0.2,217480.0,190640.0,1.535212121212121,200.0,2200.0,0.735,57924.5,2640.0,11999.6,0.6000000000000001,883724.0,852432.0,0.9969512195121952,200.0,2200.0,1.535,2607.5,2520.0,550.3,0.0,44680.0,28784.0,1.7945280437756497,193.8,2200.0,0.965,17906.0,13080.0,2795.1,0.2,217468.0,192008.0,1.4964848484848483,200.0,2199.9325,0.8049999999999999,55404.0,3960.0,13846.3,0.6000000000000001,888224.0,856268.0,1.1179496951219512,200.0,2199.9325,1.54,2597.0,2520.0,520.7,0.0,185944.0,29276.0,1.8003419972640218,200.0,2199.9325,0.955,19464.0,15320.0,3875.3,0.2,217432.0,192256.0,1.4813333333333334,200.0,2199.865,0.885,42871.5,5240.0,8192.5,0.6000000000000001,872596.0,840816.0,1.255049542682927,200.0,2199.865,1.5299999999999998,2837.0,2000.0,629.2,0.0,185944.0,28484.0,1.7887140902872776,4.53824629660723,4.548148812566941,4.600866594167793,4.599525006024514,4.611617071690136,4.597439870680816,4.642683654208851,5.428816839027243,4.634903282251104,5.165584575412336,5.134868342572204,4.551015634069282,4.732695664935259
200.0,2199.9325,1.025,12978.0,20000.0,2358.0,0.2,217764.0,190652.0,1.7147752192982455,200.0,2200.0,0.8300000000000001,37710.0,2280.0,5636.0999999999985,0.6000000000000001,883328.0,854020.0,1.3614557485525227,200.0,2199.9325,2.045,1895.0,1080.0,216.2,0.0,51428.0,40712.0,2.1226493824413044,200.0,2199.865,1.03,14377.0,19160.0,2625.6,0.2,217736.0,190652.0,1.7235471491228072,193.3,2200.0,0.8700000000000001,39264.5,2240.0,6092.8,0.7,1195796.0,885088.0,1.4044665012406952,200.0,2199.9325,2.1,1018.5,2320.0,206.9,0.0,78052.0,66540.0,2.18248581284077,200.0,2199.9325,0.995,15546.0,14680.0,2438.2,0.2,217696.0,192024.0,1.6659813596491229,193.8,2200.0,1.01,54669.5,5040.0,10283.3,0.8,1200952.0,1032732.0,1.6592224979321752,200.0,2199.9325,2.1,912.5,2400.0,181.2,0.0,78052.0,66952.0,2.18248581284077,200.0,2200.0,0.975,14678.0,12000.0,2960.2,0.2,217672.0,192276.0,1.6347313596491229,200.0,2199.9325,1.205,79777.5,3880.0,15310.8,0.8,1200952.0,1120996.0,1.84656741108354,200.0,2199.865,2.095,1049.5,2360.0,256.0,0.0,78052.0,67408.0,2.1766718593523984,5.3016088666398336,5.24873004489935,5.5301639562319025,5.603320424374473,5.637003978843548,5.526386584528887,5.467046353767411,5.3785748915966,5.2796468682261555,5.246191144153356,5.2500774266424575,5.117027638628575,5.391480124421703
200.0,2199.865,2.07,45525.5,16840.0,9014.7,0.5,661524.0,652648.0,1.9073159366262813,200.0,2200.0,1.445,37152.0,2520.0,8154.4,0.7999999999999999,1057352.0,1039284.0,1.6381694255111978,200.0,2199.9325,1.5,2804.5,1240.0,723.9,0.0,23840.0,16192.0,1.9244186046511629,200.0,2199.865,2.06,46347.5,18240.0,7699.3,0.5,661524.0,653176.0,1.897110904007456,200.0,2199.9325,1.425,38026.0,2560.0,9668.4,0.7999999999999999,1057352.0,1039416.0,1.6116520610191496,200.0,2199.865,1.505,1991.5,2360.0,760.2,0.0,23840.0,16188.0,1.92639782285997,200.0,2199.9325,2.135,49233.0,18120.0,8278.0,0.5,661524.0,653436.0,1.9421919543870765,200.0,2200.0,1.515,33294.0,3800.0,8915.4,0.7999999999999999,1057356.0,1039744.0,1.72317429406037,193.8,2200.0,1.5299999999999998,1721.5,2440.0,602.2,0.0,23840.0,16188.0,1.9593023255813955,200.0,2200.0,2.055,47857.5,15080.0,9187.6,0.5,661524.0,652648.0,1.890354147250699,200.0,2200.0,1.555,30192.5,5080.0,7434.6,0.7999999999999999,1057352.0,1039744.0,1.7678026614735476,193.8,2199.9325,1.5299999999999998,1778.0,2560.0,928.9,0.0,23840.0,16192.0,1.9593023255813955,5.631769863376948,5.735990442905463,5.651703655666712,5.662073788807343,5.656259907352292,5.660497195487887,5.668484189284243,5.653153254239416,5.646358938320151,5.6402726988744725,5.621814029829074,5.61391037587475,5.512952577604934
200.0,2199.9325,1.775,51772.5,20760.0,10501.1,0.6,691228.0,681324.0,1.6356950370536718,193.8,2199.9325,1.56,28476.0,2040.0,6190.2,0.7999999999999999,1057484.0,1039812.0,1.73756109788194,193.8,2199.9325,1.475,3359.5,1880.0,850.4000000000002,0.0,23984.0,16364.0,1.8953488372093024,200.0,2199.9325,1.785,53115.5,20200.0,9518.5,0.6,691228.0,682712.0,1.6473164158993938,193.8,2199.9325,1.59,25035.5,1800.0,5249.3,0.7999999999999999,1057484.0,1039680.0,1.7672640681789695,200.0,2199.865,1.52,1944.0,1960.0,765.3,0.0,23984.0,16360.0,1.9476744186046508,193.8,2199.865,1.795,53846.0,8520.0,8971.8,0.6,691228.0,683164.0,1.6585442049359576,200.0,2200.0,1.735,6982.5,4240.0,1669.8,0.7999999999999999,1057484.0,1039744.0,1.9439152776037096,200.0,2199.9325,1.5299999999999998,1737.0,2640.0,587.7,0.0,23984.0,16360.0,1.9593023255813955,200.0,2199.865,1.81,54872.0,16480.0,11129.4,0.6,691228.0,681704.0,1.6644397035706264,200.0,2199.865,1.755,8030.5,4520.0,2001.7,0.7999999999999999,1057480.0,1039744.0,1.962338638927184,200.0,2199.9325,1.5,1755.5,2200.0,920.5,0.0,23984.0,16364.0,1.9244186046511629,5.636506418272316,5.3682395614661305,5.704614220853008,5.67742654176995,5.726680231228416,5.767949556670043,5.759579575356216,5.750544024934478,5.768308407196045,5.7393723592618695,5.734067781969857,5.71089255263183,5.617045297893951
193.8,2199.9325,1.775,51511.5,17600.0,9884.7,0.6,691228.0,682376.0,1.6312031119755488,200.0,2200.0,1.395,33721.5,2600.0,7441.7,0.7999999999999999,1057516.0,1039812.0,1.5234431137724551,200.0,2199.9325,1.465,3567.5,1040.0,909.2,0.0,23984.0,16364.0,1.8837209302325584,200.0,2199.9325,1.785,52627.5,19680.0,8883.6,0.6,691228.0,682968.0,1.6427896637954986,200.0,2199.9325,1.425,32816.5,2560.0,7860.5,0.7999999999999999,1057516.0,1039680.0,1.5494910179640717,200.0,2200.0,1.505,1887.5,2280.0,763.7,0.0,23984.0,16360.0,1.930232558139535,200.0,2199.865,1.805,53707.5,14240.0,9307.6,0.6,691228.0,683164.0,1.6563489858293972,200.0,2199.9325,1.75,9247.5,2800.0,2035.8,0.7999999999999999,1057536.0,1039744.0,1.9110479041916169,200.0,2200.0,1.5299999999999998,1725.5,2640.0,596.1,0.0,23984.0,16360.0,1.9593023255813955,200.0,2199.9325,1.83,55605.0,12840.0,10454.4,0.6,691228.0,682492.0,1.67329813837177,200.0,2199.865,1.715,6896.5,5240.0,1749.9,0.7999999999999999,1057532.0,1039744.0,1.8681437125748503,193.8,2199.9325,1.52,1799.5,2280.0,927.1,0.0,23984.0,16364.0,1.9476744186046508,5.6295217657104075,5.342525860797642,5.693358489798903,5.695025017823851,5.704903359832661,5.718057104324664,5.729006512265839,5.692094849646715,5.6815088323811125,5.671585194191903,5.650234728388425,5.6149092921373445,5.518143685030727
200.0,2199.865,1.84,53910.5,19800.0,10472.5,0.6,691228.0,682376.0,1.6896915809947206,200.0,2200.0,1.725,12644.5,2560.0,2935.2,0.7999999999999999,1057532.0,1039812.0,1.7812449820692609,200.0,2199.9325,1.485,2906.0,1160.0,759.8,0.0,23984.0,16364.0,1.9069767441860463,200.0,2199.865,1.82,54495.5,18920.0,9363.7,0.6,691228.0,682968.0,1.66171158655182,200.0,2200.0,1.77,16914.5,2560.0,3453.7000000000007,0.7999999999999999,1057532.0,1039680.0,1.8212278541990043,200.0,2200.0,1.52,1972.5,2080.0,766.9000000000002,0.0,23984.0,16360.0,1.9489526636978396,200.0,2199.9325,1.84,55068.5,17760.0,8845.8,0.6,691228.0,683164.0,1.7063460330153652,200.0,2200.0,1.795,29008.5,3760.0,6040.6,0.7999999999999999,1057536.0,1039744.0,1.8335652732430552,200.0,2199.9325,1.5299999999999998,1716.0,2520.0,591.6,0.0,23984.0,16360.0,1.9593023255813955,200.0,2199.865,1.79,53630.5,11680.0,10549.8,0.6,691228.0,682492.0,1.6413726035009724,200.0,2199.9325,1.665,28464.0,5120.0,6675.3,0.7999999999999999,1057532.0,1039744.0,1.7178183375260931,200.0,2199.9325,1.51,1747.5,2480.0,889.3,0.0,23984.0,16364.0,1.9360465116279069,5.207540030208342,5.348101816189999,5.411441596322613,5.425779904365811,5.432153724235414,5.422662386091392,5.44790399948797,5.437262009306519,5.445920017964528,5.434998341766884,5.410417812301733,5.3735968161487255,5.2668485191473815
200.0,2199.865,1.805,52234.5,20240.0,9639.5,0.6,691228.0,682376.0,1.6772433883589422,200.0,2200.0,1.4500000000000002,37621.5,2520.0,8288.9,0.7999999999999999,1057532.0,1039812.0,1.6532237098661122,200.0,2199.9325,1.485,2906.0,1160.0,759.8,0.0,23984.0,16364.0,1.912280701754386,200.0,2199.9325,1.8,52635.0,16240.0,8576.1,0.6,691228.0,682968.0,1.673759067801451,200.0,2199.9325,1.395,38196.5,2640.0,10050.3,0.7999999999999999,1057532.0,1039680.0,1.5894969452749252,200.0,2200.0,1.52,1972.5,2080.0,766.9000000000002,0.0,23984.0,16360.0,1.954460619634192,200.0,2199.865,1.79,54524.5,8640.0,10520.3,0.6,691228.0,683164.0,1.6715028274404524,200.0,2200.0,1.7,13563.5,3240.0,2661.0,0.7999999999999999,1057536.0,1039744.0,1.9235343819056283,200.0,2199.9325,1.5299999999999998,1716.0,2520.0,591.6,0.0,23984.0,16360.0,1.9649122807017545,200.0,2200.0,1.845,55983.5,16880.0,10183.5,0.6,691228.0,682492.0,1.7051179528188722,193.8,2200.0,1.69,5939.0,5040.0,1465.4,0.7999999999999999,1057532.0,1039744.0,1.9183998440140388,200.0,2199.9325,1.51,1747.5,2480.0,889.3,0.0,23984.0,16364.0,1.9415204678362572,5.2129799866886914,5.266166139468531,5.417051551442971,5.431355859758169,5.437729679627771,5.428238341483748,5.453547954336331,5.442871964426877,5.451529973084887,5.440574297159243,5.415959767966088,5.37917277154108,5.27242447453974
200.0,2199.865,1.795,52787.5,19960.0,10035.0,0.6,691228.0,682376.0,1.66210354346234,200.0,2199.9325,1.625,19560.0,1960.0,4246.5,0.7999999999999999,1057532.0,1039812.0,1.6702922817263643,200.0,2199.9325,1.495,2923.5,1160.0,751.4,0.0,23984.0,16364.0,1.9294117647058824,200.0,2199.9325,1.825,54627.0,20000.0,9086.7,0.6,691228.0,682968.0,1.697002985747282,200.0,2199.9325,1.7,15071.0,2880.0,2826.8,0.7999999999999999,1057532.0,1039680.0,1.75170787901519,200.0,2199.9325,1.52,1951.0,2440.0,776.3,0.0,23984.0,16360.0,1.9588235294117649,193.8,2199.9325,1.815,55708.0,17400.0,9124.9,0.6,691228.0,683164.0,1.6817406143344709,200.0,2199.9325,1.79,21486.5,4000.0,4261.3,0.7999999999999999,1057536.0,1039744.0,1.8303104991025263,193.8,2200.0,1.5299999999999998,1711.5,2480.0,557.1,0.0,23984.0,16360.0,1.9717980809345013,200.0,2199.9325,1.79,54618.0,21120.0,10115.6,0.6,691228.0,682492.0,1.6539068221508648,200.0,2199.865,1.81,26049.5,5160.0,5614.2,0.7999999999999999,1057532.0,1039744.0,1.842473276716586,200.0,2200.0,1.525,1785.5,2400.0,909.6,0.0,23984.0,16364.0,1.9647058823529413,5.312334220888089,5.6755242339578444,5.347390725073296,5.411261504815013,5.387757629054394,5.415207791462847,5.378478771067684,5.417019395501656,5.384043700962256,5.370787964037102,5.367544208271237,5.293066635159064,5.2242921281551435
200.0,2199.9325,1.82,55628.5,17400.0,10681.0,0.6,691228.0,682376.0,1.6949943117178612,200.0,2199.9325,1.7399999999999998,30398.0,2480.0,6770.4,0.7999999999999999,1057532.0,1039812.0,1.9991530017617565,200.0,2200.0,1.465,3408.0,1520.0,891.2,0.0,23984.0,16364.0,1.8837209302325584,200.0,2200.0,1.805,55831.5,16840.0,9362.8,0.6,691228.0,682968.0,1.674914675767918,200.0,2199.9325,1.745,32266.0,2760.0,5962.5,0.7999999999999999,1057532.0,1039680.0,2.00132131725166,200.0,2200.0,1.51,1981.0,1960.0,773.5999999999998,0.0,23984.0,16360.0,1.9360465116279069,193.8,2199.9325,1.84,54893.5,17880.0,9382.0,0.6,691228.0,683164.0,1.699099099099099,200.0,2200.0,1.5699999999999998,28575.5,3800.0,6952.7,0.7999999999999999,1057536.0,1039744.0,1.818301937931969,200.0,2200.0,1.5299999999999998,1738.0,2440.0,586.5999999999998,0.0,23984.0,16360.0,1.9593023255813955,200.0,2200.0,1.83,57437.0,15360.0,10656.1,0.6,691228.0,682492.0,1.6919795221843,200.0,2200.0,1.745,11293.5,5200.0,2311.9,0.7999999999999999,1057532.0,1039744.0,2.0212765957446805,200.0,2199.865,1.485,1705.0,2240.0,914.8,0.0,23984.0,16364.0,1.9069767441860463,5.608876662962066,5.247889131082153,5.6411886182347795,5.756553613321012,5.777757542439359,5.841332729061834,5.7855124757679475,5.776926724091103,5.746239846087383,5.723495762081343,5.695459805875427,5.655865507382628,5.561513436221112
200.0,2200.0,1.815,54055.5,20480.0,10722.5,0.6,691228.0,682376.0,1.6679355376493472,200.0,2200.0,1.625,12144.5,2400.0,2782.0,0.7999999999999999,1057532.0,1039812.0,1.8388924870466319,200.0,2200.0,1.495,2877.0,1360.0,759.6,0.0,23984.0,16364.0,1.9186046511627908,200.0,2200.0,1.7950000000000002,53982.5,19080.0,9573.5,0.6,691228.0,682968.0,1.6447624340094469,200.0,2199.9325,1.685,19276.5,2560.0,3902.3,0.7999999999999999,1057532.0,1039680.0,1.897862694300518,200.0,2199.9325,1.51,2004.0,2240.0,779.2,0.0,23984.0,16360.0,1.9360465116279069,200.0,2199.865,1.815,53910.0,14280.0,10381.6,0.6,691228.0,683164.0,1.6851809632373898,200.0,2199.865,1.49,32841.0,3760.0,9050.0,0.7999999999999999,1057536.0,1039744.0,1.6936528497409324,200.0,2199.9325,1.5299999999999998,1730.5,2680.0,590.8,0.0,23984.0,16360.0,1.9593023255813955,200.0,2199.865,1.785,54319.0,12920.0,10839.2,0.6,691228.0,682492.0,1.6331758821894968,200.0,2199.9325,1.715,14703.5,4680.0,3063.4,0.7999999999999999,1057532.0,1039744.0,1.9407059585492223,193.8,2199.9325,1.51,1769.0,2320.0,942.2,0.0,23984.0,16364.0,1.9360465116279069,5.567233621430334,5.647537959800733,5.6543173219387475,5.811054810004317,5.786711832915253,5.814506351553064,5.780131491965242,5.746750401073606,5.707630534750997,5.69310267942517,5.7211909839182535,5.613972499946714,5.493446772485081
200.0,2199.865,2.465,47017.5,18560.0,9181.2,0.2,271452.0,251808.0,1.8212088757071456,200.0,2200.0,1.325,37067.0,2600.0,6742.1,1.4,1737080.0,1719272.0,1.7854011273700392,200.0,2199.9325,1.92,1561.0,1280.0,610.9,0.0,21824.0,7644.0,1.94921875,200.0,2200.0,2.38,47314.5,22080.0,9786.4,0.2,271452.0,252076.0,1.771505376344086,200.0,2199.9325,1.085,45036.0,2440.0,10026.2,1.4,1737080.0,1719208.0,1.4060861423220974,200.0,2200.0,1.905,875.5,1920.0,315.6,0.0,21824.0,7648.0,1.9306509920799184,193.8,2199.865,2.4450000000000003,48136.5,13360.0,9474.9,0.2,271452.0,251812.0,1.8063519525457243,200.0,2199.865,1.27,43171.5,4600.0,10251.1,1.4,1737080.0,1719432.0,1.7400216363946934,200.0,2199.9325,1.965,518.5,1400.0,119.3,0.0,21824.0,7644.0,1.98118905141844,187.1,2199.9325,2.46,48442.5,14200.0,9321.4,0.2,271452.0,251812.0,1.8172406217388917,200.0,2200.0,1.21,41463.5,5000.0,10714.1,1.4,1737080.0,1719312.0,1.6778454705915844,200.0,2199.9325,1.965,642.0,1760.0,51.5,0.0,21824.0,7640.0,1.984375,5.6538918342965125,5.603278121588208,5.658760409208193,5.610136431965772,5.71482852742478,5.693475264340678,5.4671097970125695,5.401811128389782,5.658542544661407,5.754571166776552,5.497873146607044,5.7240812603840885,4.7149446113090825
200.0,2199.865,2.37,46076.5,17960.0,9123.2,0.2,272180.0,252864.0,1.741881787916826,200.0,2199.865,1.15,61967.5,1840.0,11333.2,1.4,1737080.0,1719272.0,1.412105361479544,193.8,2200.0,1.92,1517.5,1120.0,590.7,0.0,21824.0,7644.0,1.94921875,200.0,2199.9325,2.5,47057.0,20760.0,10143.7,0.2,272180.0,252868.0,1.873082562598692,200.0,2199.9325,1.095,56745.5,3920.0,11136.9,1.4,1737080.0,1719208.0,1.4700000000000002,200.0,2199.9325,1.895,898.5,2120.0,329.1,0.0,21824.0,7648.0,1.930162703379224,200.0,2199.865,2.4000000000000004,48535.0,14680.0,9562.2,0.2,272180.0,252868.0,1.7635485455438522,200.0,2199.9325,1.265,36632.5,3760.0,6554.5,1.4,1737080.0,1719432.0,1.5573510181206798,200.0,2199.865,1.965,507.0,1280.0,107.1,0.0,21824.0,7644.0,1.984375,200.0,2200.0,2.395,50116.0,14640.0,9547.7,0.2,272180.0,252868.0,1.7562080445341919,200.0,2200.0,1.275,25197.0,5280.0,5069.299999999998,1.4,1737080.0,1719312.0,1.598636278722212,200.0,2199.9325,1.965,619.5,1760.0,37.0,0.0,21824.0,7640.0,1.984375,5.461033627054698,5.4133425904127686,5.424098953153899,5.35601536336824,5.5615243873427245,5.641106077973522,5.930016413110068,5.326246920940261,5.592185450057242,5.516676198225284,6.030619658719624,5.744718812626583,5.208650359914234
200.0,2199.865,2.4400000000000004,46464.5,20760.0,8743.6,0.2,272180.0,253128.0,1.7896949152542374,200.0,2199.9325,1.335,56236.0,1840.0,9847.9,1.4,1737080.0,1719272.0,1.793132530120482,200.0,2199.9325,1.925,1478.0,1120.0,583.1,0.0,21824.0,7644.0,1.964426877470356,200.0,2199.865,2.45,47542.5,20600.0,8761.1,0.2,272180.0,253132.0,1.7706059167853188,193.3,2199.865,1.19,38056.0,2160.0,8210.4,1.4,1737080.0,1719208.0,1.7863469863469863,200.0,2200.0,1.9,876.5,2240.0,315.2999999999999,0.0,21824.0,7648.0,1.9340842720066749,200.0,2200.0,2.475,47733.5,16920.0,9141.1,0.2,272180.0,253132.0,1.8176949152542368,200.0,2199.9325,1.25,36873.0,3200.0,8244.2,1.4,1737080.0,1719432.0,1.7645180722891567,200.0,2200.0,1.955,546.5,1480.0,107.6,0.0,21824.0,7644.0,1.9881422924901184,200.0,2199.9325,2.465,49509.0,14800.0,9153.0,0.2,272180.0,253132.0,1.807254237288136,200.0,2199.9325,1.28,27435.5,5480.0,5491.1,1.4,1737080.0,1719312.0,1.8086144578313248,200.0,2199.9325,1.93,706.0,1840.0,35.7,0.0,21824.0,7892.0,1.980860972285325,5.286412646640338,5.095670890334764,5.2292998646854505,5.199062478217158,5.342666419357637,5.372476786941325,5.920246268022237,5.69806779069464,5.570252052351897,5.909033378306261,5.936995996270023,5.620997081506529,5.177529774313535
200.0,2200.0,2.4400000000000004,47970.5,18160.0,9670.2,0.2,272180.0,253392.0,1.861037097765936,200.0,2199.9325,1.305,37778.0,2640.0,7042.5,1.4,1737080.0,1719272.0,1.8732177802627896,200.0,2200.0,1.86,1862.5,1040.0,571.3,0.0,21824.0,7896.0,1.9321790564791683,200.0,2199.9325,2.475,46919.5,24640.0,9478.0,0.2,272180.0,253396.0,1.848024615038777,200.0,2199.9325,1.185,47891.5,2680.0,9500.2,1.4,1737080.0,1719208.0,1.6306017925736236,193.8,2200.0,1.9,897.0,2000.0,335.4,0.0,21824.0,7648.0,1.945288753799392,200.0,2199.9325,2.43,48621.5,17000.0,9976.4,0.2,272180.0,253396.0,1.8562205369952858,200.0,2199.865,1.035,43633.0,3520.0,9831.9,1.4,1737080.0,1719432.0,1.460162147050601,200.0,2199.865,1.925,631.5,1640.0,112.8,0.0,21824.0,7896.0,1.9878542510121455,200.0,2199.865,2.44,51181.0,14040.0,9822.3,0.2,272180.0,253396.0,1.8588850174216027,200.0,2199.865,1.17,32024.5,5200.0,7057.5,1.4,1737080.0,1719312.0,1.6237070170533967,200.0,2199.9325,1.895,877.0,1880.0,39.0,0.0,21824.0,7892.0,1.967479674796748,5.2445141475136134,5.078159166377735,5.12528660051442,5.107286561686452,5.248490800326186,5.328490784988607,5.83218899794472,5.6341369458745625,5.409045809980594,5.752456434480648,5.900465309492425,5.420121489023741,5.108397359662784
200.0,2199.865,2.45,52067.0,18000.0,9353.3,0.2,272452.0,253920.0,1.8375311100049776,200.0,2199.865,1.08,21834.0,4200.0,3635.6,1.4,1737080.0,1719272.0,1.5682480569948187,200.0,2200.0,1.75,2928.0,1040.0,607.5,0.0,21824.0,7896.0,1.8980802152115432,200.0,2199.865,2.425,47798.5,20560.0,9539.0,0.2,272452.0,253924.0,1.7755102040816326,200.0,2200.0,1.16,36821.5,2000.0,6575.1,1.4,1737080.0,1719208.0,1.4869545139690603,200.0,2200.0,1.85,1060.5,2120.0,325.6,0.0,21824.0,7900.0,1.9523020475795956,200.0,2199.9325,2.4,51622.5,14560.0,9430.6,0.2,272452.0,253924.0,1.8008959681433547,200.0,2199.9325,1.035,46533.5,3280.0,10820.9,1.4,1737080.0,1719432.0,1.4276230569948187,200.0,2199.9325,1.835,913.5,1280.0,175.2,0.0,21824.0,7896.0,1.9741379310344829,200.0,2200.0,2.385,49215.0,8600.0,8652.0,0.2,272452.0,253924.0,1.7880537580886011,200.0,2200.0,1.01,41713.0,5080.0,10482.0,1.4,1737080.0,1719312.0,1.4226036269430051,200.0,2199.9325,1.805,1188.0,1760.0,24.6,0.0,21824.0,7892.0,1.9523809523809528,5.397582648748951,5.2283710985827625,5.2640888841687845,5.086179729345799,5.219718803283388,5.332510794820998,5.694222226319857,5.675190242763772,5.3769999528213335,5.788016527567066,5.759395774957348,5.470954759066687,5.136635667468842
200.0,2199.9325,2.425,47530.5,20960.0,8397.3,0.2,272452.0,254184.0,1.7445003142677562,200.0,2200.0,1.16,47046.5,2720.0,7629.4,1.4,1737080.0,1719272.0,1.3592426507224713,200.0,2199.9325,1.765,2506.0,1080.0,598.8000000000002,0.0,21824.0,7896.0,1.923038805785252,193.3,2199.9325,2.48,47308.0,13760.0,9976.4,0.2,272452.0,254188.0,1.8286575342465752,200.0,2199.9325,0.945,51655.5,2480.0,10582.4,1.4,1737080.0,1719208.0,1.2711904761904762,200.0,2200.0,1.775,1287.0,1960.0,361.8,0.0,21824.0,7900.0,1.9317724302394004,200.0,2199.9325,2.45,50207.5,16760.0,8930.5,0.2,272452.0,254188.0,1.761392206159648,200.0,2199.9325,1.125,25720.0,2600.0,4949.4,1.4,1737080.0,1719432.0,1.4645170474766889,200.0,2199.9325,1.81,982.0,1640.0,125.0,0.0,21824.0,7896.0,1.965065502183406,200.0,2199.9325,2.47,51230.5,16120.0,8973.0,0.2,272452.0,254188.0,1.7754033102870312,200.0,2199.9325,1.125,23943.5,5040.0,5256.7,1.4,1737080.0,1719312.0,1.49868318029753,200.0,2200.0,1.775,1200.0,1760.0,39.6,0.0,21824.0,7892.0,1.9264069264069263,5.343427599043882,5.453576621233587,5.6204780989288885,5.628808859339986,5.726499972385503,5.733823938275191,5.359885995103044,5.271760565900778,5.748423928016683,5.389656651088396,5.446515145002442,5.898960913052063,4.8468402358488385
200.0,2199.865,2.04,4832.0,17320.0,552.1,0.2,322020.0,299684.0,1.9238683127572016,93.8,2199.865,1.245,21242.0,2040.0,5055.4,0.2,397020.0,216864.0,1.656934865900383,200.0,2199.865,1.2999999999999998,1720.5,1360.0,621.5,0.0,26204.0,12204.0,1.937007874015748,200.0,2199.9325,2.01,6225.0,12920.0,593.6,0.2,321748.0,299416.0,1.8948559670781893,100.0,2199.9325,1.295,21127.5,1960.0,4598.7,0.2,396932.0,216916.0,1.8293486590038317,193.8,2199.9325,1.325,810.0,1480.0,82.1,0.0,26204.0,12200.0,1.9755961355894345,200.0,2200.0,1.93,6986.5,13600.0,856.2,0.2,321748.0,299416.0,1.8246913580246915,100.0,2200.0,1.275,20187.0,1920.0,4675.200000000002,0.2,397772.0,217636.0,1.6836015325670501,200.0,2200.0,1.325,658.5,1960.0,495.9,0.0,26204.0,12200.0,1.9755961355894345,200.0,2200.0,1.98,6460.0,13200.0,692.1,0.2,320164.0,297836.0,1.8328861126996,100.0,2199.865,1.285,19178.5,1360.0,4715.6,0.2,396792.0,216776.0,1.7329292929292928,200.0,2200.0,1.33,601.0,2120.0,398.7,0.0,26204.0,12204.0,1.9912191827085444,5.6249889783330165,5.508992042249663,5.348486198467807,5.342508397228051,5.308829427006894,5.413923201382551,5.236927294691356,5.1924134994474525,5.16496214132763,5.172956092648606,5.135784002670229,5.000946854401481,4.45060028809248
193.8,2199.9325,1.825,9562.0,16080.0,1253.5,0.2,374752.0,353548.0,1.8131748251748252,200.0,2200.0,2.395,23573.5,2520.0,5429.4,0.2,308992.0,281624.0,1.8472562358276643,200.0,2199.9325,1.35,1803.5,1160.0,672.3000000000002,0.0,27852.0,13832.0,1.9772727272727275,200.0,2199.865,1.75,10772.5,15400.0,1125.4,0.2,374096.0,353016.0,1.741202797202797,200.0,2199.9325,2.38,23573.0,2800.0,4936.9,0.2,308216.0,281092.0,1.8360090702947849,200.0,2199.9325,1.37,968.0,1760.0,124.1,0.0,27852.0,13832.0,2.0070921985815597,200.0,2199.865,1.65,12604.5,14840.0,1502.1999999999996,0.2,373352.0,352224.0,1.6402517482517482,200.0,2199.865,2.475,22197.5,5000.0,5114.3,0.2,308084.0,281096.0,1.9068934240362811,200.0,2199.9325,1.37,813.5,1880.0,478.4,0.0,27852.0,13828.0,2.0070921985815597,200.0,2199.9325,1.705,12511.0,14240.0,1324.1999999999996,0.2,371144.0,349588.0,1.6636641554754887,200.0,2199.9325,2.505,20727.0,4960.0,5296.0,0.2,308216.0,280836.0,1.9152870991797168,200.0,2200.0,1.39,773.0,1800.0,472.8,0.0,27852.0,13832.0,2.0452601375128583,5.583184860728093,5.458212506844727,5.441800347575423,5.433210250067394,5.401353302556951,5.454804549722483,5.416338772338772,5.338270745127888,5.3437425748854315,5.353806288949146,5.509399996828568,5.353624121909837,5.007271782200835
200.0,2199.865,2.13,1723.0,8720.0,229.6,0.2,405908.0,385068.0,1.6195484203296704,200.0,2200.0,2.395,23924.5,2760.0,5405.8,0.2,308084.0,281892.0,1.8349291573452648,200.0,2199.865,1.31,1665.5,1080.0,615.6999999999998,0.0,27852.0,13832.0,1.9453125,200.0,2199.865,1.755,2574.0,12920.0,373.4,0.2,404396.0,383480.0,1.3409312042124542,200.0,2199.9325,2.41,23884.5,2720.0,4985.8,0.2,308992.0,282672.0,1.8449962714392243,200.0,2199.9325,1.33,855.0,1400.0,76.9,0.0,27852.0,13832.0,1.97584219858156,200.0,2200.0,1.725,2771.0,11680.0,423.7000000000001,0.2,401032.0,380048.0,1.3177369505494507,200.0,2200.0,2.495,22242.5,4080.0,5114.0,0.2,308992.0,282940.0,1.9074869500372855,200.0,2200.0,1.33,663.5,1640.0,462.1,0.0,27852.0,13828.0,1.9765625,200.0,2199.9325,1.845,2437.5,10080.0,403.5,0.2,392596.0,371604.0,1.4457297088876035,193.8,2200.0,2.535,20727.0,4800.0,5149.299999999998,0.2,308992.0,282944.0,1.93,200.0,2200.0,1.34,562.0,1720.0,347.9,0.0,27852.0,13832.0,1.99146719858156,5.251904188492236,5.342377045159095,5.202682525221103,5.222589992503583,5.20200542557137,5.124182875248217,5.08149718852992,5.115060485340344,5.11787181099275,5.087949544631135,5.1015091209046295,5.025092928468076,4.746995593952831
200.0,2199.865,1.295,5777.5,16520.0,894.9000000000002,0.5,697112.0,688056.0,1.8805194805194807,193.3,2199.9325,1.475,9337.0,3680.0,1757.5,0.4,517120.0,490736.0,1.7314705882352939,200.0,2199.9325,2.155,973.5,680.0,45.3,0.0,26884.0,9868.0,1.9564400337837842,193.8,2199.9325,1.295,5977.5,13960.0,1017.6,0.5,697116.0,688320.0,1.8768398268398268,200.0,2200.0,1.5,8917.0,2520.0,1341.5,0.4,513016.0,488168.0,1.8733333333333333,200.0,2200.0,2.095,821.5,1560.0,51.2,0.0,26884.0,9868.0,1.9080658783783784,200.0,2200.0,1.275,6341.0,13040.0,735.4000000000002,0.5,697112.0,688644.0,1.8490259740259745,200.0,2199.865,1.48,11815.0,2360.0,1849.4,0.4,550376.0,528564.0,1.82,200.0,2199.9325,2.165,342.0,1200.0,15.2,0.0,26884.0,9868.0,1.9642525337837835,200.0,2199.9325,1.255,6881.5,12160.0,826.6,0.5,697112.0,687792.0,1.817532467532468,200.0,2199.865,1.48,10513.5,3800.0,1647.0,0.4,552624.0,531460.0,1.8133333333333332,200.0,2199.9325,2.175,495.0,1320.0,17.5,0.0,26884.0,9860.0,1.9720650337837835,5.706140944251336,5.523792746526301,5.586982084761593,5.486021943948512,5.4595291880623735,5.6274775329408655,5.56896081375319,5.7461024210897005,5.6460257096618855,5.500651442405314,5.534608581003996,5.569381152284165,5.44786022872534
200.0,2199.865,0.96,12548.0,18680.0,2176.5,0.6,727616.0,718668.0,1.5996110030564048,200.0,2200.0,1.49,17942.0,2440.0,3234.1,0.6,928528.0,907080.0,2.385708240130585,200.0,2199.9325,2.115,1375.0,880.0,36.5,0.0,27224.0,10488.0,1.9384615384615385,200.0,2199.9325,0.955,12255.5,16800.0,2179.4,0.6,727620.0,719036.0,1.5908585718255073,200.0,2199.9325,1.52,21526.0,2680.0,3243.9,0.6,857648.0,835788.0,1.7872593553969285,200.0,2199.9325,2.05,1185.0,1360.0,37.1,0.0,27224.0,10488.0,1.883400809716599,200.0,2199.9325,0.96,13016.5,13480.0,2061.5,0.6,727616.0,719228.0,1.5990552931369826,200.0,2199.9325,1.4700000000000002,16474.0,5160.0,2371.8,0.6,879408.0,857684.0,1.7102530824140172,200.0,2199.865,2.155,475.0,1320.0,15.9,0.0,27224.0,10488.0,1.9757085020242915,200.0,2199.9325,0.935,13722.5,13920.0,2081.4,0.6,727616.0,718352.0,1.5575159766601834,200.0,2199.9325,1.44,16259.0,3400.0,2650.4,0.7,896572.0,875216.0,1.6576898118105128,200.0,2199.865,2.16,656.5,1200.0,13.5,0.0,27224.0,10480.0,1.9809716599190283,5.373123441851946,5.4782457252096615,5.1401025196423324,5.1588284562379405,5.703391176085709,5.718052847650663,5.348982576370116,5.3141453355004975,5.275716446901828,5.170094290518041,5.231546109610723,5.065436356669626,5.129891760323572
193.8,2200.0,0.965,12900.0,18640.0,2170.5,0.6,727616.0,718668.0,1.5882671724698552,200.0,2199.9325,1.065,11650.0,2680.0,1956.3,0.7999999999999999,988548.0,967176.0,1.0355164626173776,200.0,2199.9325,2.025,1065.5,1080.0,28.1,0.0,27224.0,10488.0,1.9693242586290716,200.0,2199.9325,0.96,12953.0,15360.0,2325.5,0.6,727620.0,719036.0,1.5800027096599378,200.0,2199.865,1.4300000000000002,17986.0,2720.0,2506.0,0.6,929988.0,908532.0,2.36947682298726,200.0,2199.9325,1.985,1209.0,720.0,30.1,0.0,27224.0,10488.0,1.9397666504618372,200.0,2199.865,0.955,13309.0,17800.0,2093.4,0.6,727616.0,719228.0,1.5717382468500205,200.0,2199.9325,1.25,10605.0,4080.0,1778.1,0.7999999999999999,955068.0,933604.0,2.058484684196259,200.0,2199.9325,2.065,439.0,1160.0,13.9,0.0,27224.0,10488.0,2.012882839086048,200.0,2199.9325,0.94,13888.0,14080.0,2068.5,0.6,727616.0,718352.0,1.5470125999187103,200.0,2199.9325,1.405,9506.0,2000.0,1617.9,0.7999999999999999,956428.0,935300.0,2.307806993765248,200.0,2199.9325,2.055,634.5,960.0,7.4,0.0,27224.0,10480.0,2.0028682547399126,5.602053119074896,5.14961859761621,5.135301940499203,5.217084602091735,5.08579410713921,5.407510003044803,5.180822713675688,5.359044827919663,5.316525087612089,5.254815282953128,5.054335342745965,5.304733008484659,4.847639617846318
200.0,2199.865,0.975,12174.5,18440.0,2094.8,0.6,727616.0,718668.0,1.5736403851157947,200.0,2199.9325,1.355,16597.5,2520.0,2361.9,0.7,923200.0,901636.0,1.5147832024581769,200.0,2200.0,2.02,2358.5,1080.0,52.5,0.0,27224.0,10488.0,1.8629646215853115,200.0,2199.865,0.975,12233.0,15960.0,2140.7,0.6,727620.0,719036.0,1.5733801717408276,200.0,2200.0,1.365,16080.5,2320.0,3602.6,0.7,923236.0,901760.0,1.5700458105512043,200.0,2199.9325,2.05,1834.5,1480.0,62.1,0.0,27224.0,10488.0,1.892521271831617,200.0,2199.865,0.965,12528.5,15720.0,1933.9,0.6,727616.0,719228.0,1.5575071558678115,200.0,2199.865,1.54,3898.5,3960.0,542.1,0.7,944556.0,923416.0,1.813654499778336,200.0,2199.9325,2.13,944.5,1520.0,35.5,0.0,27224.0,10488.0,1.9653679653679648,200.0,2199.865,0.945,13921.5,15360.0,2107.6,0.6,727616.0,718352.0,1.52576112412178,193.3,2199.9325,1.915,1920.5,4800.0,349.0,0.7,958896.0,938136.0,2.360795034727353,200.0,2199.865,2.09,1460.0,1320.0,19.0,0.0,27224.0,10480.0,1.9277504105090315,5.394077101975324,5.3966824352385965,5.362648549584022,5.300223710055733,5.249200215793949,5.419862065325714,5.3400765239085475,5.364318798874961,5.339031755487879,5.323225348849126,5.233188182365034,5.249172643277121,5.02363068374142
193.8,2199.865,0.955,12876.5,14480.0,2241.6,0.6,727616.0,718668.0,1.561,193.3,2199.865,1.4500000000000002,9310.0,2400.0,1559.0,0.7,928096.0,906908.0,1.6983457433151157,200.0,2199.9325,2.065,2069.0,1120.0,44.4,0.0,27224.0,10488.0,2.249767630998025,200.0,2199.9325,0.965,12728.5,16560.0,2226.7,0.6,727620.0,719036.0,1.5773333333333333,200.0,2200.0,1.365,16080.5,2320.0,3602.6,0.7,923236.0,901760.0,1.5207920792079208,200.0,2199.865,2.015,1492.0,1800.0,47.0,0.0,27224.0,10488.0,2.190252120367143,200.0,2199.865,0.96,12972.5,14880.0,2070.5,0.6,727616.0,719228.0,1.5693333333333332,200.0,2199.865,1.54,3898.5,3960.0,542.1,0.7,944556.0,923416.0,1.7485489928303175,200.0,2200.0,1.91,611.0,760.0,16.1,0.0,27224.0,10488.0,2.028813756244917,200.0,2199.865,0.95,13905.5,14960.0,2084.2,0.6,727616.0,718352.0,1.5536666666666663,193.3,2199.9325,1.915,1920.5,4800.0,349.0,0.7,958896.0,938136.0,2.256060088767497,200.0,2199.865,1.99,986.5,760.0,10.9,0.0,27224.0,10480.0,2.1392471244336004,5.322177976910991,5.567797582204675,5.616269662831592,5.444659180369286,5.1716397422993525,5.342867726674144,5.6325365922577415,5.288456729909443,5.263735821365388,5.245664875354532,5.344758714067528,5.172744439468578,4.985813700117469
193.8,2199.9325,0.965,12887.0,16560.0,2228.5,0.6,727616.0,718668.0,1.5819672131147542,200.0,2200.0,1.72,4826.0,2200.0,1254.8,0.7999999999999999,1108372.0,1088256.0,1.8092187547664809,193.8,2200.0,1.83,1322.5,1240.0,32.9,0.0,27224.0,10488.0,1.6972789115646258,200.0,2199.865,0.965,13092.5,16560.0,2266.9,0.6,727620.0,719036.0,1.5819672131147542,200.0,2199.9325,1.66,5076.0,1600.0,1115.8,0.7999999999999999,1019016.0,997800.0,2.4958235168130223,200.0,2200.0,1.945,1584.5,1000.0,34.4,0.0,27224.0,10488.0,1.8200371057513915,200.0,2200.0,0.955,13314.5,16600.0,2182.6,0.6,727616.0,719228.0,1.5655737704918034,200.0,2199.865,1.1949999999999998,2730.5,3960.0,519.9,0.7999999999999999,1064292.0,1043596.0,1.7687941743414006,200.0,2200.0,2.03,712.5,1400.0,22.2,0.0,27224.0,10488.0,1.897495361781076,200.0,2199.865,0.955,13608.0,15080.0,2025.3,0.6,727616.0,718352.0,1.5655737704918034,200.0,2199.9325,1.245,1820.0,4960.0,351.0,0.7999999999999999,1084596.0,1064312.0,1.8309059755836363,200.0,2200.0,2.035,813.0,920.0,6.699999999999998,0.0,27224.0,10480.0,1.904143475572047,5.2746310080058185,5.354165349768166,5.3408344579136084,5.219281228457992,5.168844992347161,5.488881127882066,5.3190033691833705,5.448847144503019,5.437820872392678,5.376545492200056,5.159700373777137,5.3091223277391855,5.062459217400413
200.0,2199.865,0.955,13433.5,17360.0,2320.8,0.6,727616.0,718668.0,1.5433721611244875,193.3,2200.0,1.535,42991.0,2600.0,6470.5,0.7,1016608.0,996464.0,1.6270724158009255,200.0,2200.0,2.05,1805.0,1320.0,60.1,0.0,27224.0,10488.0,2.091651070908713,200.0,2199.9325,0.945,13754.0,13840.0,2418.0,0.6,727620.0,719036.0,1.5268432355046528,200.0,2199.9325,1.735,4594.0,2640.0,1085.4,0.7999999999999999,1110904.0,1090764.0,1.8412189988102865,200.0,2200.0,1.915,1856.0,1720.0,45.4,0.0,27224.0,10488.0,1.9436213349968807,200.0,2199.9325,0.955,13390.5,17480.0,2180.6,0.6,727616.0,719228.0,1.5429817140626017,200.0,2200.0,1.645,20840.5,5720.0,3010.0,0.8,1035248.0,1015094.4,1.7674567584881486,200.0,2199.865,1.93,871.0,1560.0,26.9,0.0,27224.0,10488.0,1.9440372218756496,200.0,2199.865,0.94,13365.0,13960.0,2034.5,0.6,727616.0,718352.0,1.5177978785709638,200.0,2199.9325,1.63,24710.0,7720.0,3845.4,0.8,1059296.0,1057488.0,1.7447301790671426,200.0,2199.9325,1.93,1251.5,1040.0,9.5,0.0,27224.0,10480.0,1.94879392805157,5.4613899499715926,5.4181658995439435,5.377897964888363,5.253792819241225,5.200496185469495,5.27630412732912,5.309787338228623,5.302524409128981,5.2382349874058125,5.1831125786218895,5.225333680832363,5.1161535688444015,4.867141805473697
200.0,2199.9325,0.97,12867.5,18560.0,2197.600000000001,0.6,727748.0,718668.0,1.5631782945736434,200.0,2199.9325,1.46,6589.5,2240.0,1502.9,0.8,1065244.0,1060764.0,1.6813861725853492,200.0,2199.9325,2.01,2301.0,1440.0,63.8,0.0,27224.0,10488.0,1.8839592700343823,200.0,2199.9325,0.96,13257.0,15080.0,2300.2,0.6,727752.0,719036.0,1.5476744186046512,200.0,2200.0,1.66,6408.0,2480.0,1206.6,0.8,1042824.0,1022568.8,1.90513986013986,200.0,2199.865,1.995,2051.5,1720.0,45.7,0.0,27224.0,10488.0,1.8714405360133999,200.0,2200.0,0.95,13593.5,17000.0,2181.1,0.6,727748.0,719228.0,1.5315891472868215,200.0,2199.9325,1.605,7769.0,3000.0,981.6,0.8,1091816.0,1060768.0,1.856118881118881,200.0,2199.9325,2.065,1013.0,1640.0,26.700000000000006,0.0,27224.0,10488.0,1.9354006876487704,200.0,2199.9325,0.945,13760.5,15280.0,2016.3,0.6,727616.0,718352.0,1.5226744186046512,200.0,2200.0,1.6949999999999998,3069.0,4520.0,574.0,0.8,1108780.0,1060768.0,1.98,200.0,2199.9325,2.025,1480.5,880.0,8.2,0.0,27224.0,10480.0,1.8977563254870848,5.375183105294241,5.473410321619184,5.372953927030006,5.262803513041623,5.2022739505812154,5.397710918771836,5.312768069339636,5.385890748477701,5.297497062860306,5.23629882260156,5.2087077752011135,5.1683700133988255,4.976854071251961
193.3,2199.9325,1.89,47513.5,19840.0,8540.7,0.2,143640.0,133864.0,1.4548611111111112,100.0,2199.9325,0.4400000000000001,13608.0,2320.0,1778.1,0.1,1116392.0,91728.0,1.7931034482758623,193.8,2199.865,1.865,1943.5,1200.0,211.6,0.0,208808.0,93576.0,1.958665842418793,200.0,2199.9325,2.31,48588.5,17880.0,9002.4,0.2,181668.0,167496.0,1.8695388349514563,100.0,2200.0,0.4400000000000001,13595.0,2080.0,2011.1,0.1,1116412.0,92368.0,1.7931034482758623,200.0,2199.9325,1.92,1187.5,1800.0,178.9,0.0,208808.0,93576.0,2.018292682926829,200.0,2199.9325,2.25,48409.5,15160.0,9283.8,0.2,159264.0,147780.0,1.805757820927724,100.0,2199.9325,0.655,13490.5,3640.0,1916.7,0.30000000000000004,1116352.0,356028.0,2.9875478927203067,200.0,2199.9325,1.89,1231.0,2000.0,85.1,0.0,208808.0,93572.0,1.983196583117905,200.0,2199.9325,2.6100000000000003,49049.5,12800.0,9114.3,0.2,188488.0,173560.0,2.1538902373247035,93.3,2200.0,0.535,10490.5,5120.0,2794.9,0.6,1116392.0,751208.0,1.6695402298850577,200.0,2199.9325,1.91,1406.0,2040.0,185.7,0.0,208808.0,93640.0,2.009076093065078,5.9980344761808855,6.668405768946375,4.982745659372816,5.070258757507803,8.375576293343698,8.659999507803919,5.350123943595058,5.841789397945191,8.312852305791221,5.456277851949509,5.804083361912461,20.540148684044595,5.270723784323128
200.0,2199.865,2.4850000000000003,47947.5,18360.0,8726.3,0.2,270836.0,251016.0,1.8600621820237424,200.0,2199.9325,1.08,27729.0,3840.0,6569.9000000000015,0.7999999999999999,1070532.0,1052416.0,1.5300248138957817,200.0,2199.9325,1.74,2844.5,640.0,199.1,0.0,208808.0,93840.0,1.9299244769097441,200.0,2199.865,2.455,48370.0,18640.0,8927.1,0.2,270836.0,251016.0,1.8348219332956472,193.8,2199.9325,1.085,28813.5,2960.0,7753.5,0.8999999999999999,1089628.0,1071380.0,1.5352357320099257,200.0,2200.0,1.775,1032.5,2000.0,69.3,0.0,208808.0,93840.0,1.9675003095208616,200.0,2199.9325,2.47,49317.5,12840.0,9654.6,0.2,270836.0,251016.0,1.84711701526286,200.0,2199.9325,1.165,18248.5,4600.0,4294.9,0.8999999999999999,1153408.0,1135460.0,1.618610421836228,200.0,2199.9325,1.7799999999999998,781.0,1320.0,81.9,0.0,208808.0,93836.0,1.9735978704964716,200.0,2199.865,2.4850000000000003,50205.5,17040.0,9438.5,0.2,270836.0,251020.0,1.8581119276427358,200.0,2200.0,1.27,15172.0,5120.0,3097.0,0.8999999999999999,1178912.0,1159964.0,1.7751861042183616,200.0,2200.0,1.775,1099.0,2080.0,89.19999999999997,0.0,208808.0,93640.0,1.9675003095208616,5.95769146963666,5.963250612381295,5.931535263952342,5.3296746923912535,5.803040990142598,5.818302158713587,5.6972721365648376,5.543732623405955,5.768317807455375,5.656566018314412,5.639314110144677,5.507318097049957,5.108535535714461
200.0,2199.9325,2.47,49427.5,20440.0,9229.4,0.2,271764.0,252336.0,1.8468834688346885,200.0,2199.9325,0.87,20205.5,2720.0,3411.2,1.1,1414644.0,1395940.0,1.484593837535014,200.0,2199.865,1.87,2426.5,1080.0,189.6,0.0,208808.0,93840.0,1.9724049914917756,200.0,2199.9325,2.44,49465.0,17360.0,9374.2,0.2,271764.0,252336.0,1.8219004065040647,200.0,2199.865,0.88,20006.0,2320.0,3247.0,1.1,1417204.0,1398048.0,1.4976657329598506,200.0,2200.0,1.88,1146.0,1760.0,64.3,0.0,208808.0,93840.0,1.9831537152580831,193.8,2199.865,2.46,50273.0,13160.0,10127.6,0.2,271764.0,252336.0,1.8381605691056917,200.0,2200.0,0.975,21943.0,4760.0,3801.8,1.1,1452236.0,1433336.0,1.6263018027723908,200.0,2199.9325,1.885,1013.5,2200.0,90.2,0.0,208808.0,93836.0,1.9878048780487805,200.0,2200.0,2.455,50120.5,16080.0,9806.2,0.2,271764.0,252340.0,1.834688346883469,200.0,2199.865,1.09,21681.5,4080.0,3739.0,1.1,1464476.0,1445468.0,1.7677224736048265,200.0,2200.0,1.885,1007.5,2160.0,53.7,0.0,208808.0,93640.0,1.9878048780487805,5.602399328196863,5.7360041969920434,5.866506762805184,5.759645657386536,5.851598135925085,5.856692330465645,5.764731283382647,5.87447308519665,5.832041857908598,5.889506020044039,5.910076036668578,5.7928726457290045,5.490291432248138
193.8,2200.0,2.565,49158.5,25520.0,8575.9,0.2,272180.0,253128.0,1.9151553404867097,200.0,2200.0,0.855,33002.0,2920.0,5482.7,1.2,1541708.0,1522020.0,1.5057971014492757,200.0,2200.0,1.755,2008.0,880.0,195.0,0.0,208808.0,93840.0,1.9364811864199043,200.0,2200.0,2.56,49471.0,18640.0,8803.4,0.2,272180.0,253128.0,1.910428501297426,200.0,2199.865,0.865,32450.0,2160.0,5009.7,1.2,1544164.0,1524212.0,1.520289855072464,200.0,2200.0,1.78,910.5,2000.0,48.1,0.0,208808.0,93840.0,1.9626792499080767,200.0,2200.0,2.535,49920.5,16440.0,9348.0,0.2,272180.0,253128.0,1.89002033803212,200.0,2200.0,0.985,20008.0,4080.0,3380.1,1.2,1568900.0,1549084.0,1.728985507246377,200.0,2199.865,1.75,1238.5,1560.0,72.2,0.0,208808.0,93836.0,1.9325284961392328,200.0,2199.9325,2.56,50590.5,14000.0,9215.4,0.2,272180.0,253132.0,1.910428501297426,193.8,2199.9325,1.02,27216.0,4480.0,5263.2,1.2999999999999998,1618824.0,1599116.0,1.7797101449275363,200.0,2200.0,1.7400000000000002,1273.5,1360.0,59.3,0.0,208808.0,93640.0,1.922478244882952,5.486743517502784,5.683955055108854,5.719782786260541,5.570885136862342,5.601857555288012,5.526082417638144,5.754039129943378,5.616051963956373,5.599872435788059,5.549796005302058,5.482203999618836,5.555730676365408,5.189609658202146
193.8,2199.865,2.545,52519.5,20480.0,8916.5,0.2,272180.0,253128.0,1.865762711864407,200.0,2200.0,0.875,35867.5,1800.0,7047.2,1.2999999999999998,1618820.0,1599964.0,1.6099176512710347,193.8,2200.0,1.81,1948.0,1400.0,196.5,0.0,208808.0,93840.0,2.0124765478424016,200.0,2200.0,2.555,52482.5,20520.0,9271.6,0.2,272180.0,253128.0,1.874372881355932,193.8,2199.9325,0.92,29083.5,1800.0,5494.8,1.2999999999999998,1618820.0,1599572.0,1.6711421410669531,200.0,2200.0,1.78,1014.0,1280.0,86.6,0.0,208808.0,93840.0,1.9826766729205756,200.0,2199.9325,2.455,51733.0,14080.0,9484.6,0.2,272180.0,253128.0,1.7962033898305083,200.0,2199.9325,0.675,30518.5,2960.0,4526.200000000002,1.2999999999999998,1680996.0,1661696.0,1.2869674185463658,200.0,2200.0,1.79,1397.0,1760.0,95.9,0.0,208808.0,93836.0,1.9929330831769856,200.0,2199.9325,2.5,52741.5,15040.0,9379.7,0.2,272180.0,253132.0,1.8315932203389833,193.3,2200.0,0.8049999999999999,28246.0,3280.0,5012.5,1.2999999999999998,1690432.0,1671108.0,1.476548514142499,193.8,2199.865,1.795,1291.0,1840.0,74.2,0.0,208808.0,93640.0,1.9980612883051907,5.321778886369163,5.265956207608297,5.212445857884108,5.439735517251184,5.604735100368834,5.631718647725007,5.592262222157457,5.81207383324745,5.6737992388131175,5.707460933220829,5.684722927078465,5.708922892102184,5.370566907489541
200.0,2199.9325,2.435,48754.5,18680.0,8820.800000000001,0.2,272180.0,253392.0,1.7814237288135597,200.0,2199.9325,0.735,29235.5,1760.0,4230.700000000002,1.2999999999999998,1692624.0,1673156.0,1.4583333333333337,200.0,2199.9325,1.87,2457.5,1080.0,248.5,0.0,208808.0,93840.0,1.9498891352549887,193.8,2199.865,2.415,49675.0,18520.0,9004.300000000001,0.2,272180.0,253392.0,1.7648135593220338,200.0,2199.9325,0.76,28983.5,3280.0,4535.7,1.2999999999999998,1693904.0,1674516.0,1.4973958333333337,200.0,2199.9325,1.9,1164.0,1960.0,76.6,0.0,208808.0,93840.0,1.9787139689578717,200.0,2199.865,2.395,49760.5,15680.0,9644.3,0.2,272180.0,253392.0,1.7494237288135597,200.0,2200.0,0.77,32581.5,2720.0,5715.2,1.2999999999999998,1693908.0,1674948.0,1.4704861111111112,200.0,2199.9325,1.895,1359.5,2240.0,108.9,0.0,208808.0,93836.0,1.9741685144124168,200.0,2199.9325,2.415,50557.5,15320.0,9528.9,0.2,272180.0,253396.0,1.7654237288135597,200.0,2200.0,0.7,31314.5,5080.0,5905.4,1.2999999999999998,1706820.0,1687640.0,1.4036458333333337,200.0,2200.0,1.895,1371.5,2280.0,69.2,0.0,208808.0,93640.0,1.9741685144124168,5.139939378475903,5.283359265523696,5.525762190513248,5.442875022132016,5.3266675746987975,5.635936437644965,5.4816006358982285,5.73394883324745,5.851436332346891,5.9377859763855865,5.8259703828791105,5.766191700811075,5.514572404628012
193.8,2199.865,2.48,48086.5,17680.0,9838.4,0.2,272312.0,253392.0,1.8504130605822189,200.0,2199.9325,0.6799999999999999,27867.5,3200.0,4269.4,1.2999999999999998,1693880.0,1674968.0,1.287662407387523,200.0,2199.9325,1.79,2252.5,1480.0,195.6,0.0,208808.0,93840.0,1.9716570658168893,200.0,2200.0,2.48,48410.0,16240.0,10131.4,0.2,272312.0,253392.0,1.8504130605822189,200.0,2200.0,0.74,28932.0,2600.0,4404.0,1.2999999999999998,1693904.0,1674608.0,1.3739933426393214,200.0,2199.865,1.76,867.0,2240.0,46.1,0.0,208808.0,93840.0,1.9425787473955143,200.0,2199.865,2.465,49017.0,15080.0,10813.3,0.2,272312.0,253392.0,1.8383162863886704,200.0,2199.9325,0.64,31006.5,3920.0,4761.4,1.2999999999999998,1719480.0,1700568.0,1.253301836143026,200.0,2200.0,1.735,1403.5,1920.0,103.4,0.0,208808.0,93836.0,1.9174531192548108,193.8,2199.9325,2.45,49109.0,11960.0,10518.8,0.2,272312.0,253396.0,1.8267674497021469,200.0,2200.0,0.755,29130.0,7080.0,5366.2,1.2999999999999998,1731664.0,1712320.0,1.4574251046923656,200.0,2200.0,1.75,1219.0,1800.0,73.0,0.0,208808.0,93640.0,1.9325284961392328,5.213261331591424,5.421301660470361,5.67275275302766,5.292386671191847,6.045921836566789,5.752095424653881,6.067062300018197,6.072272822739407,5.442644706903106,5.538252212538889,5.446227265957078,5.43957807074106,5.1269549033249735
200.0,2199.865,2.4800000000000004,51866.0,16800.0,8921.800000000001,0.2,272312.0,253656.0,1.862020905923345,200.0,2199.865,0.69,34002.5,2400.0,5554.9,1.2999999999999998,1705856.0,1687304.0,1.153072625698324,200.0,2200.0,1.81,2127.0,1120.0,169.8,0.0,208808.0,93840.0,1.8953436807095343,200.0,2199.9325,2.49,51983.5,18400.0,9213.8,0.2,272312.0,253656.0,1.870781483325037,200.0,2199.9325,0.61,34835.0,2840.0,5741.4,1.2999999999999998,1706816.0,1687684.0,1.0636871508379888,200.0,2199.9325,1.9,1101.0,2120.0,81.9,0.0,208808.0,93840.0,1.9787139689578717,200.0,2200.0,2.4400000000000004,52650.5,15240.0,9806.3,0.2,272312.0,253656.0,1.8305624688899953,200.0,2200.0,0.635,29551.5,3000.0,4462.4,1.4,1742628.0,1723452.0,1.1308122045552214,200.0,2199.865,1.88,1328.5,2240.0,104.1,0.0,208808.0,93836.0,1.9605321507760527,193.8,2199.865,2.465,53132.5,10320.0,9616.0,0.2,272312.0,253660.0,1.8497760079641608,200.0,2199.9325,0.82,28175.0,6360.0,4991.8,1.4,1742660.0,1723656.0,1.3669101847872798,200.0,2199.9325,1.88,1356.5,2160.0,67.1,0.0,208808.0,93640.0,1.9605321507760527,5.330437400763253,5.745300739981798,5.2948364737475755,5.747241568015807,5.242811832630414,5.177100345005664,5.277770098431731,5.595191059538262,5.337009853284938,5.433448313506903,5.440375458734324,5.341921144084731,5.093678775626492
200.0,2200.0,2.555,49800.0,11720.0,9102.8,0.2,272596.0,254712.0,1.885300178595961,200.0,2199.9325,0.7250000000000001,21653.5,2920.0,3096.7,1.4,1809848.0,1791732.0,1.2661072819898114,200.0,2200.0,1.79,1921.5,840.0,177.7,0.0,208808.0,93840.0,1.9022680647367218,200.0,2199.9325,2.58,51003.0,13080.0,9499.2,0.2,272596.0,254712.0,1.9052204973210607,200.0,2199.9325,0.7050000000000001,21497.5,2880.0,2960.100000000001,1.4,1810812.0,1792468.0,1.2307461792028769,200.0,2199.9325,1.815,900.5,2360.0,39.8,0.0,208808.0,93840.0,1.9270572144973783,200.0,2199.865,2.545,52047.5,12240.0,10260.6,0.2,272596.0,254712.0,1.8778678389888719,200.0,2200.0,0.7649999999999999,20440.5,4200.0,3158.600000000001,1.4,1859444.0,1841588.0,1.3508141044850666,193.8,2199.9325,1.78,1266.5,1720.0,83.5,0.0,208808.0,93836.0,1.8943469341235468,200.0,2199.9325,2.585,51098.5,5080.0,9775.2,0.2,272596.0,254716.0,1.9092045610660808,200.0,2199.9325,0.81,19266.5,5200.0,3482.1,1.5,1878496.0,1860516.8,1.4216362001798024,200.0,2199.9325,1.78,1343.0,1320.0,38.0,0.0,208808.0,93640.0,1.8943469341235468,5.259127098820075,5.318853233303113,5.490108740786827,5.565838978364671,5.533477825635204,5.5554220434248975,5.5420681155929525,5.638602763463313,5.647400992160107,5.563242753902742,5.6666970425697425,5.548797203838743,5.278952701731156
200.0,2199.865,2.53,48658.0,19840.0,9931.1,0.2,272596.0,254712.0,1.8873681408738772,200.0,2200.0,0.68,22669.0,2880.0,3058.3,1.4,1830208.0,1812588.0,1.1786130536130537,200.0,2199.865,1.875,2212.0,1600.0,215.2,0.0,208808.0,93840.0,2.0517073170731708,200.0,2200.0,2.43,49807.0,20400.0,10264.1,0.2,272596.0,254712.0,1.80521973018786,193.8,2199.9325,0.675,22637.0,3440.0,3084.9,1.4,1831040.0,1813060.0,1.1647241647241648,200.0,2200.0,1.865,1134.0,2920.0,91.8,0.0,208808.0,93840.0,2.0428048780487806,200.0,2199.9325,2.405,49832.0,16440.0,10888.7,0.2,272596.0,254712.0,1.7861535659750918,200.0,2200.0,0.7749999999999999,20929.5,3720.0,3052.0,1.5,1878936.0,1861129.6,1.3252719502719503,200.0,2200.0,1.885,1164.0,2200.0,99.6,0.0,208808.0,93836.0,2.0628048780487807,200.0,2199.865,2.42,50021.5,13760.0,10687.4,0.2,272596.0,254716.0,1.7977109395794515,200.0,2200.0,0.8200000000000001,18691.0,5920.0,3788.7,1.5,1904424.0,1907416.0,1.4226884226884229,200.0,2199.865,1.885,1283.0,2080.0,71.6,0.0,208808.0,93640.0,2.0628048780487807,5.365511371887194,5.446596812681248,5.346765406708884,5.501803475082498,5.68144249682936,5.6034428648823615,5.671782237676162,5.717186218581358,5.804726606814369,5.802150998853652,5.771102810841408,5.629927858267736,5.498279916881131
200.0,2199.9325,1.6849999999999998,49287.0,17560.0,9196.6,0.30000000000000004,358816.0,352748.0,1.9232712692920304,100.0,2199.9325,1.11,2812.0,680.0,425.9,0.1,278532.0,96076.0,1.585714285714286,200.0,2199.865,1.5499999999999998,1284.0,1160.0,522.5,0.0,16012.0,8596.0,1.8848167539267016,200.0,2199.9325,1.68,50123.5,19200.0,9266.1,0.30000000000000004,358816.0,352744.0,1.9198110616795736,100.0,2200.0,1.13,3104.5,1080.0,650.9000000000002,0.1,279576.0,97188.0,1.6057142857142856,200.0,2199.865,1.645,778.5,1960.0,53.8,0.0,16012.0,8596.0,1.9861497902045968,200.0,2199.865,1.675,51421.5,10960.0,8274.9,0.30000000000000004,358816.0,352744.0,1.916350854067117,100.0,2200.0,1.215,2205.0,280.0,272.9,0.1,280012.0,97656.0,1.8707142857142856,200.0,2199.9325,1.645,813.0,2320.0,53.5,0.0,16012.0,8600.0,1.9842931937172772,200.0,2199.9325,1.68,50543.5,11280.0,8812.9,0.30000000000000004,358816.0,352744.0,1.9198110616795736,100.0,2199.9325,1.165,1534.0,320.0,333.1,0.1,279948.0,97596.0,1.6664285714285714,200.0,2199.9325,1.64,1313.5,1960.0,79.9,0.0,16012.0,8592.0,1.9708227685297468,5.575197885536869,5.613027721185082,5.623750449992918,5.623541717490576,5.6043670789433495,5.654229133612963,5.574007060138718,5.773220709199463,5.610081364657637,5.606622646245468,5.597903248882003,5.520027622386862,5.339108195792695
193.8,2199.9325,1.68,48797.5,21160.0,9890.6,0.30000000000000004,358816.0,352748.0,1.8975864318330071,100.0,2199.9325,1.12,1510.5,40.0,198.1,0.1,308156.0,125816.0,2.2156387978920384,200.0,2199.9325,1.5499999999999998,1786.5,2000.0,727.5999999999998,0.0,16012.0,8596.0,1.8941798941798944,200.0,2200.0,1.675,49139.5,19440.0,9935.7,0.30000000000000004,358816.0,352744.0,1.90661013263753,100.0,2199.9325,1.005,840.5,40.0,153.5,0.1,311504.0,129040.0,2.013815695769833,200.0,2199.9325,1.61,1050.5,1840.0,77.2,0.0,16012.0,8596.0,1.9594731509625127,200.0,2200.0,1.675,49561.5,17640.0,8703.1,0.30000000000000004,358816.0,352744.0,1.90661013263753,100.0,2200.0,1.04,611.0,160.0,167.29999999999995,0.1,312244.0,129772.0,2.200826093149124,200.0,2200.0,1.61,1100.0,1640.0,63.1,0.0,16012.0,8600.0,1.9576719576719577,200.0,2200.0,1.665,49171.5,16040.0,9449.5,0.30000000000000004,358816.0,352744.0,1.8997608175690368,100.0,2199.9325,0.79,537.5,160.0,90.6,0.1,314028.0,131560.0,1.6695627403503774,193.8,2199.9325,1.61,1141.0,1960.0,91.6,0.0,16012.0,8592.0,1.9161831076724691,5.863929561535512,5.521450909932186,5.541185007378554,5.548413741848577,5.584850831339547,5.239791246317294,5.469321037204196,5.7991737524781914,5.867185847508236,5.5840921363693665,5.601314431024827,5.432315568220399,5.325280981574718
200.0,2199.9325,1.64,60439.0,9400.0,11594.0,0.30000000000000004,358816.0,352748.0,1.555631399317406,200.0,2199.9325,2.285,3303.0,2160.0,553.0,0.1,196604.0,169176.0,1.8435056639127845,200.0,2199.9325,1.465,990.5,1640.0,369.9,0.0,16352.0,8964.0,1.9325153374233128,193.8,2199.865,1.64,61178.0,24000.0,11226.0,0.30000000000000004,358816.0,352744.0,1.5647184300341297,200.0,2199.865,2.42,3647.5,2080.0,598.6,0.1,197220.0,167808.0,1.957925219316924,200.0,2199.9325,1.6549999999999998,660.0,1680.0,39.8,0.0,16352.0,8964.0,2.1666014010355483,200.0,2199.9325,1.61,58395.5,20800.0,10907.2,0.30000000000000004,358816.0,352744.0,1.5351535836177477,181.3,2199.865,2.42,2110.0,3520.0,570.1,0.1,197220.0,168008.0,1.9628311046759217,200.0,2199.9325,1.645,670.0,1400.0,37.8,0.0,16352.0,8968.0,2.1533742331288344,200.0,2200.0,1.61,60110.5,19560.0,11181.1,0.30000000000000004,358816.0,352744.0,1.5169795221843003,200.0,2200.0,2.425,1828.0,4120.0,534.4,0.1,197220.0,168080.0,1.9662209351843964,200.0,2199.9325,1.5,739.0,2120.0,48.8,0.0,16352.0,8960.0,1.813214647561152,5.596094588414576,5.655978109481982,5.632011924185868,5.68093960180758,5.717882269408108,6.199970299036701,5.435888247631123,5.571771557389925,5.6290162996096695,5.598319206556572,5.722699358470753,5.536379692538259,5.439733069857055
200.0,2199.9325,1.62,57576.0,19240.0,12199.4,0.30000000000000004,358816.0,352748.0,1.5524565543874704,200.0,2200.0,2.375,2487.5,1240.0,558.2,0.1,191252.0,164412.0,2.6020871143375683,200.0,2200.0,1.43,992.5,1360.0,366.0,0.0,16352.0,8964.0,1.7397959183673468,200.0,2199.9325,1.615,57825.0,17560.0,11757.1,0.30000000000000004,358816.0,352744.0,1.5397983265393693,200.0,2199.865,2.325,2793.5,2800.0,786.8,0.2,263352.0,234172.0,2.521211433756806,200.0,2199.865,1.635,675.5,2040.0,43.3,0.0,16352.0,8964.0,1.9509697496019685,200.0,2199.9325,1.6,57074.0,17400.0,11845.5,0.30000000000000004,358816.0,352744.0,1.5203604376743187,200.0,2200.0,2.1,2061.5,4880.0,544.0,0.2,266916.0,237804.0,2.042649727767696,200.0,2199.9325,1.62,741.0,1880.0,52.6,0.0,16352.0,8968.0,1.9336734693877549,200.0,2199.9325,1.6,57498.0,15680.0,11639.6,0.30000000000000004,358816.0,352744.0,1.511092040334692,200.0,2199.9325,2.14,1993.5,4640.0,559.2,0.2,264936.0,235764.0,2.095621597096189,200.0,2199.9325,1.585,1369.0,2040.0,90.9,0.0,16352.0,8960.0,2.0487588652482267,5.684481499859769,5.434347325887373,5.380370541631201,5.411932510560262,5.630213648994513,4.9286699090758495,5.200214707278271,5.827023123776064,5.617781707070738,5.589991648952637,5.586101627121535,5.369261005957999,5.276254775795689
200.0,2200.0,1.6,59418.5,26600.0,13258.3,0.30000000000000004,358816.0,352748.0,1.1973248502437026,200.0,2199.9325,2.42,15914.0,4240.0,2921.0,0.2,307836.0,281016.0,1.8574429223744289,200.0,2199.9325,1.625,1832.0,1640.0,520.7,0.0,16352.0,8964.0,1.92,193.8,2199.9325,1.6,59138.5,20560.0,12711.9,0.30000000000000004,358816.0,352744.0,1.1973248502437026,193.8,2200.0,2.415,25809.0,440.0,4480.3,0.1,194192.0,165532.0,1.8689041095890409,200.0,2199.865,1.665,1120.0,1760.0,80.5,0.0,16352.0,8964.0,1.9620921985815605,200.0,2199.865,1.585,56535.5,16000.0,11892.3,0.30000000000000004,358816.0,352744.0,1.1869442274063324,200.0,2200.0,2.535,1394.5,1760.0,374.1,0.1,194872.0,166260.0,1.9513698630136989,200.0,2200.0,1.6749999999999998,1091.5,1960.0,120.8,0.0,16352.0,8968.0,1.97,200.0,2199.9325,1.59,57193.5,16320.0,12056.1,0.30000000000000004,358816.0,352744.0,1.1884882985452243,200.0,2199.9325,2.505,1255.5,4600.0,363.8,0.1,192924.0,164532.0,1.926438356164384,200.0,2200.0,1.68,1106.5,2360.0,76.9,0.0,16352.0,8960.0,1.981966570440857,5.1786692225695665,5.0947786211258705,5.114827808954742,5.1228624846523045,5.240267272003753,5.183649588867807,5.067671650758895,5.0770473710062785,5.1550531068260685,5.225833495741199,5.212538837419675,5.08714421252372,5.046522677382148
200.0,2199.865,2.705,47716.5,19160.0,8779.4,0.1,141528.0,131752.0,2.2488875404530746,200.0,2199.9325,1.69,5307.5,1280.0,1509.1999999999996,0.7,1846452.0,903688.0,2.1657369291732387,200.0,2200.0,2.47,8653.5,1240.0,1214.3,0.1,148428.0,139284.0,1.8870390261367709,193.3,2199.9325,2.7,47310.5,18400.0,9329.9,0.1,135692.0,125944.0,2.2440331715210355,200.0,2199.9325,1.845,5256.5,1600.0,1279.1,0.7,1846452.0,887188.0,2.388758511907052,200.0,2199.865,2.4850000000000003,7233.5,2360.0,1352.2,0.1,147580.0,138340.0,1.901181525241676,193.3,2199.9325,1.855,47854.0,14160.0,8772.9,0.2,142716.0,132808.0,1.4250269687162893,200.0,2200.0,1.725,4848.0,2240.0,1140.7,0.7,1846452.0,905664.0,2.2087100373177395,200.0,2199.9325,2.49,7114.0,2520.0,1129.5,0.1,148804.0,139744.0,1.9035982814178305,200.0,2199.865,1.89,48692.0,12600.0,8553.6,0.1,139932.0,130172.0,1.4576254045307444,193.8,2199.9325,1.71,4557.5,5080.0,1068.8,0.7,1846452.0,903688.0,2.1815873504405032,200.0,2199.9325,2.49,6983.0,2520.0,1323.6,0.1,148428.0,141868.0,1.9045828857858933,5.661287155773133,5.637538889691296,5.678785951488409,5.931566169103687,5.838094320377022,6.001607786639394,5.982337159963768,6.0726397079166565,5.988852458206972,5.807067004093241,6.3652336286075055,5.665616548207204,5.3469633951935975
200.0,2199.9325,2.4850000000000003,47778.5,18240.0,8790.9,0.2,270836.0,251016.0,1.8587620124364048,200.0,2200.0,1.29,12023.5,3200.0,3890.6,1.0,1846452.0,1269756.0,1.6785714285714284,200.0,2199.9325,1.895,5593.0,1880.0,962.8,0.0,61772.0,52724.0,1.8827819548872178,200.0,2199.865,2.325,48089.5,17640.0,9635.2,0.2,270552.0,250752.0,1.73283666808571,200.0,2199.9325,1.505,13229.5,3120.0,3127.9,0.7,1846452.0,940816.0,2.0224586288416075,200.0,2199.9325,2.475,6392.0,1800.0,1123.6,0.0,61452.0,52512.0,1.9083670163646549,200.0,2199.9325,2.49,49180.5,17600.0,9125.9,0.2,270836.0,251016.0,1.8635104578858117,200.0,2199.865,1.325,11043.5,4400.0,3536.3,1.0,1846452.0,1269756.0,1.723657548125633,200.0,2199.9325,1.94,4057.0,2280.0,676.7,0.0,61772.0,52920.0,1.9262406015037596,200.0,2199.9325,2.325,50060.0,15440.0,8981.2,0.2,270552.0,250756.0,1.73283666808571,200.0,2199.9325,1.6749999999999998,9815.0,7080.0,2713.4,1.0,1846452.0,1269756.0,2.273978385680513,193.8,2200.0,2.475,6607.5,2880.0,1325.6,0.0,61452.0,54984.0,1.9073981561378808,6.046326894872288,5.511349981804558,5.51734210138965,5.573986587370569,5.617358212473079,5.605664153467875,5.615476584107074,5.6619266181401935,5.686373655876138,5.666707504099765,5.6443833500175575,5.5621833803085,5.002779313244211
200.0,2199.865,2.4450000000000003,48759.5,17600.0,9159.6,0.2,271764.0,252336.0,1.825965447154472,200.0,2199.9325,1.16,13988.0,1760.0,2721.9,1.1,1846452.0,1478056.0,1.4865885748238692,200.0,2200.0,2.435,9634.5,1320.0,1555.5,0.1,151312.0,142640.0,1.8610468155006343,193.3,2199.865,2.52,48081.0,16640.0,9790.4,0.2,271604.0,252072.0,1.8804883512544803,200.0,2199.9325,1.245,11477.5,3240.0,2816.9,1.1,1846452.0,1477916.0,1.6197729988052567,200.0,2200.0,2.49,6712.0,2720.0,1519.1,0.1,148752.0,139812.0,1.8991100130967973,200.0,2200.0,2.4400000000000004,49941.5,15000.0,9521.1,0.2,271764.0,252336.0,1.8224932249322492,193.8,2199.9325,1.31,10419.0,3720.0,2490.2,1.1,1846452.0,1478056.0,1.7065614124437651,200.0,2200.0,2.5,6692.0,2440.0,881.7,0.0,56204.0,47344.0,1.9112073471216309,200.0,2199.865,2.5250000000000004,49266.5,13600.0,8983.8,0.2,271604.0,252076.0,1.8850806451612905,200.0,2199.9325,1.27,16722.0,6240.0,3636.0,1.1,1846452.0,1478124.0,1.6462280252602834,200.0,2200.0,2.5,6770.0,2080.0,1578.5,0.1,149244.0,142812.0,1.907920585784022,5.391892235446839,5.482322198838128,5.478670927613965,5.4075164856208096,5.481028582722058,5.501673753329527,5.588384620469995,5.5380182760150385,5.595211154558643,5.568313713082828,5.584970653712831,5.586392443573941,5.107971893969123
200.0,2199.9325,2.56,48664.0,16040.0,8418.1,0.2,271764.0,252336.0,1.890353644818788,200.0,2200.0,1.17,11511.0,3360.0,3354.3,1.1,1846452.0,1478136.0,1.8093406263148404,200.0,2199.9325,2.3200000000000003,2854.5,1200.0,398.9,0.0,62952.0,54072.0,1.9313262871968104,200.0,2199.865,2.4800000000000004,48709.0,14240.0,9715.0,0.2,271764.0,252336.0,1.841590494873186,200.0,2200.0,1.24,11747.0,2640.0,3074.2,1.1,1846452.0,1478132.0,1.808624031007752,193.8,2199.865,2.355,1882.5,2320.0,445.0,0.0,62952.0,54184.0,1.965546189093708,200.0,2199.9325,2.55,50207.0,16880.0,8699.0,0.2,271764.0,252600.0,1.8829323163872809,200.0,2199.865,1.325,10580.0,4040.0,2657.3,1.1,1846452.0,1478136.0,2.051752118771413,200.0,2199.9325,2.345,1876.5,2600.0,228.4,0.0,62952.0,54268.0,1.9533527189148718,193.8,2200.0,2.4800000000000004,50242.0,13360.0,8899.099999999999,0.2,271764.0,252340.0,1.841590494873186,200.0,2200.0,1.295,16607.5,5440.0,3524.2,1.1,1846452.0,1478136.0,1.888242894056848,200.0,2200.0,2.36,1890.5,2320.0,616.8000000000002,0.0,62952.0,56656.0,1.9699709678547692,5.756922362645544,5.923232750962804,5.823177881894923,5.85215434987577,5.820895731003418,5.838032976898072,5.7834083000393415,5.779739888734119,5.760282699871863,5.730425902709178,5.715842388116817,5.689298217921615,5.320500309592118
200.0,2199.865,2.4450000000000003,48832.5,16880.0,9621.0,0.2,272180.0,252864.0,1.7943704633520712,200.0,2199.865,1.09,9954.5,2440.0,2400.1,1.1,1846452.0,1478136.0,1.9604705882352944,200.0,2199.865,2.325,2792.5,1160.0,376.6,0.0,89708.0,80660.0,2.029977116704806,200.0,2199.9325,2.545,48190.5,14880.0,9367.9,0.2,272180.0,252864.0,1.871049596309112,200.0,2200.0,1.185,15401.0,2200.0,4904.299999999998,1.1,1846452.0,1478132.0,2.0510091743119268,200.0,2199.9325,2.36,1858.5,2080.0,458.9,0.0,62952.0,54184.0,1.9613931072741144,200.0,2199.9325,2.4450000000000003,49877.5,16360.0,9902.5,0.2,272180.0,252864.0,1.7954892757736183,200.0,2200.0,1.18,9252.0,2880.0,3072.3,1.1,1846452.0,1478136.0,2.1044705882352943,200.0,2199.865,2.345,1889.0,2160.0,243.4,0.0,89532.0,80760.0,2.047520976353929,193.8,2199.865,2.555,50277.0,12360.0,8698.900000000001,0.2,272180.0,252868.0,1.8775086505190317,200.0,2199.9325,1.255,10796.5,4760.0,2976.1,1.1,1846452.0,1478136.0,2.1559633027522933,200.0,2200.0,2.3600000000000003,1923.5,2520.0,622.1999999999998,0.0,62952.0,56656.0,1.9609597115317945,5.8478295764260855,5.938314270503023,5.826294781893992,5.811451158771924,5.768205158775464,5.838464941297658,5.750319820155072,5.8742390863308245,5.797261095302162,5.891895356219831,5.801030100934214,5.4597539504811134,5.421500043450465
200.0,2199.865,2.47,48814.5,17920.0,8932.5,0.2,272312.0,253656.0,1.834915538182326,200.0,2200.0,0.88,14774.0,2000.0,3272.4,1.1,1846452.0,1478136.0,1.9544615384615385,181.3,2199.9325,2.3200000000000003,3017.5,2080.0,445.2,0.0,89532.0,80568.0,2.1458810068649887,200.0,2199.9325,2.47,49037.0,18000.0,10032.2,0.2,272312.0,253656.0,1.8380419580419585,200.0,2199.865,0.86,12835.5,2440.0,4615.4,1.1,1846452.0,1478132.0,1.8274145370063064,200.0,2200.0,2.355,1874.5,2480.0,441.9,0.0,89708.0,80776.0,1.981259769788262,200.0,2199.9325,2.48,50222.0,16160.0,9519.2,0.2,272312.0,253656.0,1.8430127041742288,200.0,2199.9325,0.915,9297.0,4160.0,1844.9,1.1,1846452.0,1478136.0,1.9809230769230768,193.8,2200.0,2.09,3547.5,2120.0,468.6,0.1,115880.0,107164.0,1.9223239257564204,200.0,2199.9325,2.4850000000000003,50312.0,13120.0,9204.1,0.2,272312.0,253660.0,1.8500419580419585,200.0,2200.0,0.96,7002.5,5320.0,2415.5,1.1,1846452.0,1478136.0,1.9732271268945683,200.0,2199.9325,2.36,1892.5,2360.0,604.3,0.0,89388.0,83152.0,1.9856650561318745,5.760889674733647,5.645273830021561,5.796165652666246,5.7974953737706025,5.814200175216035,5.691447703948296,5.69983789346892,5.683876797094031,5.710085015521929,5.642462492100778,5.595815149105609,6.527151662209576,5.309965854435699
200.0,2199.865,2.52,50852.5,8280.0,8441.699999999999,0.2,272312.0,253656.0,1.890492782478845,200.0,2199.865,0.905,14127.5,840.0,2891.600000000001,1.1,1846452.0,1478136.0,2.014857142857143,200.0,2199.9325,2.435,9421.5,1680.0,2323.600000000001,0.1,140708.0,131784.0,1.8548482693219537,200.0,2199.9325,2.435,48332.5,9840.0,11193.4,0.2,272312.0,253656.0,1.784313725490196,200.0,2200.0,0.815,14485.5,3240.0,5506.6,1.1,1846452.0,1478132.0,1.8831475409836065,200.0,2199.9325,2.41,5825.0,2520.0,1435.3,0.1,135164.0,126352.0,1.848136682938445,200.0,2200.0,2.475,52502.5,16200.0,9345.0,0.2,272312.0,253656.0,1.8585365853658533,200.0,2199.9325,0.865,13292.5,3560.0,2749.4,1.1,1846452.0,1478136.0,1.903619047619048,200.0,2200.0,2.505,6754.5,2880.0,893.5999999999998,0.1,150132.0,141484.0,1.9081910858226652,200.0,2199.865,2.43,49185.0,6880.0,10273.6,0.2,272312.0,253660.0,1.7803921568627452,200.0,2199.9325,0.92,8756.5,4560.0,1697.7,1.1,1846452.0,1478136.0,2.051147540983606,200.0,2200.0,2.42,5942.5,2440.0,1344.9,0.1,135772.0,129616.0,1.855920347660436,5.696670385860188,5.74588123241525,5.785000630008332,5.7583970828128175,5.719028760179318,5.786062809265999,5.7164475129815315,5.774284249248856,5.703767069917629,5.7089653035970676,5.624819224112639,5.555964351936751,5.018802176765293
200.0,2200.0,2.51,49058.0,18080.0,8602.9,0.2,272452.0,254184.0,1.8041711174217752,200.0,2199.9325,0.8200000000000001,15584.0,2640.0,3048.9,1.1,1846452.0,1478136.0,2.2170542635658914,200.0,2200.0,2.3200000000000003,2930.0,1400.0,388.7000000000001,0.0,62904.0,54120.0,1.9271721794605088,193.8,2200.0,2.475,50021.5,15320.0,9316.3,0.2,272452.0,254184.0,1.8225668831883737,200.0,2200.0,0.815,10713.0,2920.0,3577.1,1.1,1846452.0,1478132.0,1.9350117096018733,200.0,2199.9325,2.36,1859.5,2320.0,433.5,0.0,62904.0,54232.0,1.9613931072741144,200.0,2199.865,2.535,50502.5,15920.0,8650.5,0.2,272452.0,254184.0,1.8216397884480109,200.0,2200.0,0.81,14175.5,3840.0,3086.6,1.1,1846452.0,1478136.0,2.0775193798449614,200.0,2199.9325,2.36,1890.5,2160.0,229.8,0.0,62904.0,54316.0,1.9613931072741144,200.0,2200.0,2.48,51189.0,17560.0,8541.6,0.2,272452.0,254188.0,1.8278377188153692,200.0,2200.0,0.845,12766.5,5760.0,2615.3,1.1,1846452.0,1478136.0,1.9648711943793915,200.0,2200.0,2.36,1898.0,2600.0,621.4,0.0,62904.0,56700.0,1.9613931072741144,5.685251271243634,6.0350300553173675,5.969124567294097,5.8249375055948605,5.840223759918772,5.976427520724674,5.984889559898591,5.797870052641679,5.805670764641318,5.534991682386198,5.544263148583903,5.3628442092652,5.252854903770764
200.0,2199.9325,1.39,516.5,7840.0,92.3,0.1,169624.0,161996.0,1.9786727456940223,200.0,2200.0,1.86,873.5,480.0,140.20000000000002,0.6,1548152.0,798944.0,2.3454010984760583,193.3,2200.0,2.495,4521.0,1760.0,732.1,0.1,124344.0,115112.0,1.9576719576719577,200.0,2199.9325,1.31,604.0,7040.0,87.10000000000002,0.1,168712.0,161252.0,1.864437689969605,200.0,2200.0,1.86,1238.5,400.0,147.9,0.6,1548152.0,868728.0,2.3599443026224183,200.0,2199.9325,2.51,3781.5,2520.0,462.9,0.1,124344.0,115268.0,1.9691043083900224,200.0,2199.865,1.31,707.5,7000.0,96.4,0.1,169360.0,161756.0,1.864437689969605,193.3,2199.9325,1.88,785.0,480.0,129.5,0.7,1548152.0,917680.0,2.3705422758567343,200.0,2199.865,2.51,3827.0,2640.0,584.4,0.1,124344.0,115256.0,1.9691043083900224,200.0,2199.9325,1.3050000000000002,834.0,9400.0,196.7,0.1,170132.0,162444.0,1.857345491388045,200.0,2200.0,2.165,757.5,640.0,147.2,0.7,1548152.0,938316.0,2.7806142183027776,200.0,2200.0,2.49,4021.0,2520.0,787.8,0.1,124876.0,116120.0,1.951814058956916,6.18858157685469,6.18951433766587,6.072104924999254,6.104058794527742,6.0725607797394,6.249064590067799,5.968406806264446,6.21654553945216,5.646349264161104,5.884574394000784,5.943888158421201,6.015191699958986,5.521354822724633
200.0,2199.9325,1.17,8562.0,14440.0,1314.9,0.2,194316.0,186920.0,1.8104014598540143,187.6,2199.9325,1.19,7417.0,2120.0,1100.0,1.0,1548152.0,1313228.0,1.5293495505023798,200.0,2200.0,2.355,154.0,640.0,10.6,0.0,39544.0,30544.0,2.005322251385244,200.0,2199.9325,1.17,8255.0,14320.0,1114.8,0.2,193036.0,185868.0,1.8114355231143555,200.0,2200.0,1.315,9137.5,2440.0,1161.2,1.0,1548152.0,1315136.0,1.7049621011810332,200.0,2199.9325,2.36,41.0,600.0,5.6,0.0,39544.0,30700.0,2.009951881014873,200.0,2199.865,1.16,8669.0,13800.0,1332.6999999999996,0.2,194316.0,186916.0,1.794768856447689,200.0,2200.0,1.46,10670.0,3800.0,1809.1,1.0,1548152.0,1313232.0,1.8842323285739468,200.0,2200.0,2.365,43.0,680.0,12.2,0.0,39544.0,30688.0,2.0145815106445033,193.8,2199.865,1.15,8952.5,13040.0,1604.6,0.2,194844.0,187444.0,1.7791362530413624,200.0,2199.9325,1.48,11108.5,5040.0,1993.4,1.0,1548152.0,1313232.0,1.9138903578353603,200.0,2200.0,2.35,57.5,800.0,5.0,0.0,39544.0,30760.0,2.001385243511228,5.706339366362936,5.650775526092245,5.61870691993016,5.616725840103678,5.483843966560025,5.336514100226292,5.30906378671523,5.2586260049259055,5.142985116804444,5.1281789655571375,5.020993558493129,4.861173990868052,4.7855698035342735
200.0,2199.9325,1.42,6804.0,14680.0,1026.6,0.2,203208.0,195676.0,1.8787807847176703,200.0,2200.0,1.185,7545.5,1920.0,854.2,1.0,1548152.0,1313228.0,1.5084993131868132,200.0,2200.0,2.35,160.5,840.0,12.3,0.0,39544.0,30544.0,2.005306690089299,200.0,2199.9325,1.41,7049.5,12760.0,911.1,0.2,203212.0,195676.0,1.8647813465680307,200.0,2199.9325,1.295,10840.0,2400.0,1433.3,1.0,1548152.0,1315136.0,1.6571943681318682,200.0,2199.9325,2.36,51.0,600.0,6.2,0.0,39544.0,30700.0,2.0138888888888893,193.8,2199.865,1.395,7514.0,12440.0,1123.6,0.2,203208.0,195672.0,1.8423073321472048,193.3,2199.865,1.445,13120.0,4040.0,2486.6,1.0,1548152.0,1313232.0,1.8475274725274728,200.0,2200.0,2.365,57.5,800.0,16.9,0.0,39544.0,30688.0,2.0185185185185186,200.0,2199.9325,1.385,7818.5,13160.0,1396.1,0.2,203208.0,195888.0,1.8224084652120984,200.0,2200.0,1.48,10918.0,5440.0,2252.6,1.0,1548152.0,1313232.0,1.895260989010989,200.0,2200.0,2.35,67.0,1160.0,10.9,0.0,39544.0,30760.0,2.005306690089299,5.7338459812335225,5.662635692488383,5.501611210812682,5.305359584004441,5.1608957880202855,5.099952382531656,5.075982277643393,5.062480013117655,4.954702061071747,4.6615272638380265,4.884650129562019,4.726522182034314,4.6285564713707865
200.0,2199.865,1.385,8791.5,15080.0,1365.8000000000004,0.2,211348.0,203840.0,1.7865942028985509,200.0,2200.0,1.35,7454.0,2000.0,2150.1,1.1,1548152.0,1521460.0,1.7102592064424125,200.0,2200.0,2.1,1734.0,1280.0,244.3,0.1,87584.0,78420.0,1.9765479670475683,200.0,2200.0,1.365,9692.5,15600.0,1349.3,0.2,211216.0,203592.0,1.7561594202898552,200.0,2199.865,1.3050000000000002,7032.5,2560.0,1016.3,1.1,1548152.0,1521392.0,1.6565304924083548,200.0,2199.9325,2.065,1514.5,1600.0,156.5,0.1,93148.0,84384.0,1.9434626627690672,193.8,2199.9325,1.34,10890.5,14840.0,1651.8,0.2,211212.0,203852.0,1.7202898550724637,193.8,2200.0,1.44,12474.5,3840.0,2362.3,1.1,1548152.0,1521396.0,1.821994799094036,200.0,2200.0,2.0700000000000003,1297.0,2120.0,237.0,0.1,93148.0,84372.0,1.9482239348037915,200.0,2199.9325,1.325,11368.5,13120.0,1882.3,0.2,211212.0,203544.0,1.7010869565217392,200.0,2200.0,1.485,9723.0,4640.0,2180.8,1.1,1548156.0,1521464.0,1.8821407600033555,200.0,2200.0,2.105,1463.0,1760.0,515.6,0.1,93148.0,84444.0,1.981176366374347,5.5387018846682965,5.526809469335443,5.5432185850647056,5.496717312800075,5.5780287664275,5.568104310713888,5.343772094928376,4.9484669306091265,4.85401317988115,5.26669298540302,4.841081955457024,4.832963362441849,4.659489567714461
193.3,2199.865,1.725,1892.0,5080.0,463.1,0.1,151912.0,144700.0,1.9468571060927748,200.0,2199.865,0.915,13048.5,4960.0,2063.2,0.1,984668.0,135232.0,1.6449554046313724,200.0,2199.9325,2.16,702.5,1120.0,184.1,0.0,28756.0,22916.0,2.0046296296296298,200.0,2199.9325,1.71,1928.0,4360.0,501.4,0.1,151912.0,144700.0,1.9303866692401723,200.0,2199.9325,0.915,12984.5,5960.0,2120.3,0.1,984664.0,135116.0,1.6449554046313724,200.0,2200.0,2.16,552.5,1400.0,85.10000000000002,0.0,28756.0,22920.0,2.0046511627906978,200.0,2199.9325,1.71,1948.0,5280.0,504.3,0.1,151448.0,144436.0,1.9290677475390847,193.8,2199.9325,0.92,12853.5,5520.0,2021.4,0.1,984652.0,134680.0,1.6548563947303825,200.0,2200.0,2.17,525.0,1760.0,105.7,0.0,28756.0,22924.0,2.013910422049957,200.0,2200.0,1.715,1899.5,4600.0,463.8,0.1,151748.0,144436.0,1.9354371742906773,200.0,2200.0,0.925,12907.0,6840.0,2136.2,0.1,984668.0,134448.0,1.6631208575402994,200.0,2200.0,2.14,527.0,1680.0,103.5,0.0,28756.0,22920.0,1.9861111111111112,5.5975169587314175,5.592313408073323,5.627102343442443,5.570957026150628,5.624346216710071,5.612726962650165,5.6322113372601805,5.615940920409578,5.620991425460083,5.634106373318505,5.613103057005403,5.6196492558544255,4.901822140948854
200.0,2200.0,1.985,3156.5,11840.0,396.6,0.2,239968.0,232932.0,1.91058248319308,200.0,2200.0,0.87,54318.0,2840.0,9633.2,1.1,1437884.0,1432200.0,1.390771878723686,200.0,2200.0,2.01,4405.5,1280.0,755.0,0.0,36560.0,30960.0,1.8575980496984732,200.0,2199.9325,2.03,3505.0,11960.0,375.5,0.2,238552.0,231348.0,1.9483992467043316,200.0,2200.0,0.98,52669.5,1440.0,10819.9,0.7999999999999999,981724.0,976440.0,1.8159285584107887,200.0,2199.9325,2.105,2382.0,2240.0,330.7999999999999,0.0,36560.0,30964.0,1.9411088400613183,200.0,2199.865,1.72,5007.5,17240.0,730.5,0.2,273908.0,266732.0,1.787896808540764,200.0,2199.9325,0.875,54439.5,4400.0,10247.5,1.0,1247964.0,1242412.0,1.3967959751092278,200.0,2200.0,2.1,2535.0,2520.0,698.1,0.0,36560.0,30976.0,1.9357860671095213,193.8,2199.865,1.725,7746.0,12480.0,806.8,0.2,280592.0,273332.0,1.7605498630987664,193.3,2199.865,0.9,52592.5,5480.0,9553.2,1.0,1248364.0,1242836.0,1.6917258975760892,200.0,2200.0,2.085,2371.5,1920.0,313.7,0.0,36560.0,30964.0,1.9221597683529212,5.451187812240139,5.217927953827173,5.323187473113662,5.308593778712473,5.172150208780964,5.293293852452479,5.253432477741859,5.230585872301892,5.168871144643175,5.151564814924125,5.065705109596569,5.003574789266174,4.734492934952486
200.0,2199.865,1.96,3758.5,13600.0,480.0,0.2,247676.0,240596.0,1.9090078391766458,200.0,2199.865,0.745,36897.5,1240.0,5804.3,1.1,1437884.0,1432200.0,1.0681341719077568,200.0,2199.9325,2.025,4124.0,1200.0,734.8000000000002,0.0,36560.0,30960.0,1.8717800599058625,200.0,2199.865,1.99,4266.5,13920.0,436.5,0.2,241584.0,234424.0,1.9267058205605687,200.0,2200.0,0.6950000000000001,37882.0,3120.0,9030.6,1.1,1437896.0,1432092.0,1.065889665889666,200.0,2199.9325,2.1100000000000003,2399.5,2280.0,363.8,0.0,36560.0,30964.0,1.9502781343602915,200.0,2199.9325,1.765,5759.0,16320.0,712.3,0.2,277884.0,270692.0,1.827865323344528,200.0,2200.0,0.935,21891.5,4360.0,3943.8,1.1,1437880.0,1432128.0,1.347638190954774,200.0,2200.0,2.095,2553.5,2480.0,711.6,0.0,36560.0,30972.0,1.9361360718870348,193.3,2199.865,1.61,10618.5,15280.0,1119.1,0.2,287596.0,280460.0,1.6581071166544388,200.0,2199.9325,0.95,26460.5,5000.0,4627.5,1.1,1437884.0,1432208.0,1.3721833721833725,200.0,2199.9325,2.095,2381.5,2000.0,291.5,0.0,36560.0,30964.0,1.935643988018828,5.1516986215725815,5.362505311145736,5.385391759621817,5.347217901190381,5.3058900081319615,5.375542096086758,5.427390599392765,5.39434274224046,5.358556821089223,5.354282640428806,5.281941113548559,5.24483728052783,5.256512012808703
200.0,2199.9325,1.875,912.5,11240.0,159.9,0.2,262312.0,255380.0,1.9353920035738217,200.0,2200.0,0.815,20262.5,2200.0,2972.3,1.1,1437884.0,1432200.0,1.6657154935531602,200.0,2200.0,2.045,3800.5,1200.0,690.9,0.0,36560.0,30964.0,1.8948963146019129,200.0,2199.865,1.935,663.0,8160.0,87.7,0.2,259244.0,252212.0,2.023111808826094,200.0,2199.9325,0.7150000000000001,38766.5,3400.0,7369.9000000000015,1.1,1437896.0,1432092.0,1.149753347427766,200.0,2199.9325,2.115,2380.0,2280.0,344.0,0.0,36560.0,30968.0,1.954664099272572,200.0,2199.9325,1.685,9204.0,18600.0,1137.8,0.2,285012.0,277820.0,1.7414093336429068,200.0,2199.9325,0.7949999999999999,22222.0,4120.0,3960.4,1.1,1437880.0,1432128.0,2.136096779932396,200.0,2199.9325,2.08,2607.5,2440.0,720.7,0.0,36560.0,30972.0,1.9215019255455716,200.0,2199.9325,1.62,12253.0,13640.0,1256.3,0.2,293204.0,286004.0,1.6902018169623805,193.8,2200.0,0.995,17630.0,5360.0,3113.8,1.1,1437884.0,1432208.0,1.491778247592201,200.0,2200.0,2.09,2414.5,2320.0,282.7,0.0,36560.0,30968.0,1.93076593923834,6.045368914600963,6.234492136090925,6.472091664850309,6.180057743100276,6.22345081151208,5.870764194953309,5.868254621435255,5.846327003657295,5.798028935915227,5.782131809384363,5.6602579214226445,5.670189516181588,5.3605105754372495
200.0,2199.9325,2.62,48004.0,18280.0,9068.5,0.2,166744.0,162380.0,1.9188247480930407,200.0,2200.0,1.735,2576.0,2440.0,2007.7,0.6,831336.0,826104.0,1.9450878208839992,200.0,2200.0,2.16,699.0,400.0,179.3,0.0,42596.0,27844.0,1.9446640316205532,200.0,2199.865,2.005,49030.5,18720.0,8866.5,0.2,169512.0,165012.0,1.8438492063492065,200.0,2199.9325,1.765,2037.0,2480.0,1831.6,0.6,831336.0,826108.0,1.981985459692466,200.0,2199.9325,1.345,537.5,840.0,175.9,0.0,42488.0,27504.0,1.4031620553359685,200.0,2199.865,2.6,48937.0,15480.0,8627.900000000001,0.2,166480.0,161844.0,1.9045107825595633,200.0,2200.0,1.785,1858.0,4120.0,1978.0,0.6,831340.0,826104.0,2.006144244997748,200.0,2199.9325,1.325,534.0,1480.0,123.7,0.0,42484.0,27572.0,1.3897841289145636,193.3,2199.9325,2.595,49441.5,14280.0,9305.3,0.2,166216.0,161848.0,1.9006497786985597,200.0,2199.9325,1.79,1829.0,5240.0,1988.9,0.6,831340.0,826180.0,2.011194750048253,200.0,2199.9325,1.335,545.5,880.0,215.4,0.0,42592.0,27848.0,1.396473092125266,5.848999031118707,5.300431408319906,5.300235547572614,5.7800318030951825,5.7759275837620905,5.8119741662875475,5.91501348807687,5.901160674224055,5.918983139317646,5.973718671782053,5.880128928192309,5.85185719992058,4.611195957684668
200.0,2199.865,1.79,58241.0,20240.0,10368.1,0.2,172324.0,167984.0,1.6275953680441249,200.0,2199.9325,1.335,7326.0,2160.0,975.9,0.5,758332.0,752608.0,1.482941069147966,200.0,2199.865,1.3,846.0,1360.0,77.0,0.0,44952.0,29880.0,1.9685039370078738,200.0,2200.0,1.77,59926.0,15520.0,10624.3,0.2,172676.0,168116.0,1.6016949152542377,200.0,2199.9325,1.345,7214.0,2600.0,862.6,0.5,758316.0,752588.0,1.4939792008757526,200.0,2200.0,1.255,712.5,1960.0,108.8,0.0,44948.0,29812.0,1.9005115236507844,200.0,2199.9325,1.79,58983.5,15480.0,10066.4,0.2,172324.0,167976.0,1.6275953680441249,200.0,2199.9325,1.615,4168.0,4200.0,711.8,0.5,758352.0,752604.0,1.7874475460682355,200.0,2199.9325,1.275,879.0,1720.0,99.3,0.0,44944.0,29876.0,1.9320075866429105,200.0,2199.865,1.795,59757.5,14160.0,10274.8,0.2,172324.0,167980.0,1.631031794160963,193.8,2200.0,1.765,2222.0,4920.0,610.8,0.5,758332.0,752660.0,1.9480021893815,200.0,2199.9325,1.28,688.5,3200.0,130.9,0.0,44948.0,29884.0,1.9398816023909415,5.580904554706469,5.583600831920658,5.576234697244628,5.880932889826831,5.736500968655793,5.686290697214479,5.644326702080507,5.661104332798168,5.489115555971542,5.556662137334112,5.491934640626241,5.36300635864886,5.308937606598913
200.0,2199.865,1.81,60685.0,12480.0,10330.7,0.2,172680.0,168384.0,1.6389830508474577,200.0,2200.0,1.345,7182.0,2600.0,1092.7,0.5,758348.0,752608.0,1.930927618447316,200.0,2199.9325,1.25,1295.0,1560.0,154.2,0.0,44952.0,29880.0,1.8749156355455567,200.0,2200.0,1.79,58175.0,20280.0,10333.2,0.2,172676.0,168376.0,1.6035299061493204,200.0,2199.9325,1.35,7079.5,2520.0,800.5,0.5,758332.0,752588.0,1.9396995482718773,200.0,2199.865,1.27,866.5,2000.0,173.3,0.0,44948.0,29812.0,1.9056805399325083,200.0,2199.865,1.77,59706.0,16520.0,10229.2,0.2,172680.0,168116.0,1.6016949152542377,200.0,2199.9325,1.505,4225.0,3920.0,828.9,0.5,758352.0,752604.0,2.20606156108835,193.8,2200.0,1.265,949.5,1720.0,145.5,0.0,44944.0,29876.0,1.8978065241844768,200.0,2200.0,1.7999999999999998,62467.5,20120.0,10665.8,0.2,172680.0,168120.0,1.6271186440677967,200.0,2199.865,1.61,2383.0,5160.0,517.9,0.7,965048.0,959408.0,2.393055993276605,193.8,2200.0,1.28,757.5,1840.0,134.9,0.0,44948.0,29884.0,1.9199662542182232,5.91316419259229,5.828804420882219,5.723419837794813,5.4183476058750735,5.448874573641657,5.410762914208871,5.38082970592133,5.3931637703834365,5.369440600159285,5.378539873479109,5.345482022239438,5.290576249630472,5.2331944616550246
193.8,2199.9325,1.7799999999999998,57800.0,17200.0,10621.4,0.2,172680.0,168384.0,1.5967502451323714,200.0,2199.9325,1.33,7111.5,2400.0,1076.2,0.5,758348.0,752608.0,2.4944052332587363,200.0,2199.9325,1.3,885.5,1440.0,82.8,0.0,44952.0,29880.0,1.954795218942956,193.8,2199.9325,1.815,58164.5,18640.0,9685.9,0.2,172676.0,168376.0,1.6640288194649502,200.0,2200.0,1.33,7053.0,2640.0,834.0,0.5,758332.0,752588.0,2.4944052332587363,200.0,2199.9325,1.25,1003.0,2880.0,174.0,0.0,44948.0,29812.0,1.8835325440435056,193.8,2199.865,1.75,57170.0,17000.0,9903.8,0.2,172680.0,168376.0,1.5617873651771956,200.0,2200.0,1.465,13312.0,3880.0,4884.5,0.2,294704.0,289180.0,2.9092787054570493,200.0,2199.9325,1.245,1142.5,2120.0,197.4,0.0,44944.0,29876.0,1.8756585282954736,200.0,2199.9325,1.765,58357.0,17320.0,10504.0,0.2,172680.0,168380.0,1.5817061213055048,193.3,2200.0,1.275,11432.0,5280.0,1761.1,0.2,294100.0,286868.0,2.395765191943536,200.0,2200.0,1.245,1008.5,2160.0,163.0,0.0,44948.0,29884.0,1.8763382994391888,5.42664784658912,5.430307251935028,5.413098555171479,5.152864325476539,5.1654192300168775,5.1228009207176814,5.098101309893855,5.089091290909348,5.075502901457888,5.098757882603857,5.076219259984399,5.002057775874809,5.185422422208596
200.0,2199.865,1.81,57354.5,15280.0,10161.1,0.2,172680.0,168384.0,1.6605444989074587,200.0,2199.9325,1.545,14196.0,2400.0,4634.8,0.2,290040.0,285112.0,2.4449752300070764,200.0,2199.865,1.265,1302.5,1200.0,167.20000000000005,0.0,44952.0,29880.0,1.8889261182777688,200.0,2199.9325,1.76,56445.0,16200.0,11536.8,0.2,172676.0,168376.0,1.5883162863886704,200.0,2199.9325,1.54,14173.0,2560.0,4200.5,0.2,292348.0,286200.0,2.4357159707478178,200.0,2200.0,1.235,1112.5,2400.0,183.2,0.0,44948.0,29812.0,1.849500195454292,200.0,2199.865,1.815,58644.0,16480.0,9358.6,0.2,172680.0,168376.0,1.6690190751786451,200.0,2200.0,1.08,5476.5,3720.0,1993.2,0.2,290044.0,285132.0,1.5665251238499645,200.0,2199.865,1.22,1164.0,2680.0,203.4,0.0,44944.0,29876.0,1.8274417825431395,200.0,2200.0,1.825,59167.5,17120.0,10050.0,0.2,172680.0,168380.0,1.6709974605799327,200.0,2200.0,1.085,6754.5,4400.0,984.9,0.2,294696.0,288736.0,1.5757843831092242,200.0,2200.0,1.225,1154.0,3360.0,207.7,0.0,44948.0,29884.0,1.8345339811247,5.236568713764673,5.1164331809559815,5.121902964717728,5.688314690614157,5.775308573129651,5.800572563668259,5.7876758358386535,5.792911437932893,5.782018007769071,5.752840873416765,5.720883831088999,5.696641276642572,4.859708056308373
200.0,2199.865,1.7600000000000002,57765.0,18920.0,10478.0,0.2,172616.0,168404.0,1.5981416957026715,200.0,2199.865,1.66,7999.0,2640.0,1265.7,0.2,305724.0,300048.0,2.314276256679434,200.0,2200.0,1.325,1045.5,1280.0,93.9,0.0,45948.0,30584.0,1.9861952861952858,200.0,2199.9325,1.765,58542.0,16560.0,10611.9,0.2,172612.0,168396.0,1.5730649648175423,193.3,2199.865,1.645,8516.0,2560.0,1784.1,0.2,299352.0,294356.0,2.2917198657019906,200.0,2199.9325,1.365,574.0,2120.0,117.5,0.0,45944.0,30516.0,2.045959595959596,200.0,2199.9325,1.735,57562.5,16480.0,10013.6,0.2,172616.0,168396.0,1.5714285714285714,200.0,2200.0,0.87,34100.0,3720.0,4307.3,0.2,302396.0,297268.0,1.118929398969121,193.8,2200.0,1.355,598.5,1000.0,85.6,0.0,45940.0,30584.0,2.031313131313131,200.0,2199.9325,1.73,58034.5,15680.0,10373.5,0.2,172616.0,168400.0,1.5632984901277585,200.0,2199.865,0.88,34419.5,5120.0,4555.4,0.2,302256.0,297332.0,1.1315080153213222,200.0,2200.0,1.35,588.0,2200.0,95.6,0.0,45944.0,30588.0,2.023400673400673,4.664066463951415,4.714414243015256,4.688548673696541,4.686084631692247,4.695661481778869,4.806966371451747,5.140671557372193,5.545006192142185,5.744763295120923,5.612964115938894,5.5265414804571344,5.644383830231893,5.0002029278665985
200.0,2200.0,1.77,58349.5,16440.0,10546.7,0.2,172616.0,168404.0,1.5765013909343808,193.8,2200.0,1.435,5923.5,2480.0,1044.5,0.2,302396.0,297276.0,2.069564313195383,200.0,2200.0,1.3050000000000002,1276.0,440.0,206.2,0.0,46080.0,30848.0,1.9262527233115467,200.0,2199.9325,1.795,57985.0,15280.0,9925.2,0.2,172612.0,168396.0,1.587631399317406,200.0,2199.9325,1.385,7970.0,2600.0,1356.8,0.2,302252.0,297260.0,1.9871581574295518,200.0,2199.9325,1.35,754.0,1840.0,144.10000000000005,0.0,46076.0,30780.0,1.9928104575163401,200.0,2200.0,1.7400000000000002,57861.5,15840.0,9909.3,0.2,172616.0,168396.0,1.5468826705940109,200.0,2199.865,0.83,34571.5,3800.0,4441.3,0.2,302396.0,297268.0,1.0628574399500883,200.0,2199.9325,1.37,624.5,1520.0,91.5,0.0,46072.0,30848.0,2.0224400871459696,200.0,2199.9325,1.73,57806.0,17800.0,10492.5,0.2,172616.0,168400.0,1.5400098183603341,200.0,2200.0,0.82,34444.0,4920.0,4777.6,0.2,302256.0,297332.0,1.0505875012997818,193.8,2199.9325,1.34,746.5,2240.0,126.3,0.0,46076.0,30852.0,1.9779956427015248,4.401618585970588,4.641987291648237,4.59724966194834,5.312779610467205,5.150041352736745,5.307115584114079,5.426584564228038,5.596103969678079,5.272417901043927,5.118882893448593,5.036574057775595,4.995711047204127,5.742874348422589
200.0,2199.865,0.98,4658.0,17640.0,878.4,0.30000000000000004,402236.0,376448.0,1.9394769898367024,100.0,2200.0,0.95,1072.0,160.0,200.2,0.2,450740.0,270876.0,1.7063115228720322,193.8,2199.9325,2.465,974.5,840.0,84.0,0.0,49316.0,31496.0,1.9372220849802373,200.0,2199.9325,0.8899999999999999,3854.0,13920.0,680.6,0.30000000000000004,402404.0,376484.0,1.943253968253968,100.0,2199.9325,0.95,1079.5,40.0,188.3,0.2,450716.0,270892.0,1.7063115228720322,200.0,2200.0,2.53,155.0,1200.0,21.4,0.0,49316.0,31092.0,1.988188611660079,193.8,2199.865,0.96,6213.0,15040.0,1314.3,0.30000000000000004,402220.0,374752.0,1.9107000114194361,100.0,2200.0,0.965,912.5,760.0,203.7,0.2,450632.0,270780.0,1.7372321945570353,200.0,2200.0,2.48,399.0,680.0,437.8,0.0,49316.0,31300.0,1.9491724308300395,200.0,2199.9325,0.875,4542.0,9400.0,789.2,0.30000000000000004,402340.0,376140.0,1.918253968253968,93.8,2200.0,0.975,811.5,520.0,170.29999999999995,0.2,450676.0,270820.0,1.74997104806022,200.0,2200.0,2.525,183.5,1240.0,23.200000000000006,0.0,49316.0,33456.0,1.984282361660079,5.55372312673103,5.52867173926957,5.45621287373488,5.463844714690686,5.6924274283988945,5.582804363510885,5.34655792366346,5.569865875368593,5.600760761732229,5.5883925630528895,5.1716397911767285,5.093810699529933,5.0238644696185455
200.0,2199.865,0.8899999999999999,3521.0,14760.0,867.2,0.30000000000000004,402412.0,376468.0,1.943253968253968,100.0,2199.9325,0.935,1022.5,320.0,187.8,0.2,450772.0,270876.0,1.6391037306642402,200.0,2199.865,2.505,417.0,680.0,18.8,0.0,49316.0,31496.0,1.96870368083004,200.0,2199.9325,0.885,3385.0,13720.0,678.8,0.30000000000000004,402724.0,376516.0,1.9513048157115955,100.0,2200.0,0.95,1001.5,360.0,173.8,0.2,450748.0,270892.0,1.681187443130118,200.0,2200.0,2.54,65.0,1440.0,9.0,0.0,49316.0,31092.0,1.99609375,200.0,2200.0,0.885,4177.5,16200.0,1085.5,0.30000000000000004,402364.0,374772.0,1.934920634920635,100.0,2199.865,0.965,851.0,720.0,173.70000000000005,0.2,450664.0,270780.0,1.7002957233848952,193.8,2199.9325,2.49,286.0,1200.0,197.2,0.0,49316.0,31300.0,1.95703125,193.3,2199.9325,0.875,4373.5,12680.0,1025.0,0.30000000000000004,402668.0,376176.0,1.9343556631692225,100.0,2200.0,0.975,771.5,160.0,169.1,0.2,450708.0,270820.0,1.71303457688808,200.0,2200.0,2.54,79.5,960.0,12.6,0.0,49316.0,33456.0,1.99609375,5.664682245592573,5.661083760744088,5.705780730441057,5.632532624380452,5.67286815262186,5.541047084734332,5.605779701126169,5.5284903552779605,5.587382545949813,5.6369836378310945,5.482249660816237,5.318875968536294,5.108030918293101
200.0,2199.9325,0.8799999999999999,3297.5,13720.0,1051.3,0.30000000000000004,402748.0,376508.0,1.9428302394404093,100.0,2200.0,0.985,956.0,680.0,172.2,0.2,450772.0,270876.0,1.7443181818181817,193.8,2200.0,2.5,414.5,1040.0,19.0,0.0,49316.0,31496.0,1.9685654498953733,200.0,2200.0,0.865,3537.0,17320.0,752.7,0.30000000000000004,402916.0,376528.0,1.893873802964712,100.0,2200.0,0.99,962.0,160.0,172.29999999999995,0.2,450748.0,270892.0,1.7744318181818182,200.0,2200.0,2.54,61.5,1480.0,11.5,0.0,49316.0,31092.0,2.0,200.0,2199.9325,0.8799999999999999,3767.5,17760.0,1221.4,0.30000000000000004,402692.0,374808.0,1.9428302394404093,100.0,2200.0,1.0,831.0,160.0,189.1,0.2,450664.0,270780.0,1.775,200.0,2199.9325,2.485,320.5,1200.0,172.20000000000005,0.0,49316.0,31300.0,1.9568627450980396,200.0,2200.0,0.8700000000000001,4018.0,13560.0,949.5,0.30000000000000004,402884.0,376188.0,1.909746818837728,100.0,2199.865,1.005,796.5,400.0,182.3,0.2,450708.0,270820.0,1.78125,193.8,2199.9325,2.54,78.5,840.0,9.2,0.0,49316.0,33456.0,2.0,5.74764705927312,5.7430787330019335,5.7448947136314725,5.657717036236403,5.631023246016902,5.513713443480565,5.473271073324041,5.5227447756429004,5.454178033916092,5.460826744993022,5.563697030076797,5.491392014882481,5.1708079126013065
200.0,2199.865,1.68,49346.0,21080.0,8878.4,0.30000000000000004,358816.0,352744.0,1.9264421215640728,200.0,2200.0,2.005,1501.0,1320.0,294.1,0.1,184628.0,85424.0,2.0301891749868632,200.0,2199.9325,1.905,574.5,240.0,81.3,0.5,862472.0,720612.0,1.580334409107864,200.0,2199.9325,1.67,49454.0,18160.0,9524.2,0.30000000000000004,358816.0,352740.0,1.9194734804490905,200.0,2199.9325,2.07,1207.0,2120.0,240.0,0.1,184628.0,86148.0,2.0966894377299,200.0,2199.9325,2.09,8158.5,2480.0,2796.8,0.5,882336.0,754732.0,2.103462157809984,187.6,2199.9325,1.67,49506.5,14200.0,9868.9,0.30000000000000004,358816.0,352744.0,1.9194734804490905,200.0,2200.0,1.865,987.0,3840.0,192.5,0.1,183360.0,84284.0,1.9090909090909087,193.8,2199.865,2.61,3228.0,360.0,1741.6,0.5,862628.0,718780.0,2.028932388381635,200.0,2199.865,1.67,50006.5,14640.0,9750.6,0.30000000000000004,358816.0,352744.0,1.9194734804490905,200.0,2200.0,2.05,3898.0,9760.0,1246.2,0.1,224524.0,188744.0,2.08838675775092,193.3,2200.0,1.935,349.0,1520.0,61.8,0.5,862468.0,720940.0,1.6013849921344123,5.8508209805476605,6.749046756520129,5.931429009576847,5.936292344686316,5.986368422810657,5.932627550063755,5.964620491288635,5.859517857866459,5.826188137585901,5.988727727825982,5.83218374019364,5.84303692842284,5.029040456374662
193.8,2199.865,1.7,47671.0,17480.0,7808.799999999998,0.30000000000000004,358816.0,352744.0,1.9140166801183751,200.0,2199.9325,1.87,5683.5,2720.0,3577.9,0.7,892068.0,873216.0,2.632142857142857,200.0,2199.865,2.215,7903.5,2240.0,2667.3,0.6,983856.0,831268.0,2.239331723027375,200.0,2199.9325,1.655,47010.0,16240.0,8281.6,0.30000000000000004,358816.0,352740.0,1.8710250201775624,200.0,2199.9325,1.375,27267.0,2920.0,10340.6,0.7,892068.0,873212.0,1.7599999999999998,200.0,2199.9325,1.8,2891.5,2360.0,559.0,0.6,882536.0,811212.0,1.914797426534516,200.0,2199.9325,1.74,51059.0,16720.0,9193.2,0.30000000000000004,358816.0,352744.0,1.941135324186172,200.0,2199.9325,1.97,1683.0,1320.0,817.6999999999998,0.7,903444.0,884468.0,2.7557142857142853,200.0,2199.9325,1.925,9310.0,4440.0,3808.0,0.5,882340.0,768808.0,1.9249194847020927,200.0,2199.865,1.655,48029.0,13400.0,8567.5,0.30000000000000004,358816.0,352744.0,1.8710250201775624,200.0,2199.9325,1.44,42720.0,5080.0,9654.2,0.7,909912.0,891136.0,1.8525,200.0,2199.865,2.16,7806.0,2920.0,2699.1,0.6,983852.0,829468.0,2.179549114331723,5.973746595181078,5.952195751277688,6.001873025776723,5.974585088178404,5.66136724090094,5.844481127190008,5.887603315086013,6.0028814615991815,6.1559447027059,5.590306573696205,5.793902325584358,5.813088401472081,5.406812959784234
193.8,2199.865,1.625,47496.0,10240.0,8491.2,0.30000000000000004,358816.0,352744.0,1.8693359696819905,200.0,2199.9325,1.19,43098.0,2440.0,8870.9,0.7,925112.0,906316.0,1.6027146001467352,200.0,2200.0,1.94,5364.0,1280.0,1198.2,0.6,882544.0,813068.0,2.0920709441836203,200.0,2199.9325,1.62,48866.0,19360.0,9388.3,0.30000000000000004,358816.0,352740.0,1.8782885703300929,200.0,2199.9325,1.205,42625.5,2680.0,9546.9,0.7,925112.0,906312.0,1.6120689655172415,200.0,2199.9325,1.78,2801.0,2680.0,566.9,0.6,882536.0,814312.0,1.9143481599621952,200.0,2200.0,1.635,47523.5,19320.0,9345.7,0.30000000000000004,358816.0,352744.0,1.8886691931674633,200.0,2200.0,1.295,41851.5,3600.0,9500.7,0.7,890592.0,871796.0,1.7078136463683051,193.3,2200.0,1.795,2980.5,2920.0,679.1,0.6,882544.0,811432.0,1.9071465832029209,193.8,2199.865,1.615,49230.5,12640.0,9536.8,0.30000000000000004,358816.0,352744.0,1.8624155544570768,193.8,2199.9325,1.35,41413.5,5240.0,9318.9,0.7,892036.0,873232.0,1.7696258253851798,200.0,2199.9325,1.935,4419.5,2240.0,1174.0,0.6,882540.0,815112.0,2.0844201008520256,5.518221035777334,6.006418480322176,5.745090524313488,5.704786291509256,5.7140681479834425,5.730822722943502,5.7320472647561465,5.737863892920191,5.594495286218251,5.7464006031684125,5.6759873396057445,5.54912297282334,5.509860060859298
200.0,2199.9325,1.63,46550.0,21400.0,8588.6,0.30000000000000004,358816.0,352744.0,1.8852089855550065,193.8,2199.9325,1.44,42753.5,2600.0,8710.4,0.7,894348.0,875416.0,1.8046834791559443,200.0,2200.0,1.69,4312.0,1720.0,604.7,0.6,882544.0,813596.0,1.8129541024277869,200.0,2199.865,1.615,46470.5,16600.0,9265.7,0.30000000000000004,358816.0,352740.0,1.8748283627176359,200.0,2200.0,1.4500000000000002,44339.0,2320.0,10044.0,0.7,894348.0,875412.0,1.8182792931892269,200.0,2200.0,1.77,2749.0,2320.0,608.6999999999998,0.6,882536.0,814840.0,1.9436503067484665,200.0,2199.9325,1.625,47546.5,17440.0,9671.1,0.30000000000000004,358816.0,352744.0,1.8817487779425492,200.0,2200.0,1.48,43125.5,3200.0,9700.9,0.7,894348.0,875416.0,1.848130039457883,193.3,2200.0,1.7599999999999998,2893.5,2040.0,587.9,0.6,882544.0,814268.0,1.8910449524484607,200.0,2199.9325,1.615,47476.0,14280.0,9549.5,0.30000000000000004,358816.0,352744.0,1.8624155544570768,200.0,2200.0,1.475,42580.0,4120.0,9447.0,0.7,894348.0,875484.0,1.8395093498027109,200.0,2200.0,1.77,2935.5,2400.0,1041.2,0.6,882540.0,815900.0,1.903390631460807,5.621088651068287,5.784912403906595,5.714281263761227,5.6973046661956,5.65219717485477,5.672927321117532,5.7090663328341815,5.71283866436594,5.744873572837629,5.698812550908729,5.623950574451347,5.584683513024901,4.4040630486401895
200.0,2199.865,1.63,46163.5,15960.0,8736.199999999999,0.30000000000000004,358816.0,352744.0,1.8883928571428568,200.0,2199.9325,1.41,43561.5,2560.0,8795.2,0.7,917112.0,898220.0,2.211697722567288,200.0,2200.0,1.69,4647.0,1400.0,690.9,0.6,882544.0,814388.0,1.8488957055214723,200.0,2199.865,1.625,46476.0,17040.0,9297.8,0.30000000000000004,358816.0,352740.0,1.8849206349206349,200.0,2199.9325,1.425,43641.0,2560.0,10050.6,0.7,917772.0,898744.0,2.240165631469979,200.0,2200.0,1.835,2812.0,2440.0,559.1,0.6,882536.0,817676.0,1.9325153374233128,200.0,2199.865,1.63,47283.0,16280.0,9790.7,0.30000000000000004,358816.0,352744.0,1.8883928571428568,193.8,2200.0,1.345,41473.0,3640.0,9427.1,0.7,919356.0,900332.0,2.120859213250517,200.0,2199.865,1.7599999999999998,2790.5,2120.0,613.8,0.6,882544.0,814796.0,1.9313803680981596,200.0,2199.865,1.63,47554.5,13240.0,9648.9,0.30000000000000004,358816.0,352744.0,1.8883928571428568,200.0,2200.0,1.335,41222.5,4840.0,9504.6,0.7,919620.0,900928.0,2.1147774327122155,200.0,2200.0,1.765,2889.5,2440.0,718.1999999999998,0.6,882540.0,818476.0,1.9375153374233127,5.641901086391228,5.6892342333269275,5.686164379614136,5.66892300030379,5.721601234674023,5.7018131536196055,5.675227683782946,5.675227683782946,5.698997908573335,5.641172169721449,5.631448791216855,5.558130463085028,5.862602272258452
200.0,2199.865,1.62,46210.5,16720.0,8442.8,0.30000000000000004,358816.0,352744.0,1.8720340369824904,200.0,2199.9325,1.425,54235.5,2560.0,10916.2,0.7,894220.0,875272.0,1.8334005647438485,200.0,2200.0,1.7,4240.5,1640.0,580.9,0.6,882544.0,821380.0,1.7644355865581574,200.0,2200.0,1.625,47137.5,18080.0,8998.6,0.30000000000000004,358816.0,352740.0,1.875470463099329,200.0,2199.865,1.4449999999999998,54515.0,2440.0,11318.8,0.7,895680.0,876776.0,1.8452332929944868,200.0,2199.9325,1.665,2618.5,2120.0,544.8000000000002,0.6,882536.0,820316.0,1.8397853464855136,200.0,2199.9325,1.63,47727.5,12360.0,9508.8,0.30000000000000004,358816.0,352744.0,1.878906889216168,200.0,2199.9325,1.52,41421.5,4200.0,9564.7,0.7,895680.0,876780.0,1.927927927927928,200.0,2199.9325,1.805,2854.0,1880.0,656.8000000000002,0.6,882544.0,821524.0,1.8721142667331008,200.0,2199.9325,1.63,47847.0,13960.0,9217.2,0.30000000000000004,358816.0,352744.0,1.878906889216168,200.0,2200.0,1.53,42514.0,4400.0,9873.1,0.7,895680.0,876848.0,1.9499798305768457,200.0,2200.0,1.82,2853.0,2360.0,626.7,0.6,882540.0,822892.0,1.888944250678182,5.629863694376457,5.891132247354657,5.632549116371343,5.684723029414822,5.702135370096401,5.6892041224261645,5.6367604636125215,5.665805799820702,5.6189389256266695,5.710946750344256,5.592546994531939,5.460974785146786,5.453331524134326
200.0,2199.9325,1.67,46315.0,17800.0,7968.5,0.30000000000000004,358816.0,352744.0,1.8936776970675275,200.0,2199.9325,1.1800000000000002,41590.5,1800.0,8555.400000000001,0.7999999999999999,961204.0,942328.0,1.4242816091954025,200.0,2199.9325,1.705,4522.5,1320.0,628.9,0.6,882544.0,822172.0,1.896011396011396,193.8,2199.9325,1.66,47440.5,17000.0,8553.9,0.30000000000000004,358816.0,352740.0,1.874414850686037,200.0,2200.0,1.14,42214.0,2520.0,9593.3,0.7999999999999999,960464.0,941648.0,1.3954022988505748,200.0,2200.0,1.845,3077.0,2640.0,601.0999999999998,0.6,882536.0,821372.0,1.9230078563411896,200.0,2199.9325,1.665,47697.0,15960.0,9137.6,0.30000000000000004,358816.0,352744.0,1.877804681194512,200.0,2200.0,1.165,43470.0,3800.0,9731.0,0.7999999999999999,960464.0,941652.0,1.4251436781609197,200.0,2199.9325,1.725,3016.0,2640.0,606.1,0.6,882544.0,822316.0,1.9238366571699903,200.0,2200.0,1.66,48193.5,12560.0,8819.699999999999,0.30000000000000004,358816.0,352744.0,1.874414850686037,200.0,2200.0,1.395,42846.5,5200.0,9789.0,0.7999999999999999,960464.0,941720.0,1.6346264367816097,200.0,2199.9325,1.74,2991.0,2760.0,868.2,0.6,882540.0,823420.0,1.9423551756885091,6.398175750447919,5.671987238953087,6.184107230582298,6.151400910305357,5.6189248493675725,5.694314911427224,6.014527400550491,5.978178007679357,5.966332829167513,5.661992646633696,5.89237096763503,5.769584288940713,5.0386896211097465
200.0,2199.9325,1.525,53595.5,13560.0,11017.3,0.30000000000000004,358816.0,352744.0,1.4771551724137932,193.8,2199.9325,1.3199999999999998,44976.0,2200.0,9318.7,0.7,895100.0,876216.0,2.2468396054073803,193.8,2200.0,1.6949999999999998,4580.5,1360.0,663.0,0.6,882544.0,823228.0,1.8619021031081329,200.0,2199.9325,1.525,54060.5,19160.0,11398.0,0.30000000000000004,358816.0,352740.0,1.4681034482758617,200.0,2199.9325,1.325,44980.5,2720.0,9882.9,0.7,892612.0,873656.0,2.2555352575812933,200.0,2199.9325,1.765,2953.0,2520.0,601.6,0.6,882536.0,823220.0,1.9409259259259255,200.0,2199.9325,1.53,54012.5,14520.0,12236.9,0.30000000000000004,358816.0,352744.0,1.4715517241379308,193.8,2199.9325,1.38,42259.5,3440.0,9643.9,0.7,896336.0,877416.0,2.349725977347461,200.0,2200.0,1.685,2947.5,2160.0,637.5,0.6,882544.0,823636.0,1.8644767045102053,200.0,2199.865,1.525,54850.5,16560.0,11504.1,0.30000000000000004,358816.0,352744.0,1.4590517241379308,193.8,2200.0,1.48,41033.5,5120.0,9491.9,0.7,943868.0,924908.0,2.518377785896968,193.8,2200.0,1.7,2844.5,2680.0,896.7,0.6,882540.0,824212.0,1.881847509150692,5.300079608077817,5.6791674626590645,5.302116207257088,5.3388680543987705,5.298433674152653,5.326663847892425,5.358539083971813,5.348061421832582,5.444045608624022,5.220967029323806,5.391032948535188,5.348803819696996,6.075512390085692
200.0,2199.9325,1.565,53693.5,21000.0,10988.2,0.30000000000000004,358816.0,352744.0,1.1726761619190404,200.0,2199.9325,1.47,42582.0,2600.0,8953.0,0.7999999999999999,1008676.0,989748.0,1.7398047551566682,200.0,2199.865,1.63,4168.0,1240.0,633.3,0.6,882544.0,826924.0,1.71313975821941,200.0,2199.9325,1.545,53969.0,17880.0,11550.7,0.30000000000000004,358816.0,352740.0,1.1588830584707646,200.0,2200.0,1.52,41506.5,2520.0,9080.9,0.7999999999999999,1008676.0,989744.0,1.7814123760037792,200.0,2200.0,1.725,2025.0,2040.0,422.9,0.6,879728.0,827732.0,1.6884170258098883,200.0,2199.865,1.56,54363.5,13840.0,12091.6,0.30000000000000004,358816.0,352744.0,1.1672413793103449,200.0,2199.9325,1.56,40785.5,3840.0,9134.0,0.7999999999999999,1008676.0,989748.0,1.846323413635648,200.0,2199.9325,1.825,8361.0,2760.0,2811.1,0.7,991892.0,919700.0,1.9314201785109024,200.0,2199.865,1.53,54319.5,14760.0,11461.0,0.30000000000000004,358816.0,352744.0,1.1445652173913043,200.0,2199.865,1.48,58650.5,8440.0,12190.6,0.7,895032.0,876112.0,1.7611006140765233,200.0,2199.9325,1.8,6966.5,2320.0,2467.600000000001,0.7,991888.0,921528.0,1.8989379731103833,5.173814503061352,4.900773022252816,5.038670010364641,5.021620781053941,4.7254842511707045,4.729288575803931,5.135793575823817,5.025592421366133,5.1043650046558335,4.776313898226828,4.904283453318908,4.958397319273128,4.62758403376256
200.0,2199.865,1.5450000000000002,56126.0,15440.0,12342.6,0.30000000000000004,358816.0,352744.0,1.1377935312361542,200.0,2199.865,1.345,40890.5,2200.0,8108.6,0.7,893764.0,875036.0,1.7251922207146086,193.3,2200.0,1.73,10925.0,1200.0,2909.3,0.7,991892.0,925100.0,1.91625,200.0,2199.865,1.535,53645.5,18520.0,12570.9,0.30000000000000004,358816.0,352740.0,1.133122876975336,200.0,2199.9325,1.38,40703.5,2560.0,8810.6,0.7,894028.0,875248.0,1.7682496607869742,187.6,2200.0,1.935,4697.5,2680.0,1078.1,0.6,879728.0,827732.0,1.9456901609652812,200.0,2200.0,1.525,55626.0,12920.0,13488.8,0.30000000000000004,358816.0,352744.0,1.1201078127307635,200.0,2200.0,1.54,41087.5,3560.0,9292.7,0.7,898328.0,879324.0,1.9439167797376755,200.0,2199.9325,1.85,3433.0,2800.0,971.9,0.6,980216.0,866340.0,2.04375,200.0,2199.9325,1.515,53265.0,14480.0,12465.7,0.30000000000000004,358816.0,352744.0,1.1154371584699454,200.0,2199.9325,1.405,40978.0,5240.0,9256.0,0.7,898328.0,879392.0,1.80958842152872,193.3,2199.9325,1.82,2293.5,2800.0,649.0999999999998,0.6,925344.0,839568.0,2.00875,5.147296549013137,4.650335073103227,5.087200125450725,5.047363168928985,4.947341118017004,4.858202845241207,5.06722226940442,5.098947437278682,5.0352195812323775,4.909394443679071,5.037234541494182,5.040599639905464,4.7638925119713065
200.0,2199.9325,1.825,1874.0,11800.0,242.6,0.2,294816.0,271700.0,1.912,193.8,2200.0,1.885,9663.5,2400.0,1308.3,0.6,945100.0,718072.0,1.7362019076197623,200.0,2199.9325,1.7799999999999998,1444.0,1480.0,870.7,0.0,54784.0,49740.0,1.983741156617122,200.0,2199.865,1.835,1695.0,9080.0,264.9,0.2,293752.0,270636.0,1.92,200.0,2200.0,1.825,11590.5,2520.0,1318.3000000000004,0.6,944700.0,715828.0,1.6915925409923909,193.8,2199.865,1.81,791.5,2160.0,232.9,0.0,54784.0,49668.0,2.0138248847926272,200.0,2199.865,1.82,2066.0,8920.0,331.2,0.2,292432.0,269324.0,1.9047007299270076,200.0,2199.9325,2.03,11059.0,3720.0,1863.8,0.6,945356.0,716492.0,1.8752277355053049,200.0,2200.0,1.79,1205.5,1880.0,58.1,0.0,54784.0,49744.0,1.9880898292983709,187.6,2199.9325,1.8,2470.5,10760.0,376.1,0.2,291896.0,268700.0,1.8854014598540147,200.0,2200.0,2.075,6940.0,5360.0,1077.7,0.6,945096.0,716168.0,1.943066123673776,200.0,2200.0,1.81,832.0,2000.0,330.7,0.0,54784.0,49740.0,2.0138248847926272,5.802448371481317,5.755184927097258,5.803896857426035,5.752668483596394,5.745029335540352,5.570877946426443,5.494083330536305,5.411121653968467,5.319038542816496,5.32743724852331,5.18630268616901,5.171879375834858,4.551874914670505
200.0,2199.865,2.08,2180.5,13000.0,359.0,0.2,314252.0,291764.0,1.9366516834126568,200.0,2199.865,1.52,9245.0,3440.0,1732.6,0.7,940192.0,922256.0,2.0679723502304146,200.0,2199.865,1.725,1497.0,1360.0,790.1,0.0,54928.0,49912.0,1.9552218974222693,200.0,2199.865,2.04,2400.5,12240.0,255.1,0.2,313928.0,291492.0,1.9000969504671248,200.0,2199.9325,1.595,7949.0,2560.0,1589.0,0.7,940188.0,922320.0,2.1555800440793424,200.0,2199.865,1.775,801.0,2200.0,241.5,0.0,54928.0,49840.0,2.0047169811320757,193.8,2199.865,2.04,2879.5,9480.0,326.2000000000001,0.2,314084.0,291496.0,1.8972325048475231,200.0,2199.9325,1.39,26649.5,3920.0,6249.6,0.7,940184.0,922116.0,1.9398417150871563,200.0,2200.0,1.755,1195.0,1640.0,56.1,0.0,54928.0,49916.0,1.9765479670475683,200.0,2199.865,2.02,3799.0,10480.0,426.8,0.2,313748.0,291232.0,1.88253569539926,200.0,2200.0,1.36,30902.0,4640.0,6215.0,0.7,940188.0,922124.0,1.904427970346624,200.0,2200.0,1.775,836.5,1840.0,317.9000000000001,0.0,54928.0,49912.0,2.0047169811320757,5.824011840569548,5.874043339357374,5.744040022444463,5.801315982026748,5.742910052301793,5.5284259551398005,5.498296209207765,5.4954454965295945,5.560582539427086,5.548427976110169,5.175393240934136,4.964120190288239,4.935727566606242
200.0,2199.865,2.1,2831.0,12760.0,508.5,0.2,320004.0,297572.0,1.9617062205023819,200.0,2200.0,1.59,7787.5,2240.0,2750.8,0.7,930356.0,911952.0,1.6950250220783043,200.0,2200.0,1.715,1610.0,1400.0,844.5999999999998,0.0,54928.0,49912.0,1.995073891625616,193.8,2199.865,2.07,3597.5,13840.0,384.2000000000001,0.2,319652.0,297300.0,1.9329858858791689,200.0,2200.0,1.435,11118.5,2520.0,2924.600000000001,0.7,929772.0,911948.0,1.5712883917181828,200.0,2199.865,1.71,879.0,2120.0,100.7,0.0,54928.0,49840.0,1.9901477832512315,200.0,2199.9325,2.09,4346.0,13800.0,502.3,0.2,319508.0,297040.0,1.9491802178629745,200.0,2199.9325,1.75,8913.0,3680.0,2432.5,0.7,930348.0,911948.0,1.8936316357570404,200.0,2199.9325,1.6949999999999998,1233.0,1320.0,74.7,0.0,54928.0,49916.0,1.9688711875065508,200.0,2199.9325,2.055,5460.5,12360.0,508.9,0.2,319344.0,296776.0,1.914935021361308,200.0,2200.0,1.76,9431.0,5120.0,2167.4,0.7,930352.0,911956.0,1.8985379256206456,200.0,2200.0,1.715,841.0,2280.0,326.3,0.0,54928.0,49912.0,1.997239981832792,5.858805919634949,5.780747482804508,5.819763655787046,5.752610076681483,5.739757628601946,5.737650890413473,5.804435403986727,5.7897347530243,5.68611626738238,5.523502830066444,5.7613156828619925,5.3999748524966185,4.741384926101538
200.0,2199.865,1.95,2253.0,7440.0,320.4,0.2,335776.0,313684.0,2.0007733097657976,200.0,2200.0,1.015,15189.5,2480.0,3333.2,1.0,1397420.0,1378816.0,1.3214920757634323,200.0,2199.9325,1.775,1648.0,1520.0,1007.2,0.0,54928.0,49912.0,2.033816425120773,193.8,2199.865,2.005,3520.5,8040.0,374.6,0.2,334164.0,311828.0,2.062030490499337,200.0,2199.9325,1.025,17549.0,3120.0,2959.7,1.0,1397416.0,1378812.0,1.342211055276382,200.0,2199.9325,1.745,827.0,2280.0,214.1,0.0,54928.0,49840.0,2.0070921985815597,200.0,2199.865,1.98,4461.0,9800.0,465.7,0.2,333760.0,311568.0,2.0418692001767567,200.0,2199.9325,1.215,12153.0,4760.0,2111.8,1.0,1397412.0,1378808.0,1.551836103594897,200.0,2199.9325,1.725,1205.0,1960.0,79.3,0.0,54928.0,49916.0,1.9809846849624837,200.0,2199.9325,1.985,6776.5,10920.0,622.3,0.2,332404.0,310248.0,2.0459014582412727,200.0,2200.0,1.35,9668.0,4840.0,1933.1,1.0,1397416.0,1378820.0,1.6848473134905295,200.0,2199.9325,1.74,831.0,2160.0,292.4,0.0,54928.0,49912.0,2.002261280707164,5.7440247211760855,5.761558184621147,5.706883231143327,5.7247867422062395,5.7133947564437815,5.776168058189515,5.714034287569728,5.755014608113942,5.705872238187236,5.560608249414657,5.6126045272451375,5.4813213455202074,5.0364371582349765
200.0,2199.9325,1.885,3158.5,14800.0,301.9,0.2,358700.0,336916.0,1.9077297297297295,200.0,2199.865,1.255,22319.5,2840.0,6799.1,0.7,933776.0,915392.0,1.7242728766064357,200.0,2199.9325,1.71,1779.5,1440.0,1065.6,0.0,54928.0,49912.0,1.9392523364485983,200.0,2199.9325,1.825,4055.5,11800.0,527.0,0.2,357804.0,336116.0,1.8487027027027028,200.0,2199.865,1.245,25973.0,2640.0,7428.4,0.7,931440.0,912160.0,1.7077012271717074,200.0,2200.0,1.77,872.5,2240.0,101.7,0.0,54928.0,49840.0,1.9977464041890367,200.0,2199.9325,1.81,4688.5,13320.0,678.2,0.2,357536.0,335856.0,1.833945945945946,193.3,2200.0,0.895,15030.5,3840.0,3778.4,0.7,933776.0,914884.0,1.2816214126968788,200.0,2199.9325,1.75,1243.5,1840.0,55.7,0.0,54928.0,49916.0,1.969377609862796,200.0,2200.0,1.79,5881.0,11960.0,652.3,0.2,356988.0,335064.0,1.8069189189189192,200.0,2199.865,1.01,13859.0,2520.0,2904.4,0.7,929112.0,911380.0,1.4297999806744612,200.0,2200.0,1.765,861.5,2000.0,340.2999999999999,0.0,54928.0,49912.0,1.993073506992775,5.962154193635796,6.1025911885549045,6.107690425196125,5.9207608615615674,5.834322589682577,6.101906965215236,6.133962158142609,6.274189392114844,6.052710282252276,5.3690359190396695,5.980889724310777,6.044742873667685,5.3208250130113655
200.0,2199.9325,1.81,4332.0,12960.0,398.9,0.2,362184.0,340612.0,1.8229691876750704,193.8,2199.9325,0.885,15495.0,3960.0,4679.4,0.7,929116.0,911344.0,2.2524255319148936,200.0,2200.0,1.665,1575.0,920.0,1038.5,0.0,54928.0,49912.0,1.9249965814303291,200.0,2199.865,1.85,4407.5,14560.0,517.9,0.2,361344.0,339548.0,1.848579431772709,200.0,2200.0,0.8500000000000001,19080.5,2560.0,9180.1,0.7,933192.0,913728.0,2.196425531914894,200.0,2200.0,1.71,730.5,1960.0,66.9,0.0,54928.0,49840.0,1.970873786407767,193.3,2199.9325,1.835,5435.5,11280.0,852.9000000000002,0.2,360704.0,339024.0,1.8310524209683876,200.0,2199.9325,0.8700000000000001,18509.5,3320.0,4708.6,0.7,931448.0,912740.0,2.2682553191489365,193.8,2200.0,1.705,1071.0,1880.0,53.1,0.0,54928.0,49916.0,1.9594557637084644,200.0,2199.9325,1.795,6722.0,13520.0,787.1,0.2,360028.0,338232.0,1.7881552621048418,187.5,2200.0,1.555,15143.5,7880.0,3110.4,0.7,938844.0,919800.0,5.116765957446809,200.0,2200.0,1.72,729.0,2040.0,271.1,0.0,54928.0,49912.0,1.980582524271845,7.891421704175153,8.11236282622944,7.864616154770925,7.242942309086411,6.516205318070216,5.118880750719259,5.165516603479336,5.256932966509284,5.123355972075147,5.7499646057398275,5.0702098894893926,4.96401290634831,5.864976231788262
200.0,2199.9325,1.77,5538.5,15640.0,451.6,0.2,368088.0,346684.0,1.8000821018062398,200.0,2200.0,1.27,18748.0,1960.0,3167.4,0.7,929704.0,911376.0,1.524261486958761,200.0,2199.865,1.735,1565.0,1520.0,965.0,0.0,54928.0,49912.0,1.927927927927928,193.8,2200.0,1.765,7067.5,14320.0,767.8,0.2,367216.0,345884.0,1.78440065681445,193.8,2200.0,1.14,19123.0,2800.0,3119.7,0.7,929700.0,911372.0,1.3957988448662768,200.0,2199.9325,1.82,878.5,1840.0,238.4,0.0,54928.0,49840.0,2.0070921985815597,200.0,2199.9325,1.75,8172.0,16400.0,1230.6,0.2,366672.0,345360.0,1.7666392993979199,200.0,2200.0,1.335,12316.5,4320.0,1991.4,0.7,941456.0,923472.0,1.6047161829084355,200.0,2200.0,1.795,1280.5,1400.0,54.0,0.0,54928.0,49916.0,1.9742188997508143,200.0,2199.865,1.73,9475.0,10960.0,1079.4,0.2,365936.0,344568.0,1.7244116037219483,200.0,2200.0,0.65,46231.5,5800.0,6721.2,0.7,941328.0,923476.0,0.984806680645992,193.8,2199.9325,1.815,869.5,1920.0,340.9,0.0,54928.0,49912.0,2.0025876940770555,4.749568480773646,4.763126534853862,4.763554075162941,4.691714340832457,4.633496150276167,4.755308832937434,4.81637567331308,4.939755164796747,5.2821630686484236,4.515976358236291,5.272279499820661,5.709325101739408,4.222671368935677
200.0,2199.865,1.275,1021.0,14560.0,604.9,0.2,210200.0,184984.0,1.8706766917293236,193.8,2199.9325,1.96,701.0,1080.0,159.5,0.2,355728.0,255400.0,1.982995386761077,200.0,2199.9325,2.095,7700.0,2360.0,1393.4,0.7999999999999999,987804.0,978920.0,1.9034863945578235,200.0,2199.9325,1.28,842.0,11680.0,383.7,0.2,211060.0,187284.0,1.8781954887218049,200.0,2200.0,1.935,662.0,2000.0,156.8,0.2,355724.0,254740.0,1.9643010406608727,200.0,2199.9325,2.1,7483.0,2320.0,1808.2,0.7999999999999999,991336.0,980452.0,1.906887755102041,200.0,2200.0,1.275,1123.5,11520.0,537.6,0.2,210920.0,185824.0,1.8706766917293236,200.0,2200.0,1.975,631.0,2120.0,149.9,0.2,355724.0,256000.0,1.9977738440081536,200.0,2199.865,2.1,7426.5,3440.0,1124.5,0.7999999999999999,991020.0,980172.0,1.906887755102041,193.3,2200.0,1.275,1392.5,10480.0,510.4,0.2,214096.0,187804.0,1.8706766917293236,200.0,2200.0,1.975,620.0,3040.0,131.1,0.2,355728.0,255996.0,1.9977738440081536,200.0,2199.9325,2.1100000000000003,7552.5,2560.0,1909.3,0.7999999999999999,991620.0,980768.0,1.9136904761904765,5.751149756143542,5.771220854391254,5.7554005205321,5.727190113562296,5.7224983245659935,5.725325332562175,5.693383403621472,5.669835885443682,5.718916453220963,5.81467162876308,6.001947414265738,5.847845919744416,5.685352910722559
193.8,2200.0,1.0,10872.5,22840.0,2074.3,0.2,215056.0,189456.0,1.6806722689075633,200.0,2199.9325,1.42,11477.5,2520.0,6588.3,0.7999999999999999,1062724.0,1046568.0,2.16875,200.0,2200.0,1.82,3175.0,1360.0,746.5,0.7,903004.0,894352.0,1.8119988706945231,200.0,2199.9325,1.01,10694.5,16640.0,2110.0,0.2,215084.0,190912.0,1.6974789915966388,193.8,2200.0,1.165,27140.0,2680.0,10072.6,0.7999999999999999,1062720.0,1046176.0,1.7160714285714285,200.0,2200.0,1.885,1589.5,2320.0,744.5,0.7,903004.0,892188.0,1.892094861660079,200.0,2199.9325,1.0,10957.5,14560.0,2449.600000000001,0.2,215076.0,189456.0,1.6806722689075633,193.8,2199.9325,1.175,33100.0,4200.0,10780.5,0.7999999999999999,1062720.0,1046180.0,1.7125,200.0,2200.0,1.895,1401.0,2160.0,265.79999999999995,0.7,903004.0,892172.0,1.90957086391869,193.8,2199.9325,0.99,11443.0,11240.0,2134.4,0.2,215076.0,191172.0,1.6638655462184877,193.8,2199.9325,1.205,34910.0,5200.0,10360.5,0.7999999999999999,1062724.0,1046244.0,1.7553571428571426,200.0,2200.0,1.88,1606.5,2080.0,706.2,0.7,903004.0,892240.0,1.8881422924901183,5.316608679044742,5.344444813498521,5.325484729464908,5.3338355698010425,5.244497334506924,5.290873384927094,5.2635099395489435,5.14367049191218,5.080946914338858,5.195390191649782,5.161566662238019,5.002677118278141,4.8183283787823425
200.0,2199.9325,0.995,10666.5,14080.0,1890.4,0.2,215232.0,189504.0,1.702513150204559,200.0,2200.0,1.185,43616.5,2560.0,9702.8,0.7999999999999999,1062724.0,1046568.0,1.7391829562925545,200.0,2200.0,1.825,3232.0,1120.0,750.5,0.7,903004.0,894352.0,1.8041808161220287,200.0,2199.9325,0.99,10746.5,16160.0,2027.4,0.2,215276.0,190996.0,1.6940385739333723,200.0,2199.865,1.1800000000000002,43393.0,2680.0,9544.3,0.7999999999999999,1062720.0,1046176.0,1.732813529540962,200.0,2199.9325,1.89,1606.0,2280.0,737.1999999999998,0.7,903004.0,892188.0,1.8833713744920115,187.1,2199.865,0.98,11272.5,12280.0,2491.3,0.2,215268.0,189504.0,1.6770894213909997,187.6,2199.9325,1.23,42423.0,3920.0,9578.2,0.7999999999999999,1062720.0,1046180.0,1.8010103228640455,200.0,2199.9325,1.9,1405.0,2400.0,260.8,0.7,903004.0,892172.0,1.9005455658854316,200.0,2199.865,0.965,12089.0,12800.0,2125.8,0.2,215268.0,191220.0,1.6513734658094683,193.8,2200.0,1.275,42625.0,5120.0,9672.9,0.7999999999999999,1062724.0,1046244.0,1.8718427410498573,200.0,2200.0,1.89,1604.0,2160.0,694.7,0.7,903004.0,892240.0,1.8864610588431776,5.379862627567027,5.407333867607749,5.388660165547344,5.3194601616883865,5.30621407609372,5.2641985514876986,5.227756756731401,5.180277414738299,5.126325257155336,5.049960129642919,5.0307959151183095,4.960823457609137,4.812958652979522
187.1,2199.9325,1.02,15629.0,20000.0,2502.4,0.2,216348.0,189952.0,1.6052231237322516,200.0,2200.0,1.225,43076.0,2600.0,9545.9,0.7999999999999999,1062820.0,1046568.0,1.7920198128783709,200.0,2200.0,1.93,3309.0,1320.0,814.0,0.7,903004.0,894352.0,2.1035426731078903,200.0,2199.9325,1.01,14672.5,15800.0,2765.7,0.2,216492.0,191408.0,1.5917849898580119,200.0,2199.9325,1.24,43986.5,2560.0,9910.3,0.7999999999999999,1062816.0,1046440.0,1.8204733076499724,193.8,2200.0,1.89,1592.0,2320.0,740.5,0.7,929584.0,918680.0,2.028985507246377,200.0,2199.9325,0.99,14785.5,17040.0,3172.3,0.2,216344.0,189952.0,1.5623732251521298,200.0,2199.9325,1.3,42804.5,4040.0,9892.4,0.7999999999999999,1062816.0,1046444.0,1.901155751238305,200.0,2199.9325,1.915,1420.5,2240.0,265.5,0.7,929584.0,918664.0,2.072141706924316,193.8,2199.865,0.965,14105.0,13960.0,2475.3,0.2,216336.0,191668.0,1.525608519269777,200.0,2199.9325,1.3250000000000002,42421.0,5120.0,9584.2,0.7999999999999999,1062820.0,1046508.0,1.937534397358283,200.0,2199.9325,1.885,1584.0,2480.0,703.9,0.7,929584.0,918732.0,2.02463768115942,5.465830706719941,5.445808446608168,5.4462227891597355,5.440043600273165,5.338048029431135,5.361851323862352,5.350171052886728,5.323465206463534,5.201716514746679,5.0529588674265495,5.039144859397884,5.046406105295164,5.081387944234222
200.0,2199.865,0.98,16956.5,18000.0,2607.2,0.2,217108.0,190528.0,1.5520581113801453,200.0,2199.9325,1.2000000000000002,43903.0,2520.0,9977.6,0.7999999999999999,1062868.0,1046568.0,1.7999317561419472,200.0,2200.0,1.86,3160.5,1240.0,751.4,0.7,903004.0,894352.0,1.853476590769916,200.0,2199.865,0.98,16792.0,17160.0,3162.4,0.2,217108.0,191984.0,1.5520581113801453,200.0,2200.0,1.1800000000000002,43281.5,2640.0,9496.5,0.7999999999999999,1062864.0,1046440.0,1.7642174704276616,200.0,2200.0,1.94,1678.5,2320.0,794.5,0.7,903004.0,892188.0,1.9537939097032797,200.0,2199.9325,0.975,18083.0,16160.0,3477.9,0.2,217088.0,190528.0,1.5445393143876642,200.0,2200.0,1.245,42773.0,4120.0,9804.8,0.7999999999999999,1062868.0,1046444.0,1.8598157415832568,200.0,2199.9325,1.91,1410.0,2080.0,267.1,0.7,903004.0,892172.0,1.9177197572788511,200.0,2199.9325,0.965,19081.5,15440.0,3180.9,0.2,217088.0,192244.0,1.5285459411239966,193.8,2199.9325,1.27,42468.0,5040.0,9636.7,0.7999999999999999,1062868.0,1046508.0,1.8942220200181985,200.0,2199.9325,1.94,1649.5,2440.0,747.5,0.7,903004.0,892240.0,1.9568835940544456,5.322311417133651,5.3752476651952685,5.300520729375629,5.334609101377672,5.322091753812611,5.23661135721798,5.249368182345798,5.251787714253403,5.159837564089077,5.1420131031081295,5.063432640345007,4.905377414705377,4.702022982409278
193.8,2199.865,0.98,16958.0,17640.0,2558.8,0.2,217268.0,190600.0,1.5540368722186904,200.0,2199.9325,1.1949999999999998,42778.0,2280.0,9474.9,0.7999999999999999,1062868.0,1046568.0,1.7225415070242656,200.0,2200.0,2.155,13167.5,1440.0,2070.2,0.7999999999999999,967464.0,959388.0,2.364373464373464,200.0,2200.0,0.985,16717.5,16440.0,3033.3,0.2,217264.0,192056.0,1.5628734901462171,200.0,2199.9325,1.22,43515.5,2600.0,9831.6,0.7999999999999999,1062864.0,1046440.0,1.7631971051511282,200.0,2200.0,2.03,7269.0,2680.0,1376.4,0.7999999999999999,990580.0,980192.0,2.0628378378378383,200.0,2199.865,0.97,17314.0,15760.0,3249.5,0.2,217240.0,190600.0,1.5386522568340748,193.8,2200.0,1.29,42748.5,3920.0,9911.7,0.7999999999999999,1062868.0,1046444.0,1.8569604086845464,200.0,2199.865,2.025,7071.0,2520.0,1055.7,0.7999999999999999,987080.0,976512.0,2.0537469287469285,200.0,2199.865,0.96,19096.0,15640.0,3195.100000000001,0.2,217232.0,192316.0,1.5232676414494601,200.0,2200.0,1.28,41019.0,5080.0,9154.7,0.7999999999999999,1062868.0,1046508.0,1.8348233290762028,200.0,2200.0,2.025,7250.0,1720.0,1521.8000000000004,0.7999999999999999,989756.0,979452.0,2.06517199017199,5.422201360263012,5.439556637440648,5.415895797113143,5.403317404989298,5.430253337202135,5.3590680008914084,5.27017595377052,5.2904589163993565,5.2795285289015705,5.3604555955653135,5.126351532020288,5.24060284389438,5.004933024891229
200.0,2199.865,1.015,13840.5,16480.0,2135.6,0.2,217724.0,190648.0,1.7001096491228072,200.0,2200.0,1.1800000000000002,42777.5,2520.0,9611.8,0.7999999999999999,1062868.0,1046568.0,1.7293478260869566,200.0,2200.0,1.735,10139.5,2040.0,2069.5,0.7999999999999999,978544.0,970600.0,1.9233211233211236,187.5,2200.0,1.01,14377.0,15440.0,2731.2,0.2,217696.0,192104.0,1.6913377192982455,200.0,2199.9325,1.195,43873.0,2480.0,9858.5,0.7999999999999999,1062864.0,1046440.0,1.7529891304347829,200.0,2199.9325,1.845,5691.5,2040.0,998.4,0.7,901312.0,891328.0,2.044993894993895,200.0,2199.9325,1.0,14585.5,14640.0,2947.3,0.2,217688.0,190648.0,1.6737938596491229,200.0,2199.9325,1.23,42907.0,3680.0,9775.5,0.7999999999999999,1062868.0,1046444.0,1.7918478260869566,200.0,2199.865,1.835,5934.0,3040.0,801.7,0.7,894564.0,884200.0,2.034004884004884,193.3,2199.9325,1.015,15181.5,13480.0,2468.8,0.2,217664.0,192364.0,1.7010690789473684,200.0,2199.9325,1.25,41515.5,5080.0,9261.4,0.7999999999999999,1062868.0,1046508.0,1.8192934782608696,200.0,2199.9325,1.835,5941.5,2240.0,1052.7,0.7,894564.0,884440.0,2.034004884004884,5.50884411680679,5.545436197971238,5.4439993736082135,5.424816736308441,5.443959117414496,5.412858494480347,5.382059271296972,5.355871008520466,5.30560046559403,5.319162917396613,5.198357664297309,5.200677636468541,4.901657475978127
200.0,2199.9325,0.945,10846.0,18760.0,2094.2,0.2,217836.0,190652.0,1.5466090599633409,193.8,2200.0,1.1800000000000002,42982.0,2320.0,9584.7,0.7999999999999999,1062868.0,1046568.0,1.6938603868797308,200.0,2199.9325,1.24,5956.5,840.0,1042.5,0.7,901312.0,893416.0,1.2289855072463771,200.0,2199.9325,0.945,10957.5,18040.0,2105.3,0.2,217808.0,192108.0,1.5439905734485468,193.8,2199.865,1.21,44039.0,2480.0,9894.2,0.7999999999999999,1062864.0,1046440.0,1.7430613961312031,200.0,2199.9325,1.75,1402.0,1880.0,356.7,0.7,905136.0,894460.0,1.7219733567559654,200.0,2199.9325,0.96,12826.0,14280.0,2662.7,0.2,217760.0,190652.0,1.5742340926944227,200.0,2199.9325,1.245,43092.0,3800.0,9805.1,0.7999999999999999,1062868.0,1046444.0,1.7832211942809084,200.0,2199.9325,1.775,1881.5,2400.0,406.9,0.7,905136.0,894324.0,1.7693749085053434,200.0,2199.9325,0.985,16370.5,14520.0,2643.1,0.2,217736.0,192364.0,1.6194029850746268,200.0,2200.0,1.275,42596.0,5080.0,9632.9,0.7999999999999999,1062868.0,1046508.0,1.8273759461732548,200.0,2199.9325,1.735,1536.5,1960.0,361.7,0.7,905136.0,894496.0,1.706660811008637,5.1330460373656885,5.180080577887726,5.16659927487186,5.124079308768438,5.048422008335784,5.02917677441987,5.011858605126472,4.948047670567407,4.8565326436854415,4.859316396823287,4.833937461480401,4.507863039654759,4.4922313035452754
200.0,2199.9325,0.965,13246.0,19320.0,2234.8,0.2,217932.0,190664.0,1.5301950487621907,200.0,2200.0,1.185,43381.0,2400.0,9688.7,0.7999999999999999,1062868.0,1046568.0,1.7468291332040988,200.0,2199.9325,1.645,2507.0,880.0,517.2,0.7,901312.0,893416.0,1.556487616231126,193.3,2200.0,0.945,11962.0,16160.0,2309.0,0.2,217904.0,192120.0,1.4973118279569892,200.0,2199.865,1.195,43399.5,2600.0,9673.9,0.7999999999999999,1062864.0,1046440.0,1.7688728883965659,200.0,2199.865,1.99,2215.5,2360.0,564.8,0.7,905136.0,894460.0,2.049648818494612,200.0,2199.865,0.93,11756.5,14600.0,2652.8,0.2,217864.0,190664.0,1.4737434358589647,200.0,2200.0,1.25,42337.5,4240.0,9582.8,0.7999999999999999,1062868.0,1046444.0,1.8342841318194405,200.0,2199.865,2.065,2820.0,1920.0,546.6999999999998,0.7,905136.0,894852.0,2.1608041629937156,200.0,2199.9325,0.925,12216.5,13320.0,2097.5,0.2,220880.0,193160.0,1.4659914978744686,200.0,2199.9325,1.27,42545.5,4960.0,9662.6,0.7999999999999999,1062868.0,1046508.0,1.8737191913597344,200.0,2200.0,1.955,2059.0,2360.0,777.1,0.7,905136.0,894496.0,1.999289106264396,5.409913065090485,5.519849118121747,5.4273420251491915,5.475385731580904,5.353184942343085,5.462462100055876,5.4348271545852285,5.34673827169026,5.274669546662602,5.132932677302497,5.122723125099278,4.973751254497767,4.619283283280832
200.0,2200.0,2.5,45980.5,15680.0,9202.5,0.2,271452.0,251812.0,1.8489866534849235,193.3,2199.9325,1.875,48771.0,2320.0,10388.5,0.7,977620.0,973184.0,1.8206146572104018,200.0,2199.9325,1.69,1627.0,840.0,30.2,0.0,36516.0,13000.0,1.7734375,200.0,2199.9325,2.46,46964.0,17040.0,9345.6,0.2,271452.0,251808.0,1.8182567144504858,200.0,2199.9325,1.865,48407.5,3000.0,9329.5,0.7,976712.0,972396.0,1.809101654846336,200.0,2199.9325,1.905,210.0,1040.0,14.9,0.0,36716.0,13160.0,1.984375,193.8,2199.865,2.4450000000000003,47744.0,16440.0,9061.6,0.2,271452.0,251804.0,1.8053358598341296,193.8,2199.9325,1.855,45477.0,3400.0,9645.1,0.7,976844.0,972392.0,1.7923404255319149,200.0,2199.9325,1.9,242.0,1080.0,17.2,0.0,36716.0,13164.0,1.98046875,200.0,2200.0,2.4400000000000004,47588.5,16120.0,8201.1,0.2,271452.0,251808.0,1.8023836985774704,200.0,2199.9325,1.88,44295.0,2480.0,9424.7,0.7,976712.0,972392.0,1.8171867612293144,200.0,2199.9325,1.905,250.5,1000.0,91.7,0.0,36716.0,13172.0,1.984375,5.680236912179573,5.628831863088099,5.663562762395044,5.6749329504309385,5.6308235525234345,5.682081174474653,5.670132176296147,5.6928203649095925,5.582765560442492,5.625268214170075,5.671475125227687,5.553326551323915,5.316415065918077
200.0,2199.9325,2.42,46201.0,16760.0,9554.5,0.2,271764.0,252340.0,1.768233409179648,200.0,2200.0,1.85,47540.0,3160.0,10124.7,0.7,976844.0,972396.0,1.8344444444444443,200.0,2200.0,1.725,1525.0,560.0,32.9,0.0,36716.0,13168.0,1.8111359126984128,200.0,2199.9325,2.4,47349.0,16760.0,9358.2,0.2,271764.0,252336.0,1.7526692068450176,200.0,2200.0,1.855,47562.5,1640.0,9071.6,0.7,976712.0,972396.0,1.8388888888888888,200.0,2200.0,1.895,190.5,1360.0,21.3,0.0,37076.0,13464.0,1.9842509920634919,200.0,2199.865,2.42,47953.0,18560.0,9463.8,0.2,271764.0,252332.0,1.768233409179648,200.0,2199.9325,1.94,47923.0,5160.0,10171.7,0.7,976844.0,972392.0,1.9255555555555557,200.0,2200.0,1.89,268.5,1320.0,14.2,0.0,37076.0,13468.0,1.9803447420634919,200.0,2199.9325,2.415,47349.0,14920.0,8497.1,0.2,271764.0,252336.0,1.7647732015671913,200.0,2199.9325,1.915,45454.5,4760.0,9663.7,0.7,977620.0,973180.0,1.895555555555556,200.0,2200.0,1.875,363.0,1680.0,37.5,0.0,37076.0,13476.0,1.9645957341269842,5.635826974997525,5.698319655514961,5.697378438673263,5.744435790199972,5.7039453358651935,5.731598617486242,5.7034711536463885,5.720002161982039,5.620554653212754,5.621193602910793,5.6115571282935806,5.543643446324745,5.280023107136959
200.0,2200.0,1.515,2293.5,10360.0,319.4,0.30000000000000004,493900.0,472144.0,1.932397394548789,100.0,2199.9325,1.18,3279.0,240.0,252.9,0.1,280020.0,97676.0,1.7842857142857145,193.8,2199.9325,1.87,4804.0,1360.0,1136.6,0.0,189340.0,74312.0,1.9241851931793652,200.0,2199.865,1.53,2182.5,9560.0,393.9,0.30000000000000004,493900.0,472140.0,1.9443495857838489,100.0,2200.0,1.19,3014.5,1000.0,1033.0,0.1,280036.0,97680.0,1.7814285714285714,193.8,2200.0,1.905,2896.5,2200.0,524.9,0.0,189340.0,74380.0,1.9585042089358948,200.0,2199.865,1.505,2209.5,7200.0,330.5,0.30000000000000004,493900.0,472144.0,1.9244292670587493,93.8,2199.9325,1.19,2255.0,840.0,438.9,0.1,280076.0,97716.0,1.7685714285714285,193.8,2199.865,1.905,2650.5,2920.0,516.7,0.0,189340.0,74316.0,1.956831426721347,200.0,2199.865,1.52,2588.5,7840.0,467.4,0.30000000000000004,494044.0,472408.0,1.9325396825396823,100.0,2199.9325,1.21,1486.0,120.0,206.9,0.1,280040.0,97672.0,1.8014285714285714,193.8,2199.9325,1.905,2709.5,2160.0,608.5,0.0,189340.0,74384.0,1.9585042089358948,5.675280587883483,5.6664479882053795,5.737059130625883,5.6972803524025135,5.650150002330145,5.569024296749143,5.674270340107503,5.671325884050732,5.6956808234655085,5.610010937854796,5.568969321957878,5.474638432240262,4.977815294768336
200.0,2199.865,1.525,2296.5,12480.0,307.1,0.30000000000000004,494044.0,472408.0,1.9365079365079363,100.0,2199.9325,0.995,1842.0,520.0,392.3,0.1,313064.0,130776.0,1.6352583586626142,193.8,2199.9325,1.875,4878.5,1520.0,1113.2,0.0,189340.0,74312.0,1.9244385946062104,187.6,2199.9325,1.54,2227.0,9360.0,414.0,0.30000000000000004,494044.0,472404.0,1.96031746031746,100.0,2199.865,1.035,1808.0,120.0,325.9,0.1,313080.0,130780.0,1.6903495440729484,200.0,2199.9325,1.905,2867.5,1920.0,540.1,0.0,189340.0,74380.0,1.9542548619318796,200.0,2199.9325,1.525,2248.0,7920.0,333.3,0.30000000000000004,494044.0,472408.0,1.9365079365079363,93.3,2199.865,1.105,1615.0,280.0,347.4000000000001,0.1,278600.0,96296.0,1.7272036474164134,200.0,2199.865,1.905,2631.5,2440.0,519.7,0.0,189340.0,74316.0,1.952562587299882,200.0,2199.9325,1.515,2559.5,8480.0,483.5,0.30000000000000004,494356.0,472672.0,1.9519938056523425,100.0,2200.0,1.16,1476.5,240.0,274.8,0.1,313084.0,130772.0,1.823328267477204,200.0,2199.9325,1.91,2702.0,2440.0,627.7,0.0,189340.0,74384.0,1.9586601482754915,5.721021255053308,5.716306300952505,5.6896709722937695,5.690800322854995,5.640165575102108,5.629643235365435,5.608609896190902,5.657102017928917,5.729762656555994,5.568855761488181,5.547745212040663,5.497807558000924,5.014272389692796
193.8,2199.9325,1.515,2193.5,12920.0,308.1,0.30000000000000004,494356.0,472936.0,1.9210098737657797,93.8,2200.0,1.235,2237.5,2120.0,344.7000000000001,0.1,280268.0,97916.0,1.8340799297321035,200.0,2199.9325,1.875,4690.5,1760.0,1109.0,0.0,189340.0,74312.0,1.9244385946062104,200.0,2199.9325,1.535,2188.0,9920.0,406.2000000000001,0.30000000000000004,494356.0,472932.0,1.9367579052618424,100.0,2200.0,1.265,7681.0,2400.0,1141.9,0.1,280284.0,97920.0,1.8630654369784805,200.0,2199.9325,1.895,2824.0,2400.0,547.9,0.0,189340.0,74380.0,1.94205973998066,200.0,2199.9325,1.535,2198.5,11640.0,313.1,0.30000000000000004,494356.0,472936.0,1.9367579052618424,100.0,2199.9325,1.25,9687.0,680.0,1580.2,0.1,279256.0,96920.0,1.8085199824330256,193.8,2199.9325,1.905,2608.0,2240.0,541.9,0.0,189340.0,74316.0,1.952562587299882,200.0,2199.9325,1.55,2411.5,8960.0,464.1,0.30000000000000004,494772.0,473200.0,1.9605049368828893,93.8,2200.0,1.25,9350.0,280.0,1303.2,0.1,279020.0,96772.0,1.8085199824330256,193.8,2200.0,1.905,2713.0,2040.0,640.4,0.0,189340.0,74384.0,1.9542548619318796,5.607593434288528,5.639328138802798,5.67792673667437,5.681190459807008,5.560496513464658,5.552387636486868,5.6646591892114255,5.61564826785512,5.719908259071633,5.517793812764733,5.59810709522758,5.405924602077073,5.009847253796225
200.0,2199.865,1.55,2075.0,6640.0,273.8,0.30000000000000004,494772.0,473200.0,1.9605049368828893,100.0,2199.9325,1.19,3031.0,480.0,412.7000000000001,0.1,283136.0,100736.0,1.807142857142857,200.0,2199.865,1.88,4515.0,2000.0,1080.2,0.0,189340.0,74312.0,1.9288438809498227,193.8,2199.865,1.56,2129.0,13880.0,406.5,0.30000000000000004,494772.0,473196.0,1.9683789526309208,93.8,2200.0,1.1949999999999998,2913.5,480.0,641.9,0.1,283152.0,100740.0,1.7992857142857142,200.0,2199.9325,1.905,2832.5,2160.0,574.1,0.0,189340.0,74380.0,1.9542548619318796,200.0,2199.865,1.515,2244.0,3800.0,304.4,0.30000000000000004,494772.0,473200.0,1.9329458817647795,100.0,2200.0,1.205,1866.5,480.0,270.90000000000003,0.1,281204.0,98632.0,1.7835714285714284,200.0,2200.0,1.915,2623.5,2560.0,513.5,0.0,189340.0,74316.0,1.9630654346191039,200.0,2200.0,1.535,2332.5,9280.0,433.8,0.30000000000000004,494772.0,473464.0,1.9483336495288688,100.0,2199.9325,1.215,1206.0,720.0,142.2,0.1,281168.0,98588.0,1.8064285714285715,200.0,2200.0,1.91,2695.5,2040.0,632.0,0.0,189340.0,74384.0,1.9586601482754915,5.688469761898651,5.7220749362518575,5.723383935622532,5.633283657155345,5.614635453191647,5.575093721899246,5.590452645129554,5.683401447267247,5.713996983991484,5.5929339918655,5.487823026174897,5.463015641834391,5.020725718890811
193.8,2199.9325,1.545,2053.0,15760.0,281.7999999999999,0.30000000000000004,494772.0,473464.0,1.9563017770189088,100.0,2199.9325,1.055,883.0,200.0,357.0,0.1,311988.0,129528.0,2.1833072211935622,200.0,2200.0,1.88,4596.0,1760.0,1176.5,0.0,189340.0,74312.0,1.9246897732135215,200.0,2199.865,1.555,2094.0,8440.0,391.4,0.30000000000000004,494772.0,473460.0,1.9642699045089484,100.0,2199.865,0.995,763.5,0.0,186.2,0.1,312664.0,130324.0,2.0995584674547785,200.0,2200.0,1.91,2830.5,2600.0,546.3,0.0,189340.0,74380.0,1.954428754813864,200.0,2199.9325,1.515,2126.5,3960.0,304.0,0.30000000000000004,494772.0,473464.0,1.932397394548789,100.0,2199.865,0.83,575.0,80.0,118.2,0.1,320272.0,137880.0,1.7880643782936905,200.0,2199.9325,1.91,2613.0,2440.0,504.3,0.0,189340.0,74316.0,1.954428754813864,200.0,2199.9325,1.5,2661.5,6560.0,489.9,0.30000000000000004,494772.0,473464.0,1.9437641723356007,100.0,2199.9325,0.82,472.0,80.0,65.1,0.1,314384.0,131900.0,1.7798034468024495,200.0,2199.9325,1.91,2689.0,1640.0,631.0,0.0,189340.0,74384.0,1.954428754813864,5.612336429612046,5.689463308707713,5.712670348490333,5.644209237513963,5.573221483003722,5.567731780227872,5.590406902992399,5.632405587826448,5.693348681430103,5.478389516290607,5.556914502747196,5.406341048067883,5.065732296458447
200.0,2199.865,1.5,2179.0,13280.0,309.3,0.30000000000000004,494772.0,473464.0,1.9437641723356007,100.0,2199.9325,1.33,1099.0,80.0,200.7,0.1,331396.0,149084.0,1.910732714138287,200.0,2199.865,1.88,4692.0,1400.0,1147.9,0.0,189340.0,74320.0,1.9288438809498227,193.8,2199.9325,1.51,2236.0,13040.0,414.3,0.30000000000000004,494772.0,473460.0,1.9519274376417235,93.8,2199.865,1.2599999999999998,1645.0,2200.0,220.0,0.1,280604.0,98168.0,1.854747162022704,200.0,2199.9325,1.91,2797.0,1880.0,558.0,0.0,189340.0,74388.0,1.9586601482754915,200.0,2199.9325,1.47,2425.5,12400.0,324.6,0.30000000000000004,494772.0,473464.0,1.9192743764172333,100.0,2200.0,1.27,12979.5,600.0,2153.1,0.1,279376.0,97140.0,1.839267285861713,200.0,2200.0,1.915,2550.5,2080.0,507.7,0.0,189340.0,74324.0,1.9630654346191039,200.0,2199.865,1.46,2883.5,11480.0,533.1,0.30000000000000004,494772.0,473728.0,1.904126984126984,100.0,2199.9325,1.26,12708.0,640.0,1921.9,0.1,279340.0,97096.0,1.8421052631578947,200.0,2200.0,1.91,2721.0,3440.0,644.1,0.0,189340.0,74392.0,1.9586601482754915,5.667195722944786,5.697599567557778,5.745483192262562,5.675989521509613,5.573517803045439,5.5384401870576765,5.66871974792854,5.653795072983531,5.730068072555633,5.462404313842101,5.626203585050405,5.495960226579469,5.0731902518809875
193.8,2199.9325,1.5,5698.0,16320.0,851.0,0.30000000000000004,494904.0,473992.0,1.8146255060728744,93.8,2199.865,1.245,1071.5,200.0,23.7,0.1,269056.0,86980.0,1.5435323383084578,200.0,2199.9325,1.905,3919.5,2160.0,894.4,0.0,189340.0,74316.0,1.9483311938382544,200.0,2199.9325,1.505,6514.0,17680.0,1460.9,0.30000000000000004,494904.0,473988.0,1.8017712550607283,100.0,2199.865,1.235,1059.5,360.0,9.2,0.1,268260.0,86220.0,1.5281405472636818,200.0,2199.865,1.91,2822.5,1960.0,548.0,0.0,189340.0,74384.0,1.954428754813864,200.0,2199.865,1.475,7060.5,13480.0,1091.6,0.30000000000000004,494904.0,473992.0,1.7690283400809714,100.0,2199.9325,1.275,448.5,440.0,973.5,0.1,270476.0,88276.0,1.611473880597015,200.0,2199.9325,1.91,2603.0,2280.0,496.9,0.0,189340.0,74320.0,1.9527171587505352,200.0,2199.9325,1.425,8823.0,13520.0,1510.4,0.30000000000000004,495044.0,474256.0,1.7020408163265306,100.0,2199.9325,1.44,191.5,1120.0,43.6,0.1,270336.0,88232.0,1.938899253731344,200.0,2199.9325,1.915,2658.5,2960.0,596.1999999999998,0.0,189340.0,74388.0,1.9588147197261447,4.6987961516136885,4.6575243295116735,4.626143923082792,4.763803034791482,4.5874929531147695,4.528060876798133,4.6402031697442485,8.932385059361597,4.469924432219644,5.2392854048328825,4.558543908330589,5.102359032478217,4.19785159836619
200.0,2199.865,0.935,4189.0,13160.0,702.2,0.30000000000000004,402140.0,374748.0,1.8618709895305638,200.0,2199.9325,1.48,63279.0,2560.0,13434.1,0.7999999999999999,1008924.0,992464.0,1.7290038314176246,200.0,2199.9325,2.37,99.0,360.0,6.699999999999998,0.0,48172.0,30388.0,2.0,200.0,2199.865,0.865,3351.5,14120.0,902.4,0.30000000000000004,402028.0,374652.0,1.9337712096332789,200.0,2200.0,1.505,63913.5,2960.0,14201.3,0.7999999999999999,1008924.0,992396.0,1.7721072796934867,200.0,2200.0,2.38,43.0,840.0,9.2,0.0,48172.0,29844.0,2.009049773755656,200.0,2199.9325,0.91,5095.5,11880.0,698.4,0.30000000000000004,402124.0,374744.0,1.8264099966227625,200.0,2199.865,1.525,62306.5,3920.0,14521.8,0.7999999999999999,1009832.0,993380.0,1.7773563218390804,200.0,2199.9325,2.37,43.5,800.0,5.699999999999998,0.0,64220.0,36772.0,2.0,200.0,2199.9325,0.8600000000000001,3707.0,8960.0,916.6,0.30000000000000004,402028.0,374656.0,1.9251505199781065,200.0,2199.9325,1.545,60930.0,5120.0,13665.3,0.7999999999999999,1008924.0,992592.0,1.7993103448275862,200.0,2200.0,2.375,65.5,560.0,6.199999999999998,0.0,64220.0,45892.0,2.004524886877828,5.768181153982371,5.560329954018111,5.526677883232084,5.772813355227148,5.468223399655821,5.610308172782818,5.6754460864805685,5.419041678349372,5.395077467979286,5.5723464522856,5.497496972263707,5.412238642583469,5.168651630777038
200.0,2200.0,0.8400000000000001,14637.0,17000.0,3141.5,0.30000000000000004,403388.0,374928.0,1.5573456079785193,193.8,2199.865,1.485,62732.5,2760.0,13426.8,0.7999999999999999,1008924.0,992464.0,1.7639285714285713,200.0,2199.9325,2.385,172.5,400.0,8.8,0.0,48172.0,30388.0,1.995555555555556,200.0,2199.9325,0.91,5914.0,14320.0,1210.8000000000004,0.30000000000000004,403292.0,374908.0,1.8780284043441935,200.0,2199.9325,1.47,62853.5,3440.0,13857.7,0.7999999999999999,1009832.0,993184.0,1.7461111111111107,200.0,2199.9325,2.39,59.0,840.0,7.6,0.0,48172.0,29844.0,2.0,200.0,2199.9325,0.8200000000000001,16252.0,15640.0,3358.1,0.30000000000000004,403364.0,374908.0,1.5168776371308017,200.0,2199.9325,1.525,62244.0,4360.0,14362.8,0.7999999999999999,1009832.0,993380.0,1.808452380952381,200.0,2200.0,2.395,53.0,840.0,9.8,0.0,48172.0,28460.0,2.0044444444444443,193.3,2200.0,0.8899999999999999,7481.0,12000.0,1378.4,0.30000000000000004,403252.0,374912.0,1.8479532163742691,200.0,2199.9325,1.565,61184.0,4240.0,13761.5,0.7999999999999999,1009832.0,993380.0,1.8664285714285715,200.0,2199.9325,2.39,76.0,520.0,7.5,0.0,48172.0,29864.0,2.0004918752744842,5.696484962406014,5.310497309485187,5.292038658461333,5.727165831244777,5.3072646389277915,5.652767335004176,5.658366750208856,5.281252147720995,5.294485888295434,5.623807435254803,5.526271929824562,5.353972431077693,4.91827927856532
200.0,2199.865,0.8250000000000001,16288.0,15680.0,3640.3,0.30000000000000004,403492.0,374704.0,1.5336538461538465,200.0,2199.865,1.465,61934.0,4040.0,13123.3,0.7999999999999999,1008924.0,992464.0,1.7145893719806762,200.0,2199.9325,2.115,1770.5,1040.0,234.7,0.1,88760.0,70872.0,1.9768899334116723,200.0,2199.9325,0.81,18239.0,13640.0,3059.9,0.30000000000000004,403420.0,374932.0,1.49456106870229,200.0,2199.9325,1.47,61296.0,2720.0,13536.2,0.7999999999999999,1008924.0,992396.0,1.7232850241545894,200.0,2199.9325,1.995,2416.0,2280.0,395.8,0.1,106624.0,88280.0,1.8573573573573572,200.0,2200.0,0.78,19560.5,15960.0,4360.1,0.30000000000000004,403484.0,374948.0,1.4403846153846154,200.0,2200.0,1.51,60779.0,5200.0,14130.5,0.7999999999999999,1009832.0,993380.0,1.7673429951690822,200.0,2199.9325,2.005,1977.0,2440.0,349.0,0.1,105996.0,86368.0,1.8657135396265832,200.0,2199.9325,0.79,19713.5,13800.0,4037.7,0.30000000000000004,403396.0,374928.0,1.4542938931297709,200.0,2199.9325,1.545,59646.5,4440.0,13487.6,0.7999999999999999,1008924.0,992592.0,1.8069565217391304,200.0,2200.0,1.975,2235.0,2280.0,434.5,0.1,106624.0,88300.0,1.8370544457500981,5.1038720823378965,5.130615970045767,5.141426016184019,5.052321763349808,5.0787105307779505,5.001933162003691,5.013719452941159,5.039266059454325,5.005616634166968,4.878136949594799,4.932483143614906,5.121240572633703,4.740577527411247
193.8,2199.865,0.84,14670.5,17560.0,3396.5,0.30000000000000004,403940.0,375160.0,1.5701754385964912,193.8,2199.9325,1.49,62033.0,4120.0,13370.3,0.7999999999999999,1008924.0,992464.0,1.7580676328502416,200.0,2200.0,1.945,4559.5,1040.0,601.3,0.1,110312.0,92764.0,1.5207718635666234,200.0,2199.9325,0.845,13956.5,15360.0,2276.4,0.30000000000000004,403852.0,374996.0,1.7177893309222418,200.0,2199.9325,1.465,62312.0,2040.0,13707.0,0.7999999999999999,1009056.0,992396.0,1.7145893719806762,200.0,2199.9325,2.53,3362.5,2560.0,374.6,0.1,124556.0,106476.0,1.9259264723238525,200.0,2199.865,0.81,16729.5,16440.0,3637.3,0.30000000000000004,403900.0,374996.0,1.5140350877192983,200.0,2200.0,1.535,61722.0,3200.0,14370.9,0.7999999999999999,1009832.0,993380.0,1.8065700483091789,200.0,2199.9325,2.54,3218.0,2480.0,388.7000000000001,0.1,123988.0,104564.0,1.9346600967780008,200.0,2199.9325,0.795,17943.5,12200.0,3765.3,0.30000000000000004,403796.0,375000.0,1.6098553345388789,193.8,2200.0,1.5550000000000002,60492.5,5000.0,13850.1,0.7999999999999999,1009056.0,992592.0,1.8285990338164253,200.0,2200.0,2.54,2990.5,2200.0,433.3,0.1,124556.0,106496.0,1.9336716629293047,5.470113372198613,5.0485973679826746,5.028477734816803,5.409044985652537,4.981973969155773,5.435691811049364,5.363177191166321,4.917843446697704,4.920785352937567,5.540818168609931,5.470233373288293,5.512772919617887,5.485854536704077
200.0,2199.865,0.7949999999999999,10324.0,18560.0,2583.4,0.30000000000000004,404044.0,375004.0,1.197845156369184,200.0,2199.9325,1.48,63307.0,1320.0,13479.2,0.7999999999999999,1009056.0,992464.0,1.7290038314176246,200.0,2199.865,2.42,8106.0,1200.0,772.6,0.1,136660.0,119200.0,2.4619047619047616,200.0,2199.865,0.8200000000000001,15932.0,14920.0,2388.7,0.30000000000000004,403900.0,374996.0,1.5350877192982455,200.0,2199.865,1.47,62074.0,2880.0,13677.2,0.7999999999999999,1009056.0,992396.0,1.7159386973180075,200.0,2199.9325,2.21,3605.5,1000.0,522.5,0.0,48696.0,30612.0,2.2132936507936507,187.5,2200.0,0.765,12933.5,16080.0,2931.2,0.30000000000000004,403988.0,375000.0,1.1552250190694129,200.0,2199.9325,1.54,61235.5,3600.0,14183.8,0.7999999999999999,1009056.0,992592.0,1.8032183908045976,200.0,2200.0,2.33,3932.0,1160.0,671.4,0.0,48696.0,29228.0,2.348809523809524,200.0,2199.9325,0.8200000000000001,16569.5,13920.0,3328.2,0.30000000000000004,403868.0,375000.0,1.529824561403509,200.0,2200.0,1.54,59805.5,5480.0,13520.9,0.7999999999999999,1008924.0,992592.0,1.794865900383142,200.0,2199.865,2.4,4028.5,1480.0,651.6,0.0,48696.0,30632.0,2.4254960317460315,4.965284200005262,4.9327414787230035,4.9095981041737184,5.002161945343119,4.933205950788047,4.9291082528910986,4.919136265200733,4.839673066692461,4.853084398660885,4.854703262403887,4.868909974837144,4.852898243860526,4.725490253278465
200.0,2199.865,1.645,6285.0,11840.0,790.4000000000002,0.2,218492.0,213872.0,1.8242616033755277,193.3,2200.0,1.4,40634.5,2560.0,7588.200000000002,0.8999999999999999,1320432.0,1299060.0,1.679819833692639,200.0,2199.865,2.095,4290.0,1120.0,645.8,0.0,78896.0,73024.0,1.8929270680372,200.0,2199.865,1.63,6629.0,11880.0,755.4,0.2,218360.0,213872.0,1.8033755274261605,193.3,2199.9325,1.375,40471.0,3240.0,7138.8,0.8999999999999999,1301144.0,1280696.0,1.655759162303665,200.0,2199.865,2.155,2568.0,2480.0,777.4,0.0,78896.0,73220.0,1.9462391907325831,200.0,2199.865,1.62,6888.0,13480.0,1042.4,0.2,218356.0,213872.0,1.7949367088607595,187.1,2199.9325,1.415,30816.5,3720.0,5899.5,1.0,1355932.0,1333704.0,1.7082306744687403,200.0,2199.9325,2.165,2618.0,2400.0,497.9,0.0,78896.0,73028.0,1.9552741067058248,200.0,2199.9325,1.605,7070.5,10640.0,947.7,0.2,218360.0,213876.0,1.7699367088607594,200.0,2199.9325,1.48,31242.0,5120.0,5920.0,1.0,1367144.0,1347508.0,1.7847628580227903,200.0,2199.9325,2.155,2586.5,2320.0,785.2,0.0,78896.0,73224.0,1.9462391907325831,5.546794758630916,5.439615214402861,5.416521239587142,5.533662989218043,5.511111010680149,5.41953681519037,5.365139294404004,5.325925319959366,5.308017450999602,5.2818569523400924,5.274020120174437,5.3533142106877944,4.66385041176253
200.0,2199.865,1.6,7377.5,14960.0,916.4,0.2,224092.0,219308.0,1.7523997046517352,200.0,2200.0,1.22,35805.5,2400.0,6683.4,1.1,1500252.0,1481644.0,1.3585884795018164,200.0,2200.0,2.1,4446.0,1320.0,696.6,0.0,79436.0,73732.0,1.9021001946521872,200.0,2200.0,1.605,7717.5,13440.0,962.4,0.2,223828.0,219192.0,1.7523645441440174,200.0,2199.9325,1.265,37183.5,2720.0,6545.7,1.1,1494268.0,1475652.0,1.4049039958484693,200.0,2199.9325,2.165,2649.5,2720.0,806.1999999999998,0.0,79436.0,73928.0,1.960352422907489,200.0,2200.0,1.6,7400.5,10320.0,1081.6,0.2,223836.0,219192.0,1.7523997046517352,200.0,2199.9325,1.4900000000000002,33103.5,4120.0,6381.3,1.1,1528956.0,1509024.0,1.6722885313959526,200.0,2199.9325,2.165,2706.0,2080.0,475.9,0.0,79436.0,73736.0,1.960106546460404,200.0,2199.9325,1.6,7597.0,11400.0,1030.3,0.2,223704.0,219196.0,1.7481804437256074,193.3,2199.9325,1.495,29758.5,3680.0,5695.1,1.1,1540260.0,1520344.0,1.6814997405293202,200.0,2200.0,2.165,2577.5,2240.0,790.4,0.0,79436.0,73932.0,1.960106546460404,5.326727938403424,5.310298172070176,5.262847607205763,5.2577356587889295,5.219389338158519,5.300807792577434,5.436760538309572,5.42774138448048,5.305470268984101,5.24174989610288,5.198955447091199,4.949826625894931,4.664157217283142
200.0,2200.0,1.635,6518.0,14240.0,776.1,0.2,227364.0,222896.0,1.8218535881716555,200.0,2200.0,1.405,43720.5,3760.0,8148.4,1.2,1682332.0,1662876.0,1.7305976447891966,200.0,2200.0,1.975,4042.5,1320.0,643.6,0.0,79436.0,73736.0,1.762453405625212,200.0,2199.9325,1.625,6843.0,11040.0,894.5,0.2,227088.0,222632.0,1.8091236927515328,200.0,2199.865,1.325,42953.0,2880.0,7201.6,1.2,1682368.0,1663000.0,1.6315662553755876,200.0,2200.0,2.13,2456.5,2480.0,770.3000000000002,0.0,79436.0,73932.0,1.9014092929615083,200.0,2199.865,1.605,7248.0,8360.0,1123.5,0.2,227088.0,222632.0,1.7836639019112874,200.0,2199.9325,1.415,43357.0,4320.0,7743.9,1.2,1695364.0,1676256.0,1.7658856155299223,200.0,2199.9325,2.125,2522.5,2120.0,424.5,0.0,79436.0,73740.0,1.897004006617896,200.0,2199.865,1.5850000000000002,7967.5,9480.0,1065.2,0.2,227088.0,222636.0,1.7413270825820413,200.0,2199.865,1.35,44032.5,7440.0,7734.4000000000015,1.2,1720380.0,1700908.0,1.6482456492906232,200.0,2199.9325,2.145,2437.5,1920.0,784.8,0.0,79436.0,73936.0,1.9149839535949928,5.446536682832754,5.382281968919256,5.461928639983519,5.315764939627668,5.363668222674214,5.446977161452869,5.741155388248315,5.8119269541920815,5.729866712119745,5.420601346661012,5.3494984235804965,5.093517934456992,5.134785407543528
200.0,2199.865,1.6350000000000002,6419.0,10760.0,768.6999999999998,0.2,228452.0,223952.0,1.7963873487463822,200.0,2199.9325,1.415,40247.5,2480.0,7596.0999999999985,1.2,1684680.0,1664988.0,1.533935575894449,200.0,2199.9325,2.07,4323.0,1200.0,665.3,0.0,79436.0,73736.0,1.9416666666666664,200.0,2199.9325,1.625,7474.5,11760.0,914.2,0.2,228320.0,223952.0,1.7636782090176797,200.0,2199.865,1.275,38433.0,2680.0,6585.8,1.2,1682368.0,1663076.0,1.3807203138000714,200.0,2200.0,2.115,2543.5,2320.0,764.3,0.0,79436.0,73932.0,1.9799122807017544,200.0,2199.865,1.625,7266.0,10480.0,1099.1,0.2,228452.0,223952.0,1.7677232625448966,200.0,2200.0,1.385,43904.5,4160.0,7760.1,1.2,1720088.0,1700996.0,1.4985439201236184,200.0,2200.0,2.11,2580.0,2360.0,474.2,0.0,79436.0,73740.0,1.9755263157894736,200.0,2199.865,1.605,7955.5,9080.0,1070.7,0.2,228320.0,223956.0,1.7346654113052271,200.0,2199.9325,1.285,40019.5,4960.0,6857.5,1.2999999999999998,1731088.0,1712248.0,1.389219065731606,200.0,2200.0,2.105,2474.0,2280.0,799.7,0.0,79436.0,73936.0,1.9705263157894737,5.211902407444267,5.584793682556673,5.5455668605848185,5.708596519805945,5.68324978537752,4.926703726408338,5.0240474079232715,5.038589879157589,5.0885651731978045,5.015402781363441,5.0121745180845805,5.269880323639855,4.366451405111982
200.0,2199.865,1.635,7217.0,13240.0,866.3,0.2,230764.0,226328.0,1.7186938775510203,193.3,2199.9325,1.67,36262.5,2600.0,6358.8,1.2999999999999998,1740316.0,1721136.0,2.1451974120769743,200.0,2200.0,2.0,4037.5,1560.0,629.6,0.0,79436.0,73736.0,1.834514170040486,200.0,2200.0,1.635,7856.0,14240.0,959.2,0.2,230628.0,226064.0,1.7030204081632654,200.0,2199.9325,1.535,37054.5,3120.0,6963.6,1.2999999999999998,1740220.0,1721204.0,1.9610567352355672,200.0,2200.0,2.14,2569.5,2320.0,740.5,0.0,79436.0,73932.0,1.9653340080971662,200.0,2199.9325,1.655,7414.0,11080.0,1134.4,0.2,230628.0,226328.0,1.7350204081632654,200.0,2199.9325,1.34,41298.0,4160.0,7151.299999999998,1.2999999999999998,1757956.0,1739316.0,1.6602106834771069,200.0,2199.9325,2.14,2671.0,2120.0,470.1,0.0,79436.0,73740.0,1.9653340080971662,200.0,2200.0,1.63,7514.5,9680.0,1029.6,0.2,230628.0,226068.0,1.7028571428571428,200.0,2200.0,1.46,31399.0,6080.0,6048.0,1.2999999999999998,1771020.0,1752360.0,1.8499502322495018,200.0,2199.9325,2.14,2514.5,2160.0,779.5,0.0,79436.0,73936.0,1.9653340080971662,5.414432488136886,5.933694137736522,5.572285318445668,5.6912181542120495,5.561832777103676,5.452053022408788,5.438531968260131,5.34051726301866,5.404675448531232,5.409697969355007,5.3338731657076215,5.07993398385641,4.8841854414397075
200.0,2199.865,1.605,7078.0,12520.0,883.1999999999998,0.2,231160.0,226856.0,1.7631615696131826,200.0,2200.0,1.17,41563.0,2680.0,7506.9000000000015,1.2999999999999998,1748984.0,1729848.0,1.3156286721504111,200.0,2199.9325,2.01,4102.5,1400.0,670.4,0.0,79436.0,73736.0,1.7898757788625628,193.8,2199.9325,1.59,7518.0,13000.0,966.1,0.2,231160.0,226592.0,1.7427035330261136,200.0,2200.0,1.045,41275.0,2640.0,6935.9000000000015,1.2999999999999998,1748808.0,1729916.0,1.1659895920765484,200.0,2200.0,2.13,2433.0,2120.0,754.8,0.0,79436.0,73932.0,1.8970909235226416,200.0,2199.9325,1.585,7684.0,10240.0,1177.4,0.2,231160.0,226856.0,1.7346390168970816,200.0,2200.0,1.44,31942.5,2040.0,5928.5,1.2999999999999998,1772584.0,1754100.0,1.6470035252643949,200.0,2199.9325,2.115,2509.5,2440.0,407.4,0.0,79436.0,73740.0,1.88367662817002,200.0,2199.865,1.555,8799.0,10680.0,1269.3000000000004,0.2,231160.0,226596.0,1.68251640832286,200.0,2200.0,1.475,29538.5,6680.0,5621.0,1.2999999999999998,1791980.0,1773296.0,1.6953164344468692,193.8,2199.865,2.145,2457.5,2360.0,751.5,0.0,79436.0,73936.0,1.9106044370361552,5.672555122816581,5.351122260811627,5.329356523657318,5.2816720689475645,5.279261080936399,5.3201737053671865,5.2732821041896445,5.2537071195033915,5.220201839735868,5.215734159160591,5.181821428532894,5.342732315447092,4.742878684135169
200.0,2199.9325,1.51,1714.5,8480.0,359.2999999999999,0.30000000000000004,406040.0,399848.0,1.9851316053847696,200.0,2200.0,2.645,2531.5,1640.0,256.6,0.2,310952.0,275876.0,1.9518479204863457,200.0,2199.9325,2.18,481.0,960.0,470.8,0.0,43504.0,34316.0,1.992094861660079,200.0,2199.9325,1.465,1457.5,9320.0,203.6,0.30000000000000004,407000.0,400640.0,1.950654180779704,193.8,2200.0,2.665,1452.0,2520.0,450.6,0.2,311236.0,276156.0,1.9684454308597896,193.8,2199.9325,2.25,395.5,1360.0,36.5,0.0,43504.0,32312.0,2.06631770110031,200.0,2199.865,1.51,1789.0,5200.0,238.5,0.30000000000000004,406176.0,399848.0,1.9851316053847696,200.0,2200.0,2.725,683.0,3080.0,220.6,0.2,311368.0,276156.0,2.01410236969438,193.8,2200.0,2.175,245.0,1200.0,24.0,0.0,43504.0,34504.0,1.9852366200192288,200.0,2200.0,1.49,2088.0,6800.0,407.4,0.30000000000000004,406040.0,399584.0,1.9682539682539684,200.0,2199.9325,2.73,596.5,4600.0,210.2,0.2,311216.0,276140.0,2.0174246288305917,200.0,2200.0,2.175,311.5,1440.0,92.7,0.0,43504.0,32900.0,1.9852366200192288,6.090121245713255,6.041780094271518,5.93494492892048,5.979535410534109,5.914893815251004,5.958545835231906,5.948921020543799,5.946784757530294,5.961814977623803,5.9345891808923295,5.917356363662687,5.779088512419144,5.280589971056079
200.0,2199.9325,1.465,1614.5,9560.0,343.2,0.30000000000000004,406868.0,400640.0,1.950654180779704,200.0,2200.0,2.455,5606.0,2640.0,772.5,0.2,298552.0,265892.0,2.030172413793104,200.0,2199.9325,2.19,431.0,1400.0,129.7,0.0,43504.0,34316.0,1.969869420358836,200.0,2199.9325,1.495,1642.0,7840.0,246.4,0.30000000000000004,408220.0,401960.0,1.9675294737535398,193.3,2199.865,2.425,6626.5,2320.0,963.7,0.2,299152.0,265908.0,2.005336617405583,193.8,2200.0,2.075,229.0,1240.0,29.1,0.0,69140.0,58108.0,1.848167539267016,200.0,2199.9325,1.46,1695.0,8560.0,232.9,0.30000000000000004,407000.0,400640.0,1.946470080361293,200.0,2199.9325,2.44,5869.5,2840.0,803.0,0.2,298572.0,265908.0,2.0192939244663384,193.8,2200.0,2.21,209.0,1240.0,27.1,0.0,65444.0,56340.0,1.9895287958115184,200.0,2199.9325,1.445,1905.0,9000.0,384.8,0.30000000000000004,406868.0,400640.0,1.933917779106064,200.0,2199.9325,2.4450000000000003,5645.0,4360.0,831.1,0.2,299132.0,265892.0,2.0236042692939247,193.8,2199.865,2.205,251.5,1160.0,63.4,0.0,59704.0,48928.0,1.9842931937172772,5.873752414892135,5.877122766369784,5.883827775671895,5.9400762359098485,5.851346976632326,5.927397690245442,5.901762881000444,5.897920871441366,5.861077716616437,5.866933127486197,5.832486189897897,5.758198654944513,5.2937033921156775
200.0,2199.9325,1.5,1540.5,4400.0,327.4,0.30000000000000004,408932.0,402752.0,1.9716788513469008,193.8,2200.0,1.7999999999999998,35810.5,2640.0,6329.5,0.2,300088.0,265684.0,1.805096232041204,193.3,2200.0,2.315,8293.5,1560.0,1681.0,0.0,36756.0,26604.0,1.8811138014527848,193.8,2199.9325,1.48,1626.5,6400.0,230.8,0.30000000000000004,409492.0,403280.0,1.9550813409734569,200.0,2199.9325,1.7800000000000002,35800.5,2720.0,6729.8,0.2,300108.0,266228.0,1.792789373814042,200.0,2199.865,2.375,4765.5,2400.0,696.0,0.0,36756.0,25388.0,1.9320650294015909,200.0,2199.9325,1.485,1670.5,7960.0,199.9,0.30000000000000004,408932.0,402752.0,1.9592307185668183,200.0,2199.865,1.81,35019.5,5360.0,5673.9,0.2,300108.0,266492.0,1.8202493900786116,200.0,2199.9325,2.385,4641.0,2280.0,597.0,0.0,36756.0,27580.0,1.9405569007263919,200.0,2200.0,1.48,1839.5,9240.0,380.5,0.30000000000000004,408936.0,402752.0,1.9550813409734569,200.0,2199.9325,1.835,34381.5,8000.0,6654.4,0.2,300088.0,266476.0,1.8480075901328277,200.0,2199.9325,2.38,4591.0,2120.0,789.6,0.0,36756.0,25976.0,1.9354548599100656,5.732371405495863,5.716176685069881,5.760443424023527,5.75851063198912,5.752710249104516,5.705748310802224,5.715968950106179,5.7264527215988,5.716254521049675,5.692714097845282,5.662207932886282,5.58490485885794,5.076741867639856
200.0,2199.9325,1.465,1611.0,9960.0,348.0,0.30000000000000004,410452.0,404336.0,1.950654180779704,193.8,2199.9325,1.65,27094.0,2520.0,6211.5,0.5,765596.0,732524.0,1.5548917662350648,200.0,2200.0,2.235,505.0,1080.0,198.4,0.0,43504.0,34316.0,1.9780920412338368,200.0,2199.9325,1.455,1513.0,7840.0,209.1,0.30000000000000004,411120.0,404864.0,1.942285979942884,200.0,2199.9325,1.6349999999999998,27393.5,3000.0,6138.6,0.5,765616.0,732468.0,1.5461930710393441,200.0,2199.9325,2.06,219.0,1480.0,30.6,0.0,43504.0,32312.0,1.798994974874372,193.8,2200.0,1.475,1706.0,5240.0,199.8,0.30000000000000004,410452.0,404336.0,1.959022381616524,200.0,2199.9325,1.67,14556.0,3120.0,4387.6,0.5,765616.0,732536.0,1.5752387141928712,200.0,2200.0,2.25,210.5,1680.0,29.0,0.0,43504.0,34504.0,1.9910223052018992,200.0,2199.865,1.46,1924.0,9120.0,396.7,0.30000000000000004,410456.0,404336.0,1.946470080361293,200.0,2199.9325,1.74,11046.0,4800.0,4004.0,0.5,765596.0,732520.0,1.655826626006099,200.0,2199.9325,2.245,246.5,1640.0,52.0,0.0,43504.0,32900.0,1.9859971795737583,5.643712855754028,5.643723418171395,5.6473298244048795,5.699304473582625,5.6792106630833805,5.62084638940291,5.738253295795362,5.752005899576802,5.7797116144011484,5.697417392556289,5.6855960081681705,5.522794613734287,5.102800213749728
200.0,2199.9325,1.49,1613.0,7400.0,331.0,0.30000000000000004,413840.0,407504.0,1.9883823032759198,200.0,2200.0,1.96,14124.5,2920.0,4285.0,0.2,301060.0,267876.0,2.454488386691777,200.0,2200.0,2.23,858.0,1120.0,403.8,0.0,43844.0,34684.0,1.9350021958717611,200.0,2199.9325,1.4249999999999998,5228.5,15760.0,1089.0,0.30000000000000004,414372.0,408032.0,1.810126582278481,200.0,2199.865,1.965,16088.5,1520.0,4692.9,0.2,301076.0,267888.0,2.4938794726930316,193.8,2200.0,2.245,410.0,1120.0,81.5,0.0,43844.0,32680.0,1.9477382520860784,200.0,2200.0,1.475,1809.5,7680.0,219.2,0.30000000000000004,413840.0,407504.0,1.975616345829112,193.8,2200.0,1.5499999999999998,4595.0,3240.0,869.1,0.2,302836.0,269888.0,1.6650973006905208,200.0,2200.0,2.315,376.5,1640.0,45.90000000000001,0.0,43844.0,34872.0,2.015371102327624,193.8,2199.865,1.495,1892.5,5960.0,380.1,0.30000000000000004,413844.0,407504.0,1.9926376224248563,200.0,2199.9325,1.545,7267.5,5280.0,2124.6,0.2,302820.0,269668.0,1.6558380414312617,200.0,2199.865,2.3200000000000003,426.5,1080.0,77.5,0.0,43844.0,33268.0,2.0202020202020203,5.633332748476447,5.5632280166343095,5.624267090798393,5.676176143991568,5.592979188650177,5.6559180812265675,5.647407442928697,5.637170008454444,5.5803501914126095,5.605864075292884,5.614513150459935,5.4742869054178405,4.964378148069488
200.0,2199.865,1.435,5182.0,13360.0,912.2,0.30000000000000004,415324.0,409088.0,1.792116182572614,200.0,2200.0,1.75,9165.5,1920.0,2273.4,0.2,299596.0,266668.0,3.2944830105955427,200.0,2199.9325,2.265,6015.0,2040.0,973.8,0.1,130596.0,121368.0,1.9510731319554848,200.0,2199.9325,1.485,4647.0,16880.0,960.1,0.30000000000000004,416144.0,409880.0,1.8616525423728816,200.0,2200.0,1.845,7918.5,2120.0,1787.8,0.2,299612.0,266680.0,3.7075264888564123,200.0,2199.865,2.295,4279.5,2480.0,645.6,0.1,132204.0,121248.0,1.9763513513513515,200.0,2199.865,1.42,6280.0,13840.0,1116.0,0.30000000000000004,415324.0,409088.0,1.762966804979253,200.0,2199.865,1.97,3743.5,3000.0,674.7,0.2,311252.0,278788.0,4.303617099013518,200.0,2199.9325,2.295,3915.5,2520.0,419.9,0.1,132204.0,123440.0,1.9763513513513515,193.8,2199.9325,1.37,7305.5,11240.0,1305.4,0.30000000000000004,415188.0,408824.0,1.6964211618257257,200.0,2199.9325,1.44,27381.5,4800.0,3806.5,0.2,311228.0,278768.0,2.0343441724515894,200.0,2199.9325,2.3,3911.5,2280.0,561.0,0.1,132204.0,121836.0,1.9847376788553257,5.127048427652262,5.1177707685119005,5.07204222196263,5.054273958999713,5.026539171236512,5.050204327212159,5.0519211404373925,5.090536766339714,5.0536624513963435,5.0506228250841225,4.993286375869469,4.945645801972144,4.6463257773378634
200.0,2199.865,1.46,4876.0,14040.0,869.8,0.30000000000000004,416556.0,410408.0,1.8444148936170213,200.0,2200.0,1.725,11436.5,2560.0,1869.8,0.2,311232.0,278772.0,1.9495086170061244,200.0,2199.9325,1.865,1121.0,1080.0,230.9,0.0,43796.0,34728.0,1.6747244094488187,200.0,2199.865,1.495,4392.0,16160.0,930.5,0.30000000000000004,417228.0,410936.0,1.8349489795918368,200.0,2199.9325,1.6,17831.0,2120.0,2821.7,0.2,311384.0,278792.0,1.737644210226463,200.0,2199.9325,2.21,501.0,1320.0,75.3,0.0,43796.0,32724.0,1.9453149606299207,200.0,2199.865,1.435,5971.5,14200.0,976.0,0.30000000000000004,416556.0,410408.0,1.7984042553191486,200.0,2200.0,1.23,38484.5,3280.0,4414.1,0.2,311252.0,278788.0,1.119071357356502,200.0,2200.0,2.22,449.0,1120.0,36.7,0.0,43796.0,34916.0,1.9585039370078736,200.0,2199.9325,1.39,7019.0,11680.0,1323.9,0.30000000000000004,416428.0,410144.0,1.7271276595744682,200.0,2199.9325,1.255,37848.0,4800.0,4913.0,0.2,311228.0,279032.0,1.1443526563167643,200.0,2199.865,2.24,476.5,1280.0,185.0,0.0,43796.0,33312.0,1.9753149606299212,4.853626653187889,4.829540107628673,4.848135026268871,4.806660840659697,5.026150266263174,5.113832293118968,5.608426850637804,5.844918732899737,5.7896383430662,5.714710163063213,5.487045618702373,5.525798072061964,5.237611939449106
200.0,2200.0,2.43,47878.5,18640.0,8667.0,0.2,181416.0,177432.0,1.8581730769230769,200.0,2200.0,2.155,20781.5,2320.0,4965.2,0.2,301992.0,203996.0,1.857498837749884,200.0,2199.9325,1.935,1324.0,1240.0,302.9000000000001,0.0,21680.0,7472.0,1.9571984435797667,200.0,2199.865,2.43,48764.0,19120.0,8235.199999999999,0.2,181416.0,177432.0,1.8581730769230769,200.0,2199.9325,2.185,20796.0,2520.0,5121.200000000002,0.2,302900.0,202216.0,1.8828637842863785,193.8,2199.9325,1.925,763.0,1400.0,33.8,0.0,21680.0,7480.0,1.9398128984187435,200.0,2199.9325,2.43,49789.5,18240.0,9870.1,0.2,181416.0,177432.0,1.8573717948717952,200.0,2199.9325,2.23,19529.0,3800.0,4591.0,0.2,301992.0,202220.0,1.9215620641562063,200.0,2199.9325,1.97,500.0,1800.0,518.8000000000002,0.0,21680.0,7464.0,1.9876369456632723,200.0,2199.9325,2.42,50028.0,14800.0,9222.1,0.2,181416.0,177432.0,1.8496260683760688,200.0,2200.0,2.24,18701.5,5080.0,3962.5,0.2,302900.0,201492.0,1.930711297071129,200.0,2200.0,1.975,484.5,1480.0,354.6,0.0,21680.0,7468.0,1.9915279962469297,5.779743771934268,5.688746898521128,5.785527313329967,5.754917341262017,5.73586090555552,5.762180480014516,5.767886527653066,5.726680319984737,5.763603991149679,5.738480229955064,5.760777363215232,5.722630850198879,5.420303608882277
200.0,2199.9325,2.475,47582.5,18760.0,8605.599999999999,0.2,181952.0,177696.0,1.8505652911249293,200.0,2199.9325,2.175,20804.0,2600.0,4862.9,0.2,301992.0,205844.0,1.8742352394235242,200.0,2199.9325,1.935,1357.5,1200.0,317.9,0.0,21680.0,7472.0,1.9609375,200.0,2199.9325,2.4800000000000004,48285.0,17000.0,8192.5,0.2,181952.0,177696.0,1.8546636517806672,200.0,2200.0,2.18,20641.5,2520.0,5049.7,0.2,301992.0,203276.0,1.8786796838679685,200.0,2199.9325,1.925,790.0,1560.0,45.6,0.0,21680.0,7480.0,1.9435671542553192,200.0,2199.9325,2.47,49182.5,16400.0,9759.2,0.2,181952.0,177696.0,1.846466930469192,193.8,2200.0,2.22,19437.0,4120.0,4609.700000000002,0.2,302900.0,204592.0,1.9134542073454208,200.0,2199.9325,1.975,527.0,1800.0,535.4,0.0,21680.0,7464.0,1.99537344858156,200.0,2200.0,2.455,49525.5,16440.0,9222.0,0.2,181952.0,177696.0,1.8354720180893158,193.3,2199.9325,2.2350000000000003,18608.5,5120.0,3974.1,0.2,301992.0,203080.0,1.92652719665272,200.0,2199.9325,1.975,506.0,1720.0,366.6,0.0,21680.0,7468.0,1.99537344858156,5.656923746434603,5.67404789849378,5.7923587871036375,5.752589610370923,5.745541393025283,5.769110875540293,5.766020670403148,5.491919790738399,5.588839823099123,5.7290496847388335,5.757038000076344,5.688285159946708,5.362887028138937
200.0,2200.0,2.39,44535.0,18240.0,8612.8,0.2,185492.0,181632.0,1.8042182945914516,200.0,2200.0,1.47,60618.0,3000.0,13936.1,0.7999999999999999,1008924.0,992396.0,1.7242911877394635,200.0,2199.865,1.915,1599.0,1040.0,338.4,0.0,21824.0,7644.0,1.9453125,200.0,2199.9325,2.39,45082.5,17520.0,8177.2,0.2,185488.0,181368.0,1.8049074645723555,200.0,2200.0,1.45,60005.0,2880.0,14098.4,0.7999999999999999,1009832.0,993384.0,1.685632183908046,200.0,2199.865,1.93,805.5,1360.0,33.7,0.0,21824.0,7652.0,1.95703125,200.0,2199.9325,2.38,45821.0,16480.0,9707.9,0.2,185488.0,181368.0,1.7966087093856336,200.0,2200.0,1.46,58296.5,4040.0,13339.4,0.7999999999999999,1009056.0,992400.0,1.7070498084291188,200.0,2199.9325,1.97,525.0,2160.0,530.1,0.0,21824.0,7636.0,1.99146719858156,200.0,2199.865,2.35,45862.5,15000.0,9243.2,0.2,185488.0,181368.0,1.7730907837872758,200.0,2199.9325,1.5299999999999998,57945.5,4960.0,12957.4,0.7999999999999999,1009832.0,993192.0,1.781800766283525,200.0,2200.0,1.975,494.0,1840.0,361.8,0.0,21824.0,7640.0,1.99537344858156,5.612918013756034,5.492616814447079,5.629893600161363,5.618703963244165,5.559870007232684,5.648301194180991,5.613564018968583,5.6042908837294085,5.635257543336867,5.648214460663242,5.642366246377528,5.4857616865902665,5.2421933762267
200.0,2199.865,2.435,44388.5,19880.0,8227.7,0.2,186616.0,182424.0,1.839495182988988,200.0,2200.0,1.45,59491.0,2160.0,13479.0,0.7999999999999999,1009832.0,993184.0,1.692753623188406,200.0,2199.9325,1.9,1595.0,1160.0,316.6,0.0,21824.0,7644.0,1.9272218528368796,200.0,2199.9325,2.43,45158.0,18160.0,7884.700000000002,0.2,186612.0,182424.0,1.8353458053956264,200.0,2199.865,1.45,60585.5,2240.0,14269.8,0.7999999999999999,1009056.0,992596.0,1.692753623188406,200.0,2200.0,1.935,785.5,1640.0,31.8,0.0,21824.0,7652.0,1.9609375,200.0,2200.0,2.43,45815.5,17320.0,9327.6,0.2,186612.0,182424.0,1.8360349753765308,200.0,2199.865,1.46,59379.5,4240.0,13628.3,0.7999999999999999,1009056.0,992400.0,1.718647342995169,200.0,2200.0,1.97,501.0,1880.0,531.5999999999998,0.0,21824.0,7636.0,1.99146719858156,200.0,2199.865,2.425,45695.0,17200.0,9118.4,0.2,186612.0,182424.0,1.8318855977831696,200.0,2200.0,1.52,58137.5,6560.0,12933.2,0.7999999999999999,1008924.0,992404.0,1.7719806763285022,200.0,2200.0,1.97,490.5,1560.0,357.5,0.0,21824.0,7640.0,1.99146719858156,5.610341277448766,5.4949900452722575,5.585433909290691,5.609874265414397,5.559982702615305,5.616888822365143,5.614404802118561,5.5334287490616445,5.596450761881214,5.507425495626872,5.532631309168998,5.459167154122204,5.190480643744144
200.0,2199.9325,2.39,47350.0,17920.0,8155.3,0.2,187172.0,183216.0,1.7969098075055694,200.0,2199.9325,1.45,61321.0,1840.0,13951.0,0.7999999999999999,1008924.0,992396.0,1.6898084291187743,200.0,2199.9325,1.9,1630.5,1200.0,319.6,0.0,21824.0,7644.0,1.9309136420525657,200.0,2199.865,2.4000000000000004,47848.0,15400.0,7705.5,0.2,187168.0,183216.0,1.8051065288170447,193.3,2199.9325,1.46,61015.5,1720.0,14404.4,0.7999999999999999,1008924.0,992596.0,1.6986973180076628,200.0,2200.0,1.935,792.5,1520.0,31.700000000000006,0.0,21824.0,7652.0,1.9647058823529413,200.0,2199.9325,2.37,48632.0,14520.0,9285.5,0.2,187168.0,183216.0,1.7811304049808647,200.0,2200.0,1.47,59661.0,3760.0,13800.7,0.7999999999999999,1009056.0,992400.0,1.7242911877394635,200.0,2200.0,1.965,507.5,2200.0,531.3,0.0,21824.0,7636.0,1.9914059240717563,200.0,2199.9325,2.36,48545.0,15040.0,9097.5,0.2,187036.0,182952.0,1.7766179242588678,200.0,2199.9325,1.52,58746.5,6040.0,13146.8,0.7999999999999999,1009056.0,992404.0,1.76455938697318,200.0,2200.0,1.965,508.0,1880.0,372.4,0.0,21824.0,7640.0,1.9914059240717563,5.587333019998033,5.492943659339707,5.569085991309626,5.566422491244087,5.506567628134282,5.512037075958989,5.538929186143128,5.5629614766553255,5.607759756153274,5.5554667585927335,5.596507936666424,5.450587297839067,5.091448163367462
200.0,2200.0,2.405,45372.5,11160.0,8471.2,0.2,191252.0,187176.0,1.8325320866228552,200.0,2199.9325,1.4449999999999998,60516.5,1200.0,13853.4,0.7999999999999999,1009056.0,992396.0,1.6883091787439612,200.0,2200.0,1.83,2223.5,1040.0,471.3,0.0,21824.0,7896.0,1.9116069884103093,193.8,2199.865,2.425,45238.5,16960.0,7948.200000000002,0.2,191248.0,187176.0,1.849409723753657,200.0,2199.865,1.455,60983.5,2320.0,14346.1,0.7999999999999999,1009056.0,992596.0,1.7014492753623192,200.0,2200.0,1.89,912.5,1520.0,42.0,0.0,21824.0,7904.0,1.9634146341463412,200.0,2199.865,2.38,47906.0,16160.0,9805.7,0.2,191248.0,187176.0,1.8136403063849804,200.0,2199.865,1.4899999999999998,59004.0,4760.0,13483.0,0.7999999999999999,1009056.0,992400.0,1.7368115942028983,200.0,2200.0,1.905,606.5,2400.0,554.8,0.0,21824.0,7888.0,1.9786369140287148,200.0,2199.9325,2.35,47457.5,15240.0,9404.9,0.2,191248.0,187176.0,1.7905291168644055,200.0,2200.0,1.5299999999999998,58141.0,5360.0,12908.0,0.7999999999999999,1009056.0,992404.0,1.7893719806763284,200.0,2200.0,1.91,650.5,1680.0,399.9,0.0,21824.0,7892.0,1.9827019546791207,5.6144745636878515,5.447692826428199,5.5498144567728485,5.556087389971388,5.534683299604065,5.589479177258134,5.616851644158368,5.556555162028018,5.530521631178478,5.499533273396233,5.536567999832542,5.481786345686887,5.159868823435356
200.0,2199.9325,2.365,45042.5,18360.0,7433.0999999999985,0.2,192596.0,188496.0,1.8031949447823776,200.0,2200.0,1.46,61665.5,2040.0,14175.8,0.7999999999999999,1009832.0,993184.0,1.714396135265701,193.8,2199.9325,1.75,2847.5,1440.0,593.2,0.0,21824.0,7896.0,1.8980802152115432,193.8,2199.9325,2.355,45951.5,17880.0,7430.0,0.2,192456.0,188496.0,1.796226303667395,193.8,2199.9325,1.45,59868.5,1680.0,14144.3,0.7999999999999999,1008924.0,992596.0,1.692753623188406,200.0,2200.0,1.81,1137.0,1400.0,71.8,0.0,21824.0,7904.0,1.952586206896552,200.0,2199.9325,2.365,46894.5,16120.0,8583.8,0.2,192456.0,188496.0,1.802441977204276,193.8,2199.9325,1.52,60527.5,4000.0,13972.1,0.7999999999999999,1008924.0,992400.0,1.7889855072463767,200.0,2199.9325,1.83,849.5,2400.0,605.6,0.0,21824.0,7888.0,1.972609439960871,200.0,2199.9325,2.395,47007.5,15760.0,8063.5999999999985,0.2,192456.0,188496.0,1.8286186735959369,200.0,2200.0,1.52,58601.5,4080.0,13009.4,0.7999999999999999,1009832.0,993192.0,1.7677294685990343,200.0,2200.0,1.835,881.5,1840.0,359.6,0.0,21824.0,7892.0,1.9769197847884568,5.489745877513457,5.586240930441903,5.601765449749847,5.591701078740204,5.661451460120519,5.621468913339295,5.661760268524268,5.509907070437882,5.51022789377187,5.5491770213383775,5.588458426734968,5.515629262242856,5.222462820430613
200.0,2199.865,2.405,44666.0,18640.0,7989.0,0.2,194376.0,190344.0,1.8312858312858316,200.0,2199.9325,1.4449999999999998,59643.0,2240.0,13475.0,0.7999999999999999,1009056.0,992396.0,1.6955555555555557,200.0,2200.0,1.72,3043.0,1040.0,639.8,0.0,21824.0,7896.0,1.883737495741584,200.0,2199.865,2.365,45388.0,19400.0,7909.1,0.2,194372.0,190344.0,1.8004563004563003,200.0,2199.9325,1.455,60839.5,2800.0,14320.8,0.7999999999999999,1009056.0,992596.0,1.7087719298245614,200.0,2199.865,1.765,1227.0,1600.0,63.6,0.0,21824.0,7904.0,1.925764192139738,200.0,2199.9325,2.415,45832.0,15800.0,9037.0,0.2,194372.0,190344.0,1.841845091845092,200.0,2200.0,1.4899999999999998,58854.5,3720.0,13549.2,0.7999999999999999,1008924.0,992400.0,1.7442105263157894,200.0,2199.9325,1.81,914.5,2040.0,657.1,0.0,21824.0,7888.0,1.9677908885378919,200.0,2199.9325,2.46,46664.0,14400.0,8342.9,0.2,194236.0,190344.0,1.8751023751023752,200.0,2200.0,1.515,58823.5,3320.0,13076.6,0.7999999999999999,1009056.0,992404.0,1.7707602339181283,193.8,2199.9325,1.815,868.5,2040.0,366.7,0.0,21824.0,7892.0,1.9721577007649664,5.517212750259894,5.463262021359132,5.6217600915480235,5.579702884540388,5.523839529921575,5.6412400824912075,5.535292644574592,5.453795331572884,5.60057765946512,5.426700576550736,5.570847410365956,5.443422659687295,5.174817518153309
200.0,2199.9325,2.46,44755.5,9760.0,8064.0,0.2,196548.0,192456.0,1.8685144769387456,200.0,2199.9325,1.4449999999999998,60557.0,2480.0,13789.3,0.7999999999999999,1009832.0,993184.0,1.6883091787439612,200.0,2199.9325,1.725,3085.5,1120.0,651.9000000000002,0.0,21824.0,7896.0,1.899987447436139,200.0,2199.9325,2.44,45421.0,19200.0,7695.7,0.2,196544.0,192456.0,1.851636839807944,200.0,2199.9325,1.455,61031.0,2120.0,14469.8,0.7999999999999999,1008924.0,992596.0,1.7014492753623192,200.0,2200.0,1.785,1271.0,1960.0,73.1,0.0,21824.0,7904.0,1.955752212389381,200.0,2200.0,2.4450000000000003,46103.0,7920.0,9099.3,0.2,196412.0,192456.0,1.856627382511276,193.8,2200.0,1.495,59631.0,4000.0,13722.5,0.7999999999999999,1009056.0,992400.0,1.7455072463768115,200.0,2199.9325,1.82,905.5,2440.0,632.9,0.0,21824.0,7888.0,1.9893930835373128,200.0,2200.0,2.385,47948.0,16920.0,9623.3,0.2,196412.0,192456.0,1.8152480721664483,200.0,2200.0,1.52,58421.5,2480.0,13070.4,0.7999999999999999,1009832.0,993192.0,1.7677294685990343,200.0,2199.9325,1.81,888.0,1760.0,355.1,0.0,21824.0,7892.0,1.980543526015189,5.465716837952676,5.67978355322242,5.694366084965397,5.669245487267211,5.595353839549385,5.665051488912942,5.616976665925669,5.60433365942004,5.731225801388518,5.5403782670205795,5.659842062106813,5.559262254328734,5.220435597697573
200.0,2199.9325,1.775,50090.5,20160.0,11000.4,0.2,179356.0,155916.0,1.7341009426082803,200.0,2200.0,1.06,20688.5,2520.0,8287.6,1.4,1742416.0,1725840.0,2.04781746031746,200.0,2199.9325,1.335,4858.5,1480.0,2511.1,0.7,875512.0,867824.0,1.893058350100604,200.0,2200.0,1.87,54809.0,21120.0,10198.0,0.2,179172.0,155692.0,1.7841902862840051,200.0,2199.9325,1.16,15607.5,2880.0,7223.5,1.4,1742416.0,1726208.0,2.2263888888888888,200.0,2199.9325,1.3199999999999998,2932.5,2760.0,779.2,0.7,875512.0,868416.0,1.8715291750503018,200.0,2199.865,1.835,52943.5,9360.0,10315.6,0.2,179164.0,154000.0,1.7454208802164932,200.0,2199.9325,0.86,51556.5,4000.0,10613.4,1.4,1742416.0,1726044.0,1.6545977011494253,200.0,2199.9325,1.315,2772.0,2080.0,301.9,0.7,875512.0,867892.0,1.864486921529175,200.0,2199.9325,1.825,52635.5,6080.0,9925.9,0.2,179172.0,155640.0,1.7386412191995442,200.0,2199.9325,0.89,51539.0,4280.0,11693.2,1.4,1742416.0,1726096.0,1.7486111111111111,200.0,2199.9325,1.3199999999999998,2658.5,2360.0,828.3,0.7,875512.0,868152.0,1.8661971830985915,5.2254728994327095,5.168156010768937,5.146354943619212,5.153275358844125,5.130033405404952,5.293463570277319,5.126623142852927,5.074899004921893,5.176018398526754,5.073198730491635,4.851382127331877,5.08679840514137,5.030462776393209
193.8,2199.865,1.815,55389.0,21120.0,11546.8,0.2,179548.0,156016.0,1.6512290167865709,200.0,2199.9325,0.835,51457.0,2880.0,11038.4,1.4,1742416.0,1725840.0,1.6054376657824934,200.0,2199.9325,1.315,5368.0,1080.0,2546.9,0.7,875512.0,867824.0,1.770625729419158,200.0,2199.865,1.735,52178.5,20200.0,10553.2,0.2,179460.0,155780.0,1.5275712287418095,200.0,2199.865,0.855,52530.5,2960.0,11435.5,1.4,1742416.0,1726208.0,1.6399204244031829,200.0,2200.0,1.35,3061.5,2760.0,802.6,0.7,875512.0,868416.0,1.816455696202532,200.0,2199.865,1.715,53578.0,15200.0,10958.3,0.2,179436.0,154352.0,1.4955704434464652,200.0,2200.0,0.8200000000000001,51792.0,3360.0,10440.2,1.4,1742416.0,1726044.0,1.6274350649350648,200.0,2199.865,1.34,2975.5,2360.0,288.9,0.7,875512.0,867892.0,1.8030343836969207,200.0,2199.9325,1.71,53635.0,12760.0,10885.7,0.2,179436.0,155992.0,1.492110235834008,200.0,2200.0,0.86,51322.0,4960.0,11561.5,1.4,1742416.0,1726096.0,1.6485411140583557,200.0,2199.9325,1.49,2745.0,2320.0,854.5,0.7,875512.0,868152.0,2.1893939393939394,4.936405459172094,5.383927128813667,5.469305724251766,5.420940844726816,5.4364614000979365,4.925637903348474,5.393427645283606,5.346563333748586,4.870770372810669,5.373726992432028,5.163393684089192,5.3132502287752565,5.238916658880688
193.3,2199.9325,1.73,53336.5,15880.0,11112.7,0.2,179716.0,156036.0,1.6497076714108545,200.0,2199.865,0.815,51592.0,2680.0,10871.6,1.4,1742416.0,1725840.0,1.590131900341964,200.0,2199.9325,1.2599999999999998,5043.5,1440.0,2528.0,0.7,875512.0,867824.0,1.8354396629872556,193.8,2199.9325,1.825,56426.0,17440.0,11122.6,0.2,179620.0,155840.0,1.7746539792387543,200.0,2200.0,0.8300000000000001,53106.0,2480.0,11355.8,1.4,1742416.0,1726208.0,1.616218856863703,200.0,2200.0,1.37,3056.5,2480.0,856.0,0.7,875512.0,868416.0,2.0,200.0,2199.865,1.815,56918.0,14600.0,11491.1,0.2,179596.0,154416.0,1.7531141868512108,200.0,2200.0,0.815,56436.0,4280.0,10762.4,1.4,1742416.0,1726044.0,1.5695402298850576,200.0,2199.9325,1.365,2909.0,2320.0,324.4,0.7,875512.0,867892.0,1.99290780141844,200.0,2199.865,1.81,56951.0,14880.0,11475.6,0.2,179600.0,156088.0,1.754527104959631,200.0,2200.0,0.845,51875.5,5040.0,11786.9,1.4,1742416.0,1726096.0,1.6397655105031754,200.0,2199.9325,1.37,2738.5,2480.0,798.9000000000002,0.7,875512.0,868152.0,1.9568345323741008,5.367088351764878,5.280609272048427,5.289290790779583,5.376529695017164,5.370793699608659,5.353570279515583,5.337485608032918,5.331873170090991,5.197654936115455,5.2849483731733224,5.3227715598453775,5.12799440391156,5.036204128578528
193.8,2200.0,1.785,49715.0,19000.0,10546.1,0.2,180004.0,156056.0,1.7109153821956593,200.0,2199.9325,0.8049999999999999,54915.0,2200.0,11367.0,1.4,1742416.0,1725840.0,1.5498084291187741,200.0,2200.0,1.245,5311.0,1080.0,2623.9,0.7,875512.0,867824.0,1.7771825093116995,200.0,2199.865,1.735,54841.5,17240.0,10548.6,0.2,179700.0,155856.0,1.6631725033957359,200.0,2199.9325,0.81,56798.5,2160.0,11660.1,1.4,1742416.0,1726208.0,1.5584291187739463,200.0,2199.9325,1.365,3044.0,2560.0,777.4000000000002,0.7,875512.0,868416.0,1.9496402877697845,200.0,2199.9325,1.775,59212.5,14880.0,11499.8,0.2,179668.0,154432.0,1.7359593692789228,200.0,2199.9325,0.7949999999999999,60406.0,4720.0,11245.2,1.4,1742416.0,1726044.0,1.5175255778704055,200.0,2199.865,1.36,2898.0,2400.0,285.4,0.7,875512.0,867892.0,1.942548089188224,200.0,2199.865,1.745,58462.0,15080.0,11306.0,0.2,179676.0,156068.0,1.6901021673654992,200.0,2200.0,0.8200000000000001,56305.5,7440.0,12797.2,1.4,1742416.0,1726096.0,1.5756704980842913,200.0,2199.9325,1.475,3000.5,2400.0,867.4,0.7,875512.0,868152.0,2.013157894736842,5.317176080692324,5.152214491808481,5.126469255575465,5.1633649774255606,5.2599755709631895,5.337565098138267,5.342211483605365,5.375631873924962,5.291730452142252,5.306687687548304,4.989830834095594,5.166391387186359,4.991907921474517
200.0,2199.9325,1.805,55886.5,14560.0,12649.4,0.2,180652.0,156168.0,1.6675440905501446,193.8,2199.9325,0.705,53919.0,2400.0,10889.0,1.4,1742416.0,1725840.0,1.4597826086956522,200.0,2199.9325,1.25,5154.5,1120.0,2543.4,0.7,875512.0,867824.0,1.6311644400461818,200.0,2199.9325,1.83,57104.0,15520.0,11246.7,0.2,180588.0,155984.0,1.6966793369232391,200.0,2200.0,0.71,54183.0,2400.0,10602.9,1.4,1742416.0,1726208.0,1.4684782608695652,200.0,2200.0,1.355,3096.5,2720.0,803.7,0.7,875512.0,868416.0,1.7558139534883719,200.0,2200.0,1.81,56650.5,17800.0,11518.7,0.2,180556.0,154552.0,1.6704677436384754,200.0,2200.0,0.71,52151.5,4080.0,10273.2,1.4,1742416.0,1726044.0,1.5151200519143413,200.0,2199.9325,1.345,2927.5,2200.0,291.4,0.7,875512.0,867892.0,1.7429078014184398,200.0,2199.865,1.81,56961.5,12360.0,11272.4,0.2,180564.0,156188.0,1.6704677436384754,200.0,2200.0,0.765,52548.5,5640.0,12112.5,1.4,1742416.0,1726096.0,1.5849033816425122,200.0,2199.9325,1.4449999999999998,2863.0,2720.0,845.9000000000002,0.7,875512.0,868680.0,2.129770992366412,4.949744586894085,5.210029524253047,5.1372216419916015,5.195057598237455,5.270135764854974,5.020115638154922,5.273816344647547,5.247387585687617,5.032926396133821,5.262761623631616,5.0729964093949,5.099419351385737,5.075477067208675
200.0,2199.9325,1.795,55819.5,18400.0,12151.5,0.2,181140.0,156268.0,1.7551590841510556,193.8,2199.9325,0.635,55794.5,2040.0,11270.4,1.4,1742416.0,1725840.0,1.3196687370600415,200.0,2200.0,1.025,4126.0,1760.0,1431.1,0.7,873296.0,866088.0,1.485332043842682,200.0,2199.9325,1.84,57201.0,17520.0,10574.7,0.2,181084.0,156220.0,1.806870460048426,200.0,2199.865,0.625,54295.5,2480.0,10556.0,1.4,1742416.0,1726208.0,1.2951000690131125,200.0,2200.0,1.13,2419.0,2880.0,574.8,0.7,873296.0,866828.0,1.643939393939394,200.0,2199.9325,1.825,57755.5,15760.0,10960.2,0.2,181044.0,154644.0,1.7800847457627116,200.0,2200.0,0.635,52867.0,3840.0,10295.5,1.4,1742416.0,1726044.0,1.3117056856187292,200.0,2200.0,1.13,2361.0,2280.0,327.2999999999999,0.7,873296.0,866232.0,1.643939393939394,200.0,2199.9325,1.815,57898.5,11600.0,10772.8,0.2,181060.0,156280.0,1.7677663438256657,200.0,2199.9325,0.635,50927.0,3480.0,11351.1,1.4,1742416.0,1726096.0,1.3412008281573502,200.0,2199.9325,1.16,2376.0,2000.0,782.7,0.7,873296.0,866528.0,1.5,4.839715333524424,4.5463192053321135,4.601667495648027,4.605169732334919,4.720473569759138,4.933500203636534,4.665480875250879,4.695999564695993,4.971866190593162,4.7408875342940435,5.154083721940865,4.7345743475518915,4.583164447028233
200.0,2200.0,1.7,1436.0,15880.0,463.8,0.2,215708.0,195816.0,1.9637815878262068,200.0,2199.9325,1.5699999999999998,33303.5,2640.0,7095.3,1.1,1875364.0,1519816.0,1.7209691393063065,200.0,2200.0,1.99,4443.0,1720.0,912.2,0.0,38704.0,30616.0,1.8664154103852597,200.0,2199.9325,1.66,1329.0,13120.0,401.8,0.2,243668.0,222700.0,1.9227088067203744,200.0,2199.865,1.595,32929.5,2600.0,6733.9000000000015,1.1,1875364.0,1519816.0,1.747946105816628,200.0,2200.0,2.0700000000000003,2652.0,2160.0,416.0,0.0,38704.0,30616.0,1.9423432954244908,200.0,2199.9325,1.94,397.5,5040.0,68.3,0.2,201892.0,182976.0,2.1945534669145497,200.0,2200.0,1.575,30780.5,3840.0,6220.3,1.1,1875364.0,1520644.0,1.726077734293311,200.0,2200.0,2.075,2767.5,2320.0,513.4,0.0,38704.0,30616.0,1.945450938905052,200.0,2199.9325,1.68,1722.0,7160.0,509.4,0.2,193448.0,175452.0,1.94212628244853,200.0,2199.9325,1.62,30446.0,3840.0,6142.5999999999985,1.1,1875364.0,1519816.0,1.7749230723269498,200.0,2199.9325,2.085,2826.5,2280.0,297.0,0.0,38704.0,30616.0,1.955501190161333,5.635034103908954,5.667338323334336,5.695622911870731,5.65617062757371,5.623228772360852,5.555631015040126,5.515569592658533,5.34291441225878,4.909037909777778,5.4184610148850885,4.826010238931193,4.933315730124104,4.384407504706875
200.0,2199.865,2.05,2689.5,13640.0,426.1,0.2,318404.0,295980.0,1.8845153384784057,200.0,2199.9325,1.565,32362.0,2400.0,6877.9,1.1,1875364.0,1519816.0,1.8246913580246915,200.0,2200.0,2.03,4447.0,720.0,1193.6,0.0,40520.0,32612.0,1.8964975792733456,200.0,2199.865,2.035,3198.0,11560.0,221.7,0.2,318560.0,295980.0,1.8728421867274332,200.0,2200.0,1.59,31851.5,2920.0,6622.0,1.1,1875364.0,1519816.0,1.8543209876543212,200.0,2200.0,2.085,2763.0,2240.0,439.6,0.0,40520.0,32612.0,1.945500937758974,200.0,2199.865,2.015,4171.0,11080.0,493.3,0.2,318260.0,295720.0,1.852376550508416,200.0,2200.0,1.61,31122.0,3240.0,6345.8,1.1,1875364.0,1520644.0,1.8759259259259256,200.0,2200.0,2.09,2795.0,2360.0,479.0,0.0,40520.0,32612.0,1.950451432808479,200.0,2199.9325,1.985,5307.0,10920.0,637.5,0.2,317948.0,295452.0,1.82576262441688,200.0,2200.0,1.62,30148.0,5280.0,5978.6,1.1,1875364.0,1519816.0,1.8907407407407408,200.0,2200.0,2.09,2815.5,2720.0,381.1,0.0,40520.0,32612.0,1.950451432808479,5.710448608165453,5.680505672130121,5.627476198628689,5.600862272537153,5.5287595755636705,5.532616812295218,5.478328156616566,5.668311254503356,5.4518308611899915,5.447389993411038,5.509942971412313,5.583678425469914,4.34720234362477
200.0,2200.0,1.945,1431.5,9320.0,192.7,0.2,348780.0,326876.0,1.9612432432432432,200.0,2199.9325,1.32,31003.0,2800.0,6427.4000000000015,1.1,1875364.0,1519816.0,2.058886942460585,200.0,2199.9325,2.0,4364.0,1720.0,1009.0,0.0,40520.0,32616.0,1.8519632270813644,200.0,2199.865,1.92,1599.5,9440.0,169.7,0.2,348616.0,326876.0,1.9412432432432436,200.0,2200.0,1.27,29396.0,3680.0,5981.9,1.1,1875936.0,1520076.0,1.9836275434577548,200.0,2200.0,2.105,2731.5,2120.0,461.8,0.0,40520.0,32616.0,1.9496090729444107,200.0,2199.9325,1.905,1962.5,10880.0,206.5,0.2,348112.0,326352.0,1.9264864864864863,200.0,2199.9325,1.345,29378.5,2160.0,5944.799999999998,1.1,1875936.0,1520904.0,2.073170731707317,200.0,2200.0,2.1,2764.0,2560.0,464.5,0.0,40520.0,32616.0,1.9447547040123718,200.0,2199.9325,1.875,2972.5,11520.0,456.7,0.2,347356.0,325556.0,1.8997297297297295,200.0,2200.0,1.33,28598.5,7400.0,5633.3,1.1,1875364.0,1519816.0,2.056596146071958,200.0,2199.865,2.11,2765.5,2160.0,356.9,0.0,40520.0,32616.0,1.9544634418764495,5.910798728305203,5.882290448508469,5.823637174351302,5.8870809150870524,5.814164274298217,5.527970885286182,5.627976130353167,5.738473764926466,5.478432452339799,5.436534766131579,5.496618732914544,5.519032742470161,4.668128965390316
193.8,2199.865,1.93,1942.0,11280.0,221.8,0.2,352856.0,330836.0,1.9882691331566185,193.8,2199.9325,1.24,29436.0,1880.0,6049.9000000000015,1.1,1875364.0,1519816.0,2.040692377771029,200.0,2200.0,2.015,4570.5,1280.0,1088.8,0.0,40520.0,32616.0,1.858328544978612,193.8,2200.0,1.91,2265.0,9520.0,218.8,0.2,352668.0,330836.0,1.9689526817438383,200.0,2199.9325,1.32,31426.5,2680.0,6440.700000000002,1.1,1875364.0,1519816.0,2.1621621621621623,200.0,2199.9325,2.105,2769.0,2240.0,478.5,0.0,40860.0,32984.0,1.9410287514099045,200.0,2199.9325,1.84,3246.0,12800.0,402.4,0.2,352216.0,330312.0,1.9101291523320736,200.0,2199.9325,1.305,29797.0,3400.0,6012.1,1.1,1875364.0,1520644.0,2.1137260856361983,200.0,2199.9325,2.045,2706.0,2240.0,476.6,0.0,40860.0,32984.0,1.88518589457107,193.8,2200.0,1.92,3474.0,11040.0,421.3,0.2,351308.0,329516.0,1.9698268569172637,200.0,2199.865,1.275,27708.5,4640.0,5463.6,1.1,1875364.0,1519816.0,2.072122684482235,200.0,2200.0,2.095,2794.5,2160.0,362.3,0.0,40860.0,32984.0,1.9309412841303284,5.922956350779357,5.8978554526267,6.005015352920535,5.912766533510015,5.933929564314706,5.918653176098879,5.736427243250902,5.630601049550393,5.586493060507108,5.587695978263709,5.533571155596689,5.346731489881295,4.703885610409058
200.0,2200.0,1.835,3278.0,16520.0,410.0,0.2,356560.0,334796.0,1.8656365014072311,200.0,2200.0,1.255,30295.5,2440.0,6265.5,1.1,1875364.0,1519816.0,2.082193958664547,200.0,2200.0,2.015,4297.0,1280.0,945.3,0.0,40860.0,32984.0,1.936842105263158,200.0,2199.865,1.895,2905.0,13280.0,287.1,0.2,356428.0,334796.0,1.9140235981814249,200.0,2199.9325,1.26,29743.0,2680.0,6148.3,1.1,1875364.0,1519816.0,2.0782988871224166,200.0,2200.0,2.06,2501.0,2000.0,442.2,0.0,40860.0,32984.0,1.976315789473684,200.0,2199.865,1.815,3962.5,15480.0,429.0,0.2,356084.0,334272.0,1.8414700151547956,200.0,2199.9325,1.28,28828.5,1520.0,5882.0999999999985,1.1,1875364.0,1520644.0,2.137122416534181,200.0,2200.0,2.075,2507.5,2200.0,437.9,0.0,40860.0,32984.0,1.9912280701754388,200.0,2199.9325,1.815,4628.0,11560.0,558.8,0.2,355160.0,333476.0,1.836111712491881,200.0,2199.9325,1.315,29879.0,5160.0,5980.0,1.1,1875364.0,1519816.0,2.147058823529412,200.0,2200.0,2.0700000000000003,2519.0,2320.0,328.7000000000001,0.0,40860.0,32984.0,1.985964912280702,5.958182389980514,5.955620384563613,5.8641813553378865,5.888758662502277,5.869168071711744,5.963144004758261,5.923846664249711,5.530479144055714,5.622414218580962,5.599458591550919,5.567424900232637,5.406991381845758,4.7214645694559225
200.0,2200.0,1.77,9158.5,8760.0,1007.1,0.2,388620.0,367636.0,1.939079497907949,200.0,2199.9325,1.03,27247.5,2360.0,5521.8,1.1,1875364.0,1519816.0,1.9899122807017544,200.0,2200.0,1.95,3693.0,1160.0,901.8,0.0,40860.0,32984.0,1.991897419760856,200.0,2199.9325,1.78,9566.0,13400.0,991.4,0.2,383732.0,362884.0,1.936,200.0,2200.0,1.11,28723.5,2560.0,5922.299999999998,1.1,1875364.0,1519816.0,2.275,193.8,2200.0,1.955,2848.0,2240.0,477.7,0.0,40860.0,32984.0,1.988567233060625,200.0,2199.865,1.715,10990.5,13760.0,968.8,0.2,379532.0,358400.0,1.8663430962343093,200.0,2199.9325,1.11,27803.5,3880.0,5613.9000000000015,1.1,1875364.0,1520644.0,2.2175438596491226,200.0,2199.9325,1.945,2925.0,2560.0,486.8,0.0,40860.0,32984.0,1.9751153765470943,200.0,2199.865,1.7000000000000002,12499.0,9280.0,1468.4,0.2,378372.0,357236.0,1.83852719665272,200.0,2199.9325,1.04,25940.0,5120.0,5173.1,1.1,1875364.0,1519816.0,1.9633040935672517,200.0,2199.9325,1.96,2883.5,2200.0,315.0,0.0,40860.0,32984.0,1.9929725194042371,5.684246256281158,5.659682278460176,5.534842592075456,5.440565960702604,5.519446096886856,5.5867374163047865,5.352955358185152,5.519561414822693,5.40060342535447,5.424059565705347,5.7422576639252325,4.931028532870639,5.104159213244559
200.0,2199.865,0.81,7758.5,12440.0,894.1,0.30000000000000004,394792.0,388192.0,1.8241861716437988,193.3,2199.9325,1.545,9183.5,2200.0,2011.1,0.3,480916.0,455360.0,2.0867021276595747,200.0,2199.9325,1.0,18176.0,2560.0,2001.2,0.1,104808.0,83632.0,1.3026932084309135,200.0,2199.9325,0.8,8223.5,11800.0,1162.8,0.30000000000000004,394792.0,388196.0,1.807237019101426,200.0,2199.9325,1.595,8271.5,2840.0,1998.2,0.3,480916.0,455428.0,2.1459219858156033,200.0,2199.9325,1.04,17005.5,2640.0,2106.3,0.1,108008.0,86796.0,1.35480093676815,200.0,2199.865,0.79,8688.0,12080.0,1424.3,0.30000000000000004,394792.0,388192.0,1.7902878665590531,200.0,2199.9325,1.615,10258.0,2720.0,2312.7,0.3,480916.0,455556.0,2.134042553191489,200.0,2199.9325,1.05,16925.0,2200.0,2360.1,0.1,107876.0,86796.0,1.3622170179547228,200.0,2199.865,0.7849999999999999,8734.5,11160.0,1321.9,0.30000000000000004,394788.0,388192.0,1.7818132902878667,200.0,2199.9325,1.59,10061.5,4120.0,1994.1,0.4,499956.0,474468.0,2.074290780141844,200.0,2200.0,1.04,17125.0,2400.0,2572.0,0.1,108672.0,87588.0,1.3525565964090556,5.214537059949202,5.2267879370784724,5.085324671784416,4.835379562082244,5.155555039445363,4.895510328543484,5.02788697027271,4.914828011737867,5.149941046140345,5.011029884750718,4.954931629944489,5.3364872428351955,4.101761646368133
200.0,2199.9325,0.8,7894.0,12200.0,942.8,0.30000000000000004,394792.0,388192.0,1.821702244116037,200.0,2200.0,1.62,15520.0,2880.0,3177.7,0.4,535940.0,510644.0,1.5729529920491006,200.0,2199.9325,0.955,18824.0,2200.0,1993.5,0.1,117156.0,96040.0,1.1318560772268538,200.0,2199.865,0.79,8236.0,11760.0,1166.8,0.30000000000000004,394792.0,388196.0,1.8044608648056928,187.6,2200.0,1.64,15249.0,2760.0,2538.2000000000007,0.4,536352.0,510908.0,1.5922490351978429,200.0,2199.865,1.015,17620.0,2800.0,2392.0,0.1,120616.0,99468.0,1.2025742284627758,200.0,2199.9325,0.79,8288.0,11280.0,1354.0,0.30000000000000004,394792.0,388192.0,1.8044608648056928,200.0,2199.865,1.74,9658.0,3640.0,1889.0,0.4,536748.0,511232.0,1.6854047519412283,200.0,2199.9325,1.015,17799.0,2520.0,2327.7,0.1,119944.0,98940.0,1.2020988737750475,200.0,2199.865,0.79,8513.5,9680.0,1324.0,0.30000000000000004,394788.0,388192.0,1.8044608648056928,200.0,2199.865,1.795,7842.0,5040.0,1403.0,0.4,535784.0,510460.0,1.7368066211001068,193.8,2199.9325,1.03,17558.5,2560.0,2808.7,0.1,121144.0,99996.0,1.2200160889278924,4.816297115677838,4.769147139815369,4.878267539958118,4.861903379450307,4.802139605780741,4.959196412695089,4.850269518323208,4.931017749925633,4.791946919033482,4.802077221296326,4.741711653312827,4.423823952697588,4.910115039703087
200.0,2199.9325,0.81,7736.0,14320.0,934.1,0.30000000000000004,394792.0,388192.0,1.8241861716437988,200.0,2199.9325,1.555,8716.0,1680.0,897.4,0.4,534044.0,509100.0,1.7291935483870966,193.8,2199.9325,0.96,19158.0,1960.0,2319.5,0.1,147224.0,125972.0,1.1374006476302618,200.0,2199.9325,0.8,8112.5,13800.0,1138.6,0.30000000000000004,394792.0,388196.0,1.807237019101426,200.0,2199.865,1.59,7760.0,2920.0,1330.3,0.4,536784.0,511472.0,1.7714516129032258,200.0,2199.9325,0.98,18528.0,2480.0,2418.1,0.1,150136.0,129136.0,1.1606564615837505,193.8,2199.865,0.8,8227.5,12080.0,1335.2,0.30000000000000004,394792.0,388192.0,1.807237019101426,193.8,2199.9325,1.68,4656.0,3800.0,713.0,0.4,536784.0,511532.0,1.8803225806451611,200.0,2199.9325,0.995,18572.5,2480.0,2376.6,0.1,150136.0,128872.0,1.1786134824845451,200.0,2199.9325,0.8,8109.5,11040.0,1228.2,0.30000000000000004,394788.0,388192.0,1.807237019101426,200.0,2199.9325,1.69,3376.0,4440.0,393.4,0.4,536784.0,511476.0,1.8946774193548384,200.0,2199.9325,1.015,18368.0,2320.0,2747.4,0.1,150804.0,129664.0,1.2018692964380335,4.92668696070075,4.87428273676341,4.889063974445712,4.858802809211264,4.8298130812139295,4.912408407025723,4.824060604959271,4.895451867750339,4.774598451285262,4.744875818481086,4.7040942342301895,4.634964946897169,4.4517842600116335
200.0,2200.0,0.8,8033.5,12840.0,966.6,0.30000000000000004,395272.0,388708.0,1.821702244116037,193.8,2200.0,1.6149999999999998,6059.0,2000.0,814.9000000000002,0.4,538408.0,512856.0,1.7845098039215683,193.3,2199.9325,0.97,19026.0,1320.0,2319.3,0.1,163420.0,142340.0,1.1585067319461444,200.0,2199.9325,0.7849999999999999,8760.0,12000.0,1134.1,0.30000000000000004,395272.0,388712.0,1.79584017515052,200.0,2200.0,1.62,12258.0,4160.0,1883.7,0.4,537140.0,511792.0,1.7964705882352938,193.8,2199.9325,0.985,18695.0,2760.0,2462.3,0.1,166484.0,145504.0,1.1759485924112607,200.0,2199.865,0.7849999999999999,8295.5,11600.0,1293.0,0.30000000000000004,395272.0,388448.0,1.79584017515052,200.0,2200.0,1.67,17526.0,3600.0,2775.3,0.4,540200.0,514620.0,1.8649019607843136,200.0,2200.0,1.0,18077.0,2720.0,2356.6,0.1,166348.0,145240.0,1.1926254589963279,200.0,2199.9325,0.7749999999999999,8788.0,10560.0,1330.6,0.30000000000000004,395268.0,388448.0,1.7785987958401752,193.3,2199.9325,1.69,14938.5,4240.0,2220.6,0.4,543460.0,517680.0,1.8950980392156864,200.0,2199.9325,1.0,18247.5,2440.0,2616.3,0.1,167148.0,146032.0,1.193390452876377,4.914753666601209,4.8894079948838245,4.86967011416618,4.850011677019474,4.861532623404037,5.130504488296697,4.880157715782609,5.0670769850639985,4.8364686079555685,4.790606538990053,4.776639430628396,4.661184615350663,4.416728562395081
193.8,2200.0,0.755,15001.0,16920.0,2257.4,0.30000000000000004,395208.0,388728.0,1.4859126984126982,193.8,2200.0,1.65,6893.0,880.0,890.0,0.4,567064.0,537836.0,1.833772314896108,200.0,2199.9325,1.03,28994.0,2040.0,3484.9,0.1,211456.0,190388.0,1.3767750565960073,200.0,2200.0,0.745,15321.0,15600.0,2526.2,0.30000000000000004,395208.0,388732.0,1.4517857142857142,200.0,2200.0,1.77,5448.0,2480.0,972.7,0.4,570500.0,540600.0,1.9672227099795143,200.0,2200.0,1.065,29245.5,2600.0,4072.9,0.1,213184.0,191968.0,1.4265795431158677,200.0,2199.865,0.735,15847.5,12680.0,2428.5,0.30000000000000004,395208.0,388728.0,1.4359126984126984,200.0,2199.865,1.75,3431.0,4440.0,418.3,0.4,572312.0,542300.0,1.9582479758072384,200.0,2200.0,1.085,28879.5,2680.0,3232.6,0.1,212912.0,191704.0,1.4498353570693558,187.6,2199.865,0.7,17450.5,14480.0,3572.5,0.30000000000000004,395204.0,388728.0,1.3666666666666667,200.0,2199.865,1.775,12224.0,6240.0,2030.2,0.4,582164.0,554944.0,2.0080967710467266,200.0,2199.865,1.085,29659.0,2280.0,4250.2,0.1,213184.0,192232.0,1.4528709611031076,4.8312127931623445,4.799814793481199,4.729675854885178,4.335280986431977,4.658774935912179,4.589800750033783,4.623715873527535,4.5867342567004625,4.555308670891766,4.509310760449856,4.499551567055207,4.44123457695396,4.110599929837885
200.0,2199.865,1.475,2629.0,9040.0,431.3,0.30000000000000004,493576.0,471612.0,1.9042539682539683,200.0,2199.9325,1.085,11799.5,2440.0,2290.3,0.3,405864.0,371308.0,1.7254243979470982,200.0,2200.0,1.5550000000000002,879.5,400.0,63.6,0.0,78360.0,59892.0,1.6741416239371716,200.0,2199.9325,1.48,2699.0,6120.0,373.7000000000001,0.30000000000000004,493576.0,471612.0,1.9082539682539683,193.8,2200.0,0.955,20762.5,2800.0,3925.2,0.3,498844.0,461856.0,1.6895841584158418,200.0,2200.0,1.505,11027.5,2400.0,1353.5,0.0,99380.0,80816.0,1.6593219159008632,200.0,2199.9325,1.44,2905.5,15800.0,487.6,0.30000000000000004,493576.0,471616.0,1.8762539682539685,200.0,2200.0,1.03,17015.5,4200.0,2550.5,0.3,512684.0,475028.0,1.817188118811881,200.0,2199.865,1.62,1131.0,120.0,119.7,0.0,97504.0,78968.0,1.8380325814536336,200.0,2200.0,1.44,2963.0,7120.0,412.0,0.30000000000000004,493576.0,471348.0,1.8762539682539685,200.0,2200.0,1.06,8268.5,4800.0,1184.6999999999996,0.4,525020.0,487052.0,1.8708910891089108,200.0,2199.9325,1.515,11159.5,2320.0,1186.3,0.0,98828.0,80224.0,1.6714703425229742,5.566201489147191,5.355158071647853,5.352666139084926,5.359720924995454,5.381715665094464,5.508158615619502,5.386080145292484,5.348647905193474,5.5412481613371956,5.333721527325227,5.256882215640693,5.184774760214896,4.472593548712807
200.0,2199.9325,1.5550000000000002,1770.0,8680.0,287.2,0.30000000000000004,494772.0,473196.0,2.008818342151676,200.0,2199.9325,0.92,16316.5,1840.0,2689.9,0.5,686460.0,651720.0,1.4886128364389233,200.0,2199.9325,1.22,17911.0,1360.0,2054.2000000000007,0.1,180948.0,162420.0,1.1823327615780446,200.0,2199.9325,1.55,1810.5,4160.0,238.9,0.30000000000000004,494772.0,473196.0,2.0047031158142268,200.0,2199.865,0.945,13905.5,2680.0,1804.6,0.5,724040.0,687968.0,1.7371527777777778,200.0,2199.9325,1.255,17499.5,2400.0,2113.5,0.1,189856.0,171204.0,1.2141509433962263,200.0,2199.9325,1.485,2255.0,13920.0,391.6,0.30000000000000004,494624.0,473200.0,1.9512051734273956,200.0,2199.9325,1.0,11668.5,4520.0,1978.1,0.5,750600.0,713572.0,1.8296875,200.0,2200.0,1.275,17869.0,2680.0,2441.1,0.1,189724.0,170940.0,1.2340766152086906,200.0,2199.865,1.47,2400.5,10160.0,320.4,0.30000000000000004,494624.0,473196.0,1.9271017048794827,200.0,2200.0,1.05,10723.5,3480.0,1682.6,0.6,793508.0,757908.0,1.9111111111111108,200.0,2199.865,1.28,17531.5,2720.0,2232.6,0.1,190120.0,171668.0,1.238622069754145,5.008919334019162,4.798245779511765,5.232574709928323,5.236167948591248,5.267188333895907,4.9849322601240775,5.130595591960423,4.9935414291896585,5.058816256885146,5.259423512623021,4.975637141599624,4.82904257693879,4.467804930012608
200.0,2199.9325,1.52,1961.5,9960.0,330.9,0.30000000000000004,494772.0,473724.0,1.9221114802510149,200.0,2199.9325,1.0,24258.5,2360.0,3786.3,0.6,793508.0,757612.0,1.7579121789560896,200.0,2199.9325,1.4,27563.0,1640.0,2549.7000000000007,0.1,219536.0,200964.0,1.5365448504983392,200.0,2199.9325,1.535,1959.0,4080.0,272.6,0.30000000000000004,494772.0,473724.0,1.9337393872277595,200.0,2200.0,0.755,30176.0,2320.0,4786.5,0.6,855676.0,820204.0,1.412297465724969,200.0,2199.865,1.37,27659.0,2560.0,3739.2,0.1,226592.0,207900.0,1.4737541528239202,200.0,2199.865,1.475,2570.5,9640.0,441.7000000000001,0.30000000000000004,494772.0,473728.0,1.8872277593207825,200.0,2200.0,0.92,25228.0,2880.0,3734.4,0.6,882784.0,847000.0,1.6501869547154135,200.0,2199.9325,1.39,27508.5,2680.0,2999.8,0.1,226436.0,207636.0,1.4923588039867108,200.0,2199.865,1.475,2460.0,7480.0,327.7999999999999,0.30000000000000004,494772.0,473724.0,1.8752307124400147,200.0,2200.0,0.86,25007.0,3560.0,3823.8,0.6,868600.0,833192.0,1.5725799750727043,200.0,2200.0,1.385,28224.5,2280.0,3564.0,0.1,226172.0,207572.0,1.4877076411960135,5.117260253220387,4.9609820650609855,5.3177471005394565,5.4082979596839715,5.404111694365412,5.196520282968522,5.224499380880139,5.3291764347225055,5.411463097994659,5.293481099440747,5.268075636466001,5.076308569585182,4.445625826370013
200.0,2200.0,1.46,6063.5,11600.0,731.0,0.30000000000000004,495044.0,474516.0,1.755952380952381,200.0,2200.0,0.7,36385.0,1920.0,5218.0,0.7,917344.0,882100.0,1.2554769127064376,200.0,2199.9325,1.225,27939.0,1320.0,2741.0,0.1,240544.0,222084.0,1.3464585274930103,200.0,2200.0,1.495,6153.5,12240.0,660.1,0.30000000000000004,495044.0,474516.0,1.7666666666666666,200.0,2199.9325,1.02,50561.5,2040.0,8936.6,0.8999999999999999,1222968.0,1199348.0,1.825925925925926,200.0,2200.0,1.31,27372.0,2280.0,3322.7,0.1,244988.0,226380.0,1.4353836595215903,200.0,2199.9325,1.4549999999999998,7276.0,12240.0,1086.1,0.30000000000000004,495044.0,474520.0,1.7093253968253967,200.0,2199.9325,0.7,58173.0,3480.0,10756.5,0.8999999999999999,1239888.0,1215632.0,1.2843915343915344,193.8,2199.9325,1.325,26082.0,2240.0,2924.1,0.1,244668.0,226116.0,1.4365486175831004,193.8,2199.9325,1.44,7712.0,10400.0,1947.2,0.30000000000000004,495044.0,474516.0,1.6803571428571429,200.0,2200.0,0.8400000000000001,55660.5,5520.0,11786.2,0.8999999999999999,1240068.0,1216032.0,1.5142857142857142,200.0,2200.0,1.315,26159.0,2400.0,3136.8,0.1,244536.0,226052.0,1.4275396085740912,4.56755390457597,4.651426967332532,5.04998670374101,5.127697800368486,5.158676507924863,4.773198619817026,4.957133284239454,4.88706164107824,4.6348321890369295,4.774240162828481,4.812183116743875,4.723070213518068,4.904694644848231
200.0,2199.865,2.42,1000.5,6280.0,128.1,0.2,321880.0,302348.0,1.9875518672199168,100.0,2199.9325,0.705,18423.0,1560.0,3557.8,0.5,782184.0,583232.0,1.280288870008496,193.8,2200.0,1.635,2305.5,1840.0,529.1,0.0,29044.0,18588.0,1.827443280977313,200.0,2199.9325,2.375,1325.5,10400.0,190.0,0.2,321884.0,302348.0,1.9506291535944404,100.0,2200.0,0.86,9934.5,1520.0,2088.5,0.5,769656.0,570788.0,1.4116397621070518,200.0,2200.0,1.77,1299.0,2560.0,295.5,0.0,29044.0,18588.0,1.972388431812516,200.0,2199.9325,2.38,1386.5,6200.0,192.2,0.2,321888.0,302348.0,1.9546941942448468,100.0,2199.9325,0.905,11411.0,1160.0,2218.9,0.5,786560.0,586756.0,1.4536958368734068,200.0,2200.0,1.745,1643.5,2040.0,254.6,0.0,29044.0,18580.0,1.944776863625031,200.0,2200.0,2.375,1460.0,11040.0,293.7000000000001,0.2,321888.0,302348.0,1.950460479708532,100.0,2199.9325,1.215,2615.0,1000.0,492.0,0.5,794596.0,595992.0,2.0991810737033667,200.0,2200.0,1.7799999999999998,1386.0,2520.0,279.4,0.0,29044.0,18588.0,1.9835764148591373,5.660311792174157,5.699831644555816,5.684784810473492,5.620663000663692,5.843659235891308,5.556962711205868,5.588148275292873,5.637998692343773,5.545267156899184,5.745566792808777,5.477009147711133,5.6800791628079095,4.8658534838671414
193.3,2199.865,2.375,1022.0,10320.0,127.7,0.2,324484.0,305252.0,1.93783860374402,100.0,2199.865,0.835,4755.5,920.0,823.1999999999998,0.5,794560.0,596100.0,1.6019792970083038,200.0,2200.0,1.61,2346.0,1360.0,546.2,0.0,29044.0,18588.0,1.7739825581395352,200.0,2200.0,2.385,1173.5,4480.0,174.2,0.2,324356.0,305252.0,1.9460067679074495,100.0,2200.0,0.845,4469.5,1080.0,476.3,0.5,794668.0,596124.0,1.6154021158002505,200.0,2200.0,1.74,1206.0,2600.0,292.4,0.0,29044.0,18588.0,1.913032945736434,200.0,2199.9325,2.385,1169.5,7240.0,156.8,0.2,324360.0,304988.0,1.9460067679074495,100.0,2200.0,0.88,4725.0,1360.0,764.0,0.5,794660.0,596260.0,1.6726197247184622,200.0,2199.9325,1.7,1609.5,1640.0,261.5,0.0,29044.0,18580.0,1.87015503875969,200.0,2199.865,2.38,1238.5,3960.0,238.4,0.2,324360.0,305252.0,1.9416226308156497,93.8,2199.9325,0.885,4610.5,920.0,685.2,0.5,797340.0,598288.0,1.7129824561403506,193.8,2199.9325,1.75,1173.5,2400.0,221.4,0.0,29044.0,18588.0,1.9222383720930232,6.063305952376339,5.5918974227228455,5.545715577749076,5.504354788997512,5.785525207216338,5.951894404432071,5.690461175153373,5.452494616664962,5.6390318095182455,5.461865985166131,5.529744511617056,5.687321040985023,4.766228754529156
193.8,2199.865,2.385,1088.5,7400.0,138.10000000000002,0.2,325160.0,305780.0,1.9590824759655927,100.0,2199.9325,0.855,5271.0,760.0,879.7,0.5,795208.0,596604.0,1.6729824561403508,200.0,2200.0,1.6150000000000002,2236.5,1400.0,537.8,0.0,29044.0,18588.0,1.7676251077874583,200.0,2200.0,2.405,1213.0,9000.0,174.2,0.2,325032.0,305780.0,1.9753584078259399,100.0,2199.9325,0.885,4737.5,920.0,582.1,0.5,794668.0,596124.0,1.7129824561403506,200.0,2200.0,1.795,1233.5,2080.0,267.9,0.0,29044.0,18588.0,1.9494216645356959,200.0,2199.865,2.395,1336.5,6640.0,175.7,0.2,325036.0,305780.0,1.9670939450160232,100.0,2199.9325,0.855,4159.0,880.0,558.0,0.5,796844.0,597840.0,1.6512280701754385,200.0,2199.9325,1.795,1643.0,2400.0,246.2,0.0,29044.0,18580.0,1.950313698670869,193.8,2199.9325,2.42,1162.0,6520.0,221.7,0.2,325036.0,305780.0,1.9875527070332264,100.0,2199.9325,0.9,3451.5,1920.0,473.5,0.5,799636.0,600464.0,1.7123772550810687,200.0,2200.0,1.82,1348.5,2200.0,280.8,0.0,29044.0,18588.0,1.9781154292170915,5.621263653463564,5.47574496345301,5.506056396591103,5.437092133766399,5.5934912890461685,5.5165436674844415,5.489719000581953,5.434232606890634,5.4583595287032844,5.384138706263723,5.4349603890278875,5.656763277487942,4.79204380091034
100.0,2199.865,0.685,3638.5,10280.0,836.8,0.2,364500.0,164120.0,0.958041958041958,200.0,2199.9325,1.86,12544.0,2520.0,10787.2,0.4,600792.0,494840.0,1.8252699621677149,200.0,2200.0,1.505,2026.5,1560.0,447.0,0.0,42344.0,33544.0,1.9171062855273384,100.0,2200.0,1.06,1147.5,8280.0,542.5,0.2,364428.0,164668.0,1.2895072463768118,200.0,2199.9325,1.79,23.0,960.0,7.699999999999998,0.4,600792.0,494772.0,1.7454545454545456,200.0,2199.9325,1.5,1685.5,2280.0,404.0,0.0,42336.0,33536.0,1.9235880398671097,100.0,2199.865,0.975,4162.5,9480.0,811.0,0.2,364340.0,165712.0,1.675763261129115,100.0,2199.9325,0.81,18.5,1040.0,3.2,0.4,681748.0,497348.0,4.764705882352942,200.0,2200.0,1.52,1652.5,1920.0,470.3,0.0,42340.0,33540.0,1.9357951989530937,100.0,2199.9325,0.97,4258.5,8920.0,836.6,0.2,364428.0,164076.0,1.6635681391778954,100.0,2199.9325,0.17,0.5,40.0,2.1,0.4,681748.0,497328.0,1.0,200.0,2200.0,1.51,1734.0,2560.0,572.9,0.0,42344.0,33544.0,1.9229542387437129,5.7677526552808,5.621181027491746,8.853229289328,5.122084080732209,5.401741058501743,8.665981822568218,4.832993064401053,5.726305574329582,5.906865708688935,9.619108299052419,5.014589626585076,6.051671759740327,8.324736101070767
200.0,2199.865,1.855,4300.0,17880.0,1231.5,0.2,315184.0,274352.0,1.9305726150786688,200.0,2199.9325,1.18,49590.0,1920.0,19666.6,1.0,1307724.0,1286608.0,1.6626293995859214,200.0,2200.0,1.29,4491.5,1560.0,657.3,0.0,42344.0,33544.0,1.7063788201847905,200.0,2199.9325,1.79,4859.5,15520.0,903.0,0.2,315192.0,275008.0,1.8745978826694745,200.0,2200.0,1.215,50976.5,2520.0,20159.1,1.0,1307724.0,1286596.0,1.7491445680068434,200.0,2199.9325,1.455,1802.5,1760.0,409.1,0.0,42336.0,33536.0,1.9239516702203268,200.0,2199.9325,1.82,5756.5,15480.0,1557.7,0.2,315168.0,275928.0,1.8864713107562732,200.0,2199.865,1.21,50065.5,3800.0,19425.9,1.0,1307724.0,1286604.0,1.734334901625321,200.0,2200.0,1.455,1827.0,2640.0,644.4,0.0,42340.0,33540.0,1.9239516702203268,200.0,2199.9325,1.7999999999999998,6618.5,14040.0,1213.2,0.2,315168.0,274340.0,1.8639527402468268,200.0,2199.9325,1.235,50014.5,5360.0,18238.5,1.0,1307724.0,1286732.0,1.770156116338751,200.0,2200.0,1.45,1918.5,2760.0,698.7,0.0,42344.0,33544.0,1.916488983653163,5.4168187291751435,5.431101879347632,5.547330077772385,5.528072951924381,5.355681997642227,5.512763091203063,5.500158337802872,5.3892353681372365,5.276230896221377,5.3811843892230025,5.30359818232645,5.139947585272059,4.849383914236445
200.0,2199.9325,1.765,5737.5,13960.0,1458.1,0.2,316592.0,275548.0,1.869846153846154,200.0,2199.9325,1.1949999999999998,50078.0,2760.0,19781.1,1.0,1307724.0,1286608.0,1.708333333333333,200.0,2199.9325,1.34,4229.0,1400.0,884.9,0.0,42344.0,33544.0,1.7408334747920555,200.0,2199.865,1.74,6107.0,15560.0,993.5,0.2,316584.0,276204.0,1.8461538461538465,200.0,2199.9325,1.185,51034.5,3320.0,20061.5,1.0,1307724.0,1286596.0,1.6642036124794746,200.0,2200.0,1.485,1684.5,2480.0,284.0,0.0,42336.0,33536.0,1.9272619249702936,200.0,2199.9325,1.725,7576.0,12200.0,1703.8,0.2,316560.0,277128.0,1.8230769230769233,200.0,2199.865,1.215,50098.5,4040.0,19455.1,1.0,1307724.0,1286604.0,1.7052545155993433,200.0,2200.0,1.495,1631.5,2440.0,512.0,0.0,42340.0,33540.0,1.9388898319470376,200.0,2199.9325,1.685,8849.5,14480.0,1732.7,0.2,316560.0,275540.0,1.7836923076923077,200.0,2199.9325,1.23,50097.5,5240.0,18276.0,1.0,1307724.0,1286732.0,1.7257799671592775,193.8,2199.9325,1.49,1729.5,2320.0,552.8,0.0,42344.0,33544.0,1.9315905618740448,5.548746349876868,5.6069211751100365,5.574403712147236,5.600507174853929,5.554296215042197,5.601270081734238,5.491507602450873,5.444255025131176,5.531411852167026,5.470402778567828,5.306770490163641,5.2312427338258365,4.935701928494269
200.0,2200.0,1.81,5444.5,16920.0,1398.1,0.2,316664.0,275560.0,1.932330827067669,200.0,2199.9325,1.18,50207.5,2560.0,19824.0,1.0,1307724.0,1286608.0,1.6676907055454309,200.0,2199.9325,1.34,4229.0,1400.0,884.9,0.0,42344.0,33544.0,1.7457634353523712,200.0,2199.865,1.715,6147.0,17280.0,990.6,0.2,316664.0,276216.0,1.8458646616541352,200.0,2199.9325,1.18,50085.5,3200.0,19827.2,1.0,1307724.0,1286596.0,1.684523809523809,200.0,2200.0,1.485,1684.5,2480.0,284.0,0.0,42336.0,33536.0,1.9327698809066465,200.0,2199.9325,1.76,6745.5,16760.0,1527.7,0.2,316640.0,277144.0,1.8737284387439184,193.3,2199.9325,1.235,50273.0,3920.0,19586.4,1.0,1307724.0,1286604.0,1.7708333333333333,200.0,2200.0,1.495,1631.5,2440.0,512.0,0.0,42340.0,33540.0,1.944465787339395,200.0,2199.865,1.78,7444.0,12040.0,1595.8,0.2,316632.0,275556.0,1.8839009287925697,200.0,2199.9325,1.255,51212.0,5760.0,18701.5,1.0,1307724.0,1286732.0,1.800595238095238,193.8,2199.9325,1.49,1729.5,2320.0,552.8,0.0,42344.0,33544.0,1.9371665172664019,5.432502353121602,5.394628221051736,5.580013667267594,5.606083130246285,5.404069087305302,5.606880036854596,5.49694755893122,5.518084169916307,5.422791090046264,5.475978733960185,5.312244446371992,5.105534779663249,4.941141884974616
200.0,2199.865,1.77,5644.5,18640.0,1408.2,0.2,316884.0,275576.0,1.8668132942326492,200.0,2200.0,1.185,50796.5,2640.0,20056.7,1.0,1307724.0,1286608.0,1.676386357719344,200.0,2200.0,1.305,4410.5,1200.0,892.1,0.0,42344.0,33544.0,1.6775556299146728,200.0,2199.9325,1.75,6150.5,15480.0,949.1,0.2,316884.0,276232.0,1.8471407624633431,200.0,2200.0,1.19,50924.5,2040.0,20142.2,1.0,1307724.0,1286596.0,1.6823743816714396,200.0,2199.865,1.495,1627.5,2960.0,266.4,0.0,42336.0,33536.0,1.9260916847917016,200.0,2200.0,1.745,7434.5,13200.0,1643.5,0.2,316860.0,277144.0,1.828934506353861,200.0,2199.9325,1.215,50296.5,3880.0,19489.9,1.0,1307724.0,1286604.0,1.7177297578755533,200.0,2200.0,1.4700000000000002,1671.5,1880.0,469.0,0.0,42340.0,33540.0,1.8915007528860637,200.0,2199.9325,1.71,8503.0,13120.0,1674.4,0.2,316844.0,275556.0,1.7936217008797652,200.0,2200.0,1.23,50671.5,3520.0,18365.4,1.0,1307724.0,1286732.0,1.7384014579536582,193.8,2200.0,1.475,1622.0,2160.0,481.1,0.0,42344.0,33544.0,1.9000752886063244,5.50012777253405,5.4921657131302215,5.393844549088207,5.475671567352338,5.531665061269175,5.375006500012501,5.378800707266787,5.575311212989859,5.4494223924628065,5.37901316147924,5.256610348574424,5.194302249533372,4.719810268337583
200.0,2199.9325,1.7599999999999998,5395.0,14840.0,1305.7,0.2,317152.0,276140.0,1.87723704866562,200.0,2200.0,1.1949999999999998,50902.0,3360.0,20025.0,1.0,1307724.0,1286608.0,1.6937776620671698,200.0,2200.0,1.355,4173.0,1160.0,1072.0,0.0,42344.0,33544.0,1.842363165680473,200.0,2199.9325,1.71,5864.5,12160.0,960.1,0.2,317148.0,276796.0,1.836420722135008,200.0,2200.0,1.2,51385.5,2840.0,19746.6,1.0,1307724.0,1286596.0,1.6924943217014248,200.0,2200.0,1.495,1587.0,2040.0,277.6,0.0,42336.0,33536.0,2.0307877218934918,200.0,2199.865,1.73,6539.0,14400.0,1456.8,0.2,316988.0,277448.0,1.84552590266876,200.0,2199.9325,1.22,50997.0,3600.0,19719.2,1.0,1307724.0,1286604.0,1.7190790832128846,200.0,2199.9325,1.505,1570.0,2480.0,529.8,0.0,42340.0,33540.0,2.0407267011834316,200.0,2199.865,1.71,7693.0,13080.0,1709.5,0.2,316980.0,275860.0,1.8219780219780215,200.0,2200.0,1.26,50635.5,6840.0,18551.9,1.0,1307724.0,1286732.0,1.7801466033450342,193.8,2199.865,1.5099999999999998,1661.0,2040.0,473.3,0.0,42344.0,33544.0,2.0485392011834316,5.360589045716586,5.38293962235005,5.5337696408640245,5.602362790135417,5.4029870358056025,5.5998073712810434,5.560317306582749,5.378105408101921,5.420830388936667,5.606192121786188,5.470270448319802,5.227530730223061,4.925754176770081
200.0,2199.9325,1.735,5744.0,16000.0,1374.4,0.2,317312.0,276424.0,1.8495004034009803,200.0,2200.0,1.185,49895.5,1880.0,19710.0,1.0,1307724.0,1286608.0,1.6736787294975266,200.0,2200.0,1.27,4723.0,1560.0,956.5,0.0,42344.0,33544.0,1.6098856209150327,200.0,2200.0,1.68,5996.0,16120.0,1045.1,0.2,317296.0,277080.0,1.7976478619748029,200.0,2199.9325,1.185,50967.0,1880.0,20065.6,1.0,1307724.0,1286596.0,1.7061552570534606,200.0,2200.0,1.47,1821.5,2000.0,277.6,0.0,42336.0,33536.0,1.867483660130719,193.3,2199.9325,1.755,7044.0,13920.0,1490.5,0.2,317272.0,278004.0,1.8479178303233412,193.8,2200.0,1.21,49875.0,3280.0,19371.2,1.0,1307724.0,1286604.0,1.739116361870853,200.0,2199.9325,1.435,2026.0,1680.0,573.5,0.0,42340.0,33540.0,1.820996732026144,186.6,2199.9325,1.7599999999999998,7877.5,10960.0,1607.4,0.2,317264.0,276416.0,1.8448457767020416,200.0,2199.9325,1.23,50479.0,3600.0,18339.4,1.0,1307724.0,1286732.0,1.7691104277930625,193.8,2200.0,1.4500000000000002,1843.0,2040.0,480.1,0.0,42344.0,33544.0,1.8428921568627448,5.574133930663106,5.524326802377999,5.406713628604923,5.381825319802684,5.5443598761246085,5.3300223036635455,5.375160665027353,5.4972740960852455,5.5184139008675075,5.273183997546348,5.295844145697373,5.386399193103805,4.789634920185772
200.0,2199.865,1.745,5269.5,14000.0,1246.4,0.2,317384.0,276440.0,1.7981725653481375,200.0,2199.865,1.1949999999999998,50983.5,3360.0,20099.1,1.0,1307724.0,1286608.0,1.6865062977493293,200.0,2199.9325,1.35,4324.5,1200.0,968.8,0.0,42344.0,33544.0,1.7899929527836504,200.0,2199.865,1.71,5877.0,12200.0,977.6,0.2,317368.0,277096.0,1.7676960444136016,200.0,2199.9325,1.185,49709.0,2920.0,19750.8,1.0,1307724.0,1286596.0,1.6736787294975266,200.0,2200.0,1.495,1516.0,2000.0,226.5,0.0,42336.0,33536.0,1.9815010570824525,200.0,2200.0,1.755,6590.5,13240.0,1401.0,0.2,317336.0,278024.0,1.7870113347212582,200.0,2199.9325,1.215,49939.5,3640.0,19415.2,1.0,1307724.0,1286604.0,1.7177297578755533,200.0,2200.0,1.505,1592.5,2160.0,529.8,0.0,42340.0,33540.0,1.9913671599718112,193.3,2199.9325,1.705,8186.5,12480.0,1713.3,0.2,317320.0,276424.0,1.741325468424705,200.0,2200.0,1.245,50126.5,5360.0,18336.5,1.0,1307724.0,1286732.0,1.7644884144753972,193.8,2200.0,1.505,1691.5,2480.0,495.1,0.0,42344.0,33544.0,1.9913671599718112,5.530995698909514,5.583197705882378,5.539593971928107,5.572452739754894,5.491761333688288,5.541267737426794,5.522655588888512,5.3712096256454345,5.48517931738384,5.466631795764028,5.402442858565276,5.335183320631199,4.851999906542514
200.0,2199.9325,1.79,4129.0,20080.0,1127.2,0.2,317504.0,276704.0,1.9589518523299339,200.0,2199.9325,1.18,49614.5,1720.0,19597.1,1.0,1307724.0,1286608.0,1.6626293995859214,200.0,2200.0,1.325,4407.0,1800.0,885.7,0.0,42344.0,33544.0,1.714159067882472,200.0,2199.9325,1.85,3871.0,13240.0,767.8000000000002,0.2,317488.0,277360.0,1.9934168065057445,200.0,2200.0,1.185,50099.0,2720.0,19851.3,1.0,1307724.0,1286596.0,1.675751879699248,200.0,2200.0,1.455,2055.5,2440.0,398.9,0.0,42336.0,33536.0,1.878039513677812,193.8,2200.0,1.715,5251.5,9080.0,1163.6,0.2,318972.0,278880.0,1.8700787401574803,200.0,2200.0,1.23,50489.0,4880.0,19686.2,1.0,1307724.0,1286604.0,1.7462406015037597,200.0,2199.9325,1.48,1931.0,2920.0,630.9000000000002,0.0,42340.0,33540.0,1.913500506585613,200.0,2199.865,1.715,6948.5,10920.0,1504.8,0.2,317432.0,276700.0,1.8658190267200208,200.0,2199.9325,1.245,51157.5,3640.0,18550.7,1.0,1307724.0,1286732.0,1.7640977443609025,193.8,2199.865,1.43,2232.0,2720.0,669.7,0.0,42344.0,33544.0,1.8414387031408308,5.348780499000116,5.316787556043958,5.354253720171113,5.3705680281421095,5.379970467983143,5.322557837073581,5.362255676406832,5.534569227730104,5.368118745032558,5.3455907688015705,5.179016620536557,5.233299179027463,4.785117994605357
187.6,2199.865,1.825,2523.5,11520.0,647.0,0.2,315720.0,274672.0,1.9633658080875485,200.0,2199.865,1.6949999999999998,7128.5,1080.0,1498.6,0.5,645936.0,622108.0,2.107435090479937,200.0,2199.9325,1.72,3981.5,1560.0,551.3,0.6,843628.0,774840.0,1.875903541274373,200.0,2199.865,1.795,3226.5,8600.0,616.0,0.2,315688.0,276232.0,1.939743760843454,200.0,2200.0,1.715,6453.0,3880.0,7511.5,0.5,645956.0,622192.0,2.1335955940204565,200.0,2199.9325,1.745,3147.0,2280.0,852.0,0.6,843628.0,778404.0,1.9089473364514369,193.8,2199.9325,1.755,3824.5,13680.0,844.1,0.2,315616.0,276208.0,1.903710129454157,200.0,2199.865,1.71,10098.5,5960.0,1843.4,0.5,645940.0,622184.0,2.1317466561762397,200.0,2200.0,1.76,3182.5,2840.0,601.0,0.6,843628.0,776620.0,1.9226143473243031,200.0,2199.865,1.79,3887.5,12680.0,828.6999999999998,0.2,315616.0,274664.0,1.931269184572268,200.0,2199.865,1.63,13442.0,5320.0,2176.9,0.5,645952.0,622256.0,2.034893784421715,200.0,2200.0,1.715,3692.5,2120.0,563.9,0.6,843628.0,778224.0,1.8721375205005164,5.579949473729784,6.1621862620645675,5.5134712468758265,5.685018992105478,5.694309496336361,6.037799346459908,4.626837705740216,5.497707568587813,6.1488634120541885,5.350429130378516,5.638796947971147,5.406484454874443,4.664595417637048
200.0,2200.0,1.855,606.0,9840.0,142.3,0.1,159828.0,152284.0,1.9990733876945888,200.0,2199.9325,1.63,14097.0,2320.0,10912.2,0.8,1149044.0,1135416.0,1.788850843995915,200.0,2199.9325,2.39,540.5,800.0,30.2,0.0,68212.0,54012.0,2.9004231504231504,200.0,2199.9325,1.315,348.0,7880.0,62.5,0.2,174452.0,166788.0,1.8715298885511653,200.0,2200.0,1.585,14834.0,2640.0,10975.0,0.8,1149044.0,1135416.0,1.7406739953144708,200.0,2199.9325,2.485,424.0,360.0,73.0,0.0,68356.0,53944.0,3.0117390117390115,200.0,2199.9325,1.86,681.5,12040.0,150.0,0.1,159192.0,151424.0,2.0034593526068694,200.0,2200.0,1.085,12483.0,2120.0,9986.2,0.8,1149044.0,1135352.0,1.2159957905814258,200.0,2200.0,1.745,542.0,1880.0,60.7,0.0,68656.0,54172.0,1.994065074710236,200.0,2199.9325,1.31,492.0,7760.0,67.1,0.2,175016.0,167420.0,1.864437689969605,200.0,2199.9325,1.75,13854.5,5080.0,7941.0,0.8,1149044.0,1135412.0,1.9191445906169284,200.0,2199.9325,2.455,242.5,1360.0,31.6,0.0,68356.0,53948.0,2.983142233142233,4.515606687517443,5.802498723016508,5.556613384414686,5.767913224645701,5.375112095031724,5.997165083418778,5.586408501960469,6.4815822508149745,6.2680709459862864,6.1043995105723425,5.533573256674986,4.136365830894433,8.348137388594045
200.0,2199.9325,1.275,11973.5,18960.0,1814.7,0.2,221160.0,213624.0,1.6787236057191557,200.0,2200.0,1.62,13984.5,2360.0,10784.4,0.8,1149060.0,1135416.0,1.8060711403563223,200.0,2200.0,1.555,1590.0,600.0,120.9,0.0,70180.0,55540.0,1.8996683250414597,200.0,2199.9325,1.205,15921.5,14480.0,2410.0,0.2,223160.0,215736.0,1.5851194410348408,200.0,2199.9325,1.585,14492.0,2560.0,11024.6,0.8,1149064.0,1135416.0,1.767490222856788,200.0,2200.0,1.6,675.5,1560.0,45.90000000000001,0.0,70180.0,55740.0,1.959251362236437,193.8,2200.0,1.23,14783.0,13240.0,2017.3,0.2,220600.0,213056.0,1.622668307925386,200.0,2200.0,1.6800000000000002,13848.0,3840.0,9758.1,0.8,1149064.0,1135352.0,1.853416337686001,200.0,2199.9325,1.685,617.0,1360.0,61.2,0.0,70180.0,55740.0,1.9748246585455889,200.0,2199.9325,1.155,17618.5,15760.0,2324.9,0.2,222332.0,214940.0,1.5261542819374943,200.0,2200.0,1.73,13721.5,5200.0,7879.0,0.8,1149064.0,1135412.0,1.9280836799304737,200.0,2200.0,1.605,565.5,1440.0,61.8,0.0,70180.0,55744.0,1.961265103056148,5.472918480470374,5.468563142755289,5.429700567186013,5.411324741228112,5.361469968843148,5.356265533658805,5.312987833679693,5.328972104853522,5.2942948264128615,5.079687362463899,5.1316978836782665,5.170841814127577,4.670656568319852
193.8,2199.865,1.755,57323.0,24000.0,10449.7,0.2,154924.0,148196.0,1.495561071070593,200.0,2200.0,1.375,12767.5,1480.0,1964.3,0.8,1183016.0,1152912.0,1.7765714285714287,200.0,2200.0,1.095,12959.5,2080.0,2013.6,0.0,49148.0,30964.0,1.5868927638244548,200.0,2199.9325,1.765,56958.5,18520.0,10479.6,0.2,150768.0,143828.0,1.5092597012075797,200.0,2199.9325,1.405,12333.0,2680.0,2006.3,0.8,1189620.0,1159492.0,1.8220659340659344,200.0,2200.0,1.265,1226.0,880.0,1041.8,0.0,50208.0,32280.0,1.8425318615688155,200.0,2199.865,1.755,58510.0,18280.0,10895.9,0.2,152644.0,145568.0,1.4888310820485895,200.0,2200.0,1.49,3237.5,3880.0,646.1,0.9,1234360.0,1202548.0,1.9644927536231884,200.0,2199.9325,1.39,849.0,520.0,113.6,0.0,47676.0,29648.0,2.030075187969925,200.0,2199.9325,1.71,59177.5,15920.0,10424.6,0.2,149244.0,142320.0,1.4305522409431533,200.0,2199.9325,1.51,2460.0,5280.0,504.8,0.9,1225752.0,1194148.0,1.965010989010989,200.0,2200.0,1.4249999999999998,1075.5,720.0,550.5,0.0,48344.0,30432.0,2.082706766917293,4.794445677884223,4.751008868491958,4.794234337775235,4.804552005640071,4.780709475896781,4.732521975896781,4.660146644735052,5.121878861790363,4.676134890261422,4.758422528382969,4.715403161010012,4.752927696247807,4.754381267051767
200.0,2199.9325,1.785,56404.5,20800.0,9954.9,0.2,162708.0,155728.0,1.3958290121245265,200.0,2199.865,1.39,7006.5,1760.0,795.0,0.9,1278020.0,1249924.0,1.4740659340659341,200.0,2200.0,1.0,14972.5,2040.0,2238.600000000001,0.0,63496.0,45484.0,1.4616578014184398,200.0,2199.865,1.78,56722.5,15720.0,10295.5,0.2,155792.0,148804.0,1.3903041502460731,193.3,2200.0,1.415,5987.5,2920.0,1054.7,0.9,1280788.0,1252176.0,1.500054945054945,200.0,2199.865,1.02,13555.5,2480.0,2425.7,0.0,68040.0,49968.0,1.4929078014184398,200.0,2199.865,1.73,61104.5,16520.0,10479.5,0.2,157020.0,150296.0,1.3159284577207604,200.0,2200.0,1.49,3237.5,3880.0,646.1,0.9,1234360.0,1202548.0,1.8478260869565213,200.0,2199.865,1.025,13916.0,2600.0,1121.9,0.0,68316.0,50412.0,1.5059154929577463,200.0,2199.9325,1.755,58779.5,12640.0,10179.3,0.2,154288.0,147284.0,1.3584560556634548,200.0,2199.9325,1.51,5126.0,4920.0,981.8,0.9,1322544.0,1294300.0,1.5990109890109891,193.8,2199.865,1.035,13550.5,2640.0,2368.7,0.0,68448.0,50404.0,1.515625,4.328075672239031,4.3239632907135315,4.32347041001451,4.369515696907548,4.358035627405815,4.4986461316901565,4.552166062188423,4.6266007055031535,4.2167312795797285,4.480606246673988,4.525801991476526,4.500171464065292,4.598143995441216
200.0,2199.9325,1.945,65587.5,21440.0,11900.0,0.2,186212.0,179224.0,1.7624772487786189,200.0,2199.9325,1.37,6175.0,1720.0,795.5,1.0,1453724.0,1425052.0,1.5612754766600918,200.0,2199.9325,0.8799999999999999,17021.5,2080.0,2373.2,0.1,147080.0,129176.0,1.2361510446616828,200.0,2199.865,1.9,65951.0,26560.0,12414.2,0.2,184464.0,177376.0,1.7008334131621805,200.0,2199.9325,1.45,5965.5,2240.0,994.0,1.1,1485704.0,1456540.0,1.6555884286653515,200.0,2199.865,0.8899999999999999,16424.0,2760.0,2886.8,0.1,150924.0,132872.0,1.25,193.8,2199.9325,1.89,68568.0,22040.0,11938.0,0.2,184792.0,177908.0,1.667561078943652,200.0,2200.0,1.565,11975.0,3400.0,2406.600000000001,1.1,1485740.0,1456932.0,1.9580660489427415,193.3,2200.0,0.885,16579.5,2800.0,1920.1,0.1,151188.0,133144.0,1.2416107382550337,193.8,2199.865,1.87,67816.5,16120.0,11740.7,0.2,183020.0,176060.0,1.6630903343232113,200.0,2199.865,1.285,16005.5,4840.0,2418.7000000000007,1.1,1547916.0,1519316.0,1.4570677186061802,200.0,2200.0,0.885,16218.5,2560.0,2588.0,0.1,151188.0,133136.0,1.2432432432432432,4.378847163868322,4.432705393550728,4.485307130371451,4.571908582485037,4.5549622977395225,4.484511263155826,4.49975855196573,4.661330630492653,4.571497536955287,4.4655924530282265,4.45878973193979,4.450345164218321,4.567444806208978
200.0,2199.9325,2.06,52015.5,12200.0,9901.9,0.2,205184.0,198240.0,1.8838638289857803,193.3,2199.865,1.375,15214.0,1800.0,2329.6,1.1,1560792.0,1532228.0,1.5242005185825411,187.5,2199.9325,1.035,27649.0,1680.0,4100.3,0.1,179540.0,161648.0,1.52046685653655,200.0,2199.865,1.845,69624.0,18640.0,12624.4,0.2,196308.0,189264.0,1.6129579056408323,200.0,2200.0,1.385,16572.0,2680.0,2917.4,1.1,1560788.0,1531920.0,1.5350660575379678,200.0,2200.0,1.045,27795.0,2680.0,4829.1,0.1,182748.0,164816.0,1.5362148880326132,200.0,2199.865,1.98,53684.0,16600.0,11939.4,0.2,197668.0,190852.0,1.796085400930711,200.0,2199.865,1.45,14287.5,4160.0,2326.3,1.2,1608792.0,1580256.0,1.7888765910348643,200.0,2200.0,1.04,27107.0,2440.0,4473.2,0.1,182748.0,164560.0,1.5325903411009794,193.8,2199.865,1.805,71108.0,15920.0,12006.2,0.2,188776.0,181868.0,1.5589038515867784,193.8,2200.0,1.335,15600.5,5480.0,2494.8,1.1,1587624.0,1559268.0,1.4782689220891467,200.0,2200.0,1.04,27013.0,2760.0,3780.9,0.1,182616.0,164552.0,1.5283408722845817,4.685801655670276,4.678621130197067,4.652182202826378,4.75748360916431,4.810179063887718,4.9077639404579925,5.034149185574396,5.43000052461187,5.201460229079543,5.156372507368089,5.1420770912551115,5.146914423437547,4.6615535097622915
200.0,2200.0,1.975,52393.5,20600.0,10246.1,0.2,209348.0,202464.0,1.7984312984312985,200.0,2199.9325,1.24,20086.0,2160.0,3397.100000000001,1.1,1584456.0,1556072.0,1.5074787603206892,200.0,2199.9325,1.015,27642.0,1960.0,4012.7,0.1,183292.0,165344.0,1.4929078014184398,200.0,2199.865,2.02,48829.0,16960.0,10227.6,0.2,203588.0,196656.0,1.8625023625023625,200.0,2199.9325,1.26,18597.5,3160.0,2754.8,1.1,1597548.0,1568360.0,1.5330062622153084,200.0,2199.9325,1.025,27275.0,2720.0,4982.9,0.1,186220.0,168248.0,1.5087808172914556,200.0,2199.9325,1.99,51457.0,15960.0,10736.9,0.2,204308.0,197452.0,1.811846117757448,200.0,2199.865,1.45,14287.5,4160.0,2326.3,1.2,1608792.0,1580256.0,1.8889578163771712,200.0,2199.865,1.025,27345.5,2560.0,4561.4000000000015,0.1,186088.0,167992.0,1.5129078014184398,200.0,2199.9325,1.76,68073.0,16560.0,11950.0,0.2,192456.0,185572.0,1.5176715176715176,200.0,2199.9325,1.76,6560.5,5720.0,1108.8,1.2,1610452.0,1582208.0,2.242750588329145,200.0,2199.9325,1.02,26874.5,2560.0,3764.6,0.1,186088.0,167984.0,1.5008443093549475,4.891853318295062,4.544080853686245,4.637978670470586,4.747467721565477,4.736135249721949,4.773204594244991,4.8955750904236695,4.842494850817516,4.948807179807852,4.969333037209635,4.914130387166669,4.920387026091537,5.0546087618663345
200.0,2199.9325,0.815,7614.5,13960.0,1081.7,0.30000000000000004,394792.0,388192.0,1.8326607479149848,200.0,2199.865,1.025,17458.0,3120.0,3314.0,0.4,673336.0,640252.0,1.8623626373626372,200.0,2199.9325,1.4449999999999998,6299.5,1280.0,2245.3,0.7,888544.0,878676.0,1.6575679936933383,200.0,2200.0,0.8049999999999999,7845.5,12320.0,874.0,0.30000000000000004,394788.0,388192.0,1.8157115953726124,200.0,2199.9325,1.025,16275.0,3840.0,3039.7,0.4,673476.0,640188.0,1.865018315018315,200.0,2200.0,1.565,4430.5,2760.0,831.4,0.7,888544.0,878672.0,1.7943108658520563,200.0,2199.9325,0.79,8592.0,12720.0,1225.2,0.30000000000000004,394792.0,388192.0,1.7902878665590531,200.0,2199.865,1.04,18042.0,3600.0,3613.2,0.4,673996.0,640712.0,1.9032967032967032,200.0,2200.0,1.58,4327.5,2520.0,723.4,0.7,888544.0,878408.0,1.8110957824201812,200.0,2199.865,0.7849999999999999,8778.5,11480.0,1254.4,0.30000000000000004,394792.0,388196.0,1.7818132902878667,193.3,2200.0,1.15,14306.0,4800.0,3121.0,0.4,673996.0,635792.0,2.099908424908425,200.0,2200.0,1.59,4394.0,2800.0,741.6,0.7,888544.0,877816.0,1.8225594534226777,5.290170802834057,5.321939893190003,5.453691330801898,5.424101120692973,5.369046758835324,5.3974578595763,5.368293144054993,5.374389583419073,5.46402369745053,5.287358642346606,5.27540993737984,5.110836958782922,4.775491168753263
200.0,2199.865,0.825,6964.0,14600.0,977.4,0.30000000000000004,394792.0,388192.0,1.8349206349206348,200.0,2200.0,0.885,15664.0,2200.0,2706.5,0.5,730288.0,697440.0,1.4251612903225803,200.0,2199.9325,1.36,6773.5,1120.0,2255.4,0.7,888544.0,878676.0,1.6452752428613482,200.0,2199.9325,0.8200000000000001,7125.5,9040.0,805.4,0.30000000000000004,394788.0,388192.0,1.8265873015873015,200.0,2199.9325,0.885,15656.5,2520.0,2809.9,0.5,730296.0,697444.0,1.421075268817204,200.0,2199.9325,1.455,3987.0,2400.0,763.8,0.7,888544.0,878672.0,1.7583161613188112,200.0,2199.9325,0.815,7433.5,10000.0,1054.0,0.30000000000000004,394792.0,388192.0,1.8182539682539685,200.0,2200.0,0.97,14215.5,3760.0,2343.7,0.5,730948.0,697900.0,1.5670967741935484,200.0,2199.9325,1.445,3914.5,2400.0,715.5,0.7,888544.0,878408.0,1.7477185752134237,200.0,2199.9325,0.8,7772.0,11480.0,1056.8000000000004,0.30000000000000004,394792.0,388196.0,1.7932539682539683,193.8,2199.865,1.03,16316.0,5520.0,2908.4,0.5,731872.0,698888.0,1.6593548387096773,193.8,2200.0,1.455,3872.0,3240.0,622.6,0.7,888544.0,877816.0,1.7588313217544893,4.842839262632001,5.189884101824348,4.889364109076656,4.861219927526917,5.122240811251635,5.132791407407685,5.130070879990502,5.174974973116871,5.411090423719007,5.6955532668382105,5.642760893709487,5.100874981592371,4.85529466761051
200.0,2199.865,0.79,8314.5,13720.0,1208.6,0.30000000000000004,395272.0,388708.0,1.7902878665590531,200.0,2199.9325,0.8600000000000001,16327.5,2520.0,2808.3,0.6000000000000001,749584.0,716168.0,1.4465710964742349,200.0,2200.0,1.515,6115.5,1480.0,2261.0,0.7,888544.0,878676.0,2.0022394487510766,200.0,2199.865,0.79,8400.0,14960.0,926.4,0.30000000000000004,395268.0,388708.0,1.7902878665590531,200.0,2199.9325,0.865,15992.5,2320.0,2726.4,0.6000000000000001,749724.0,716436.0,1.457807051530415,200.0,2200.0,1.425,3671.5,2320.0,809.0,0.7,888544.0,878672.0,1.8529715762273904,200.0,2199.9325,0.79,8354.0,12880.0,1223.2,0.30000000000000004,395272.0,388708.0,1.7902878665590531,200.0,2200.0,0.965,14260.0,4120.0,2368.3,0.6000000000000001,760200.0,726424.0,1.6174351026733826,200.0,2199.9325,1.415,3665.0,2040.0,727.3,0.7,888544.0,878408.0,1.8429371231696807,200.0,2199.9325,0.79,8370.0,11960.0,1176.8000000000004,0.30000000000000004,395272.0,388712.0,1.7902878665590531,200.0,2199.9325,0.97,13188.5,5760.0,2401.8,0.6000000000000001,761520.0,727676.0,1.633010461061604,200.0,2200.0,1.425,3638.5,2240.0,630.9,0.7,888544.0,877816.0,1.8545650301464252,5.286497159319934,5.319309835669098,5.2987930398034635,5.319217465833344,5.387521840777653,5.374456706678037,5.3717619429487895,5.363788478592007,5.282455919305157,5.251130152503166,5.245918419121047,5.227282366568653,4.975162994361068
200.0,2199.9325,0.75,15276.5,15840.0,2353.5,0.30000000000000004,395208.0,388728.0,1.4734126984126985,193.8,2199.9325,0.875,16332.5,2560.0,2723.0,0.6000000000000001,776872.0,740648.0,1.4210912829551297,193.8,2199.865,1.5550000000000002,6904.5,1520.0,2634.2,0.7,888544.0,879204.0,2.3491978609625668,200.0,2199.9325,0.75,15677.0,16000.0,2208.8,0.30000000000000004,395204.0,388728.0,1.4688492063492062,200.0,2199.9325,0.875,16390.0,2560.0,2923.4,0.6000000000000001,776880.0,740652.0,1.4163912756113681,200.0,2200.0,1.485,3743.5,2560.0,803.5,0.7,888544.0,878936.0,2.1802139037433155,200.0,2199.9325,0.74,16006.0,16000.0,2943.0,0.30000000000000004,395208.0,388728.0,1.4438492063492063,200.0,2200.0,0.975,14932.0,3800.0,2592.7,0.6000000000000001,783916.0,746332.0,1.5847102886098259,200.0,2200.0,1.42,3700.0,2360.0,723.3,0.7,886328.0,876608.0,2.0716577540106957,200.0,2199.865,0.715,16976.5,15760.0,2910.0,0.30000000000000004,395208.0,388732.0,1.3996031746031743,200.0,2199.9325,1.0,12542.5,5280.0,2264.2000000000007,0.6000000000000001,785440.0,747952.0,1.6314900492032018,200.0,2200.0,1.425,3632.0,2560.0,617.4000000000002,0.7,886328.0,876080.0,2.077540106951872,5.134335082117556,5.127230881252349,5.173347304332747,5.099150372309425,5.160113459158378,5.166621723621188,5.144914434598436,5.058370351786599,4.879907153373737,4.777717038427124,4.565484809489549,5.05803944242374,5.084517965348413
200.0,2199.865,0.725,14925.5,15880.0,2341.0,0.30000000000000004,395340.0,388728.0,0.9791197799449862,200.0,2200.0,0.925,27961.5,2480.0,4556.200000000002,0.6000000000000001,806408.0,773524.0,1.5067876754118363,200.0,2199.9325,1.145,4714.5,1160.0,1117.1,0.7,886328.0,876996.0,1.479424421732114,200.0,2199.865,0.71,15864.0,14280.0,2299.7,0.30000000000000004,395336.0,388728.0,0.9582395598899724,200.0,2200.0,0.89,30937.0,3760.0,6442.2,0.6000000000000001,806416.0,773528.0,1.4179377669310556,200.0,2199.9325,1.235,2917.0,2520.0,446.6,0.7,886328.0,876852.0,1.6025192755961988,200.0,2199.9325,0.72,16619.0,14680.0,3065.2,0.30000000000000004,395208.0,388728.0,0.9761190297574392,200.0,2199.865,1.085,13187.0,4000.0,2247.9,0.6000000000000001,811168.0,778324.0,1.7634228187919463,200.0,2200.0,1.225,3261.5,2040.0,357.3,0.7,886328.0,876608.0,1.5906849560695715,200.0,2199.865,0.715,16843.5,14040.0,2857.9,0.30000000000000004,395208.0,388732.0,0.9707426856714176,200.0,2199.865,1.125,12153.5,4840.0,2174.6,0.6000000000000001,813412.0,780368.0,1.826418547895058,200.0,2199.9325,1.245,3129.0,1960.0,410.2000000000001,0.7,886328.0,876080.0,1.6160121929352698,4.543117427939392,4.368111156442362,4.446407870497153,4.60241046936109,4.573502889763131,4.577479734600954,4.58327036874226,4.489266349011253,4.718953229039097,4.639464122281169,4.445639539876202,4.317270532173647,4.247480155806636
200.0,2199.865,1.7600000000000002,9040.5,13000.0,1717.5,0.7,853424.0,844436.0,2.4897644728153203,200.0,2199.9325,1.625,14007.0,4000.0,2246.4,0.2,313924.0,298120.0,1.7249694749694748,200.0,2199.9325,1.96,714.5,840.0,16.9,0.0,17112.0,9168.0,1.9382543076960888,200.0,2200.0,1.755,9414.5,16920.0,2075.2,0.7,853424.0,844436.0,2.479308826766454,193.3,2199.9325,1.675,12937.0,3720.0,1854.8,0.2,313924.0,298124.0,1.7646520146520146,200.0,2200.0,2.02,288.0,1240.0,129.1,0.0,17112.0,9168.0,1.9994592335865105,193.8,2199.865,1.59,9754.5,12400.0,2148.0,0.7,853420.0,844312.0,2.26106097292538,200.0,2199.9325,1.585,14088.0,4120.0,2274.1,0.2,313740.0,298648.0,1.7423687423687424,200.0,2199.865,2.015,371.5,1400.0,590.9,0.0,17112.0,9168.0,1.9942236314922692,193.8,2199.865,1.65,10232.0,13280.0,2392.4,0.7,853420.0,844504.0,2.3350209112920983,200.0,2199.9325,1.59,13378.0,3160.0,2314.9,0.2,314316.0,298648.0,1.7673992673992671,200.0,2199.9325,2.005,425.5,1120.0,15.3,0.0,17112.0,9168.0,1.9842931937172772,5.5415928607089935,6.056296402520433,5.297325385486076,5.698301351920153,5.451366669824619,5.724971913686996,5.6086316054707455,5.380141263419514,5.389001389354067,5.618361398279351,5.503456873968453,5.414355377817217,5.189456574936997
193.8,2199.865,1.01,11155.5,16440.0,1603.6999999999996,0.5,727204.0,685092.0,1.5114188807235729,200.0,2199.9325,0.89,44193.0,2840.0,8558.4,0.2,315804.0,298968.0,1.3692847124824683,200.0,2200.0,1.895,1941.0,760.0,26.1,0.0,17112.0,9168.0,1.8853774519516544,200.0,2199.9325,1.0,11407.5,16880.0,2061.7,0.5,727204.0,685036.0,1.4976257772752968,200.0,2200.0,0.9,44314.5,3160.0,8460.9,0.2,312672.0,297592.0,1.3866058906030856,200.0,2200.0,1.99,543.5,1360.0,293.9000000000001,0.0,17112.0,9168.0,1.9798395086189813,200.0,2199.9325,1.01,11517.5,11480.0,1915.9,0.5,727200.0,682660.0,1.5114188807235729,200.0,2200.0,0.925,43838.5,3840.0,8111.3,0.2,316068.0,299496.0,1.4365357643758765,200.0,2199.9325,1.99,674.0,1520.0,1069.5,0.0,17112.0,9168.0,1.9798395086189813,200.0,2199.865,0.99,11911.0,12840.0,2209.9,0.5,727200.0,683328.0,1.4812323346523462,200.0,2200.0,0.96,42919.5,5040.0,8261.8,0.2,316988.0,300552.0,1.503786816269285,200.0,2199.9325,1.97,895.0,1200.0,22.0,0.0,17112.0,9168.0,1.9599266891222509,4.958735921051477,4.97075376653036,5.262685565616796,5.044197039203464,5.2658992304148216,5.036870128687054,5.020944902712217,5.2939167582800355,5.22192451917482,5.218693970013923,5.202115433510676,5.09780550624326,4.757919548853146
200.0,2199.865,0.965,12425.0,15120.0,1811.3,0.6,727620.0,718904.0,1.5882671724698552,193.8,2199.865,0.79,22257.0,2560.0,4904.2,0.30000000000000004,342904.0,324828.0,1.5934065934065935,200.0,2199.865,1.93,1774.5,760.0,18.1,0.0,17452.0,9536.0,1.8785166240409208,200.0,2199.865,0.955,12718.0,17400.0,2204.5,0.6,727620.0,718792.0,1.5718059883484623,200.0,2199.9325,0.805,23203.5,3240.0,3802.9,0.30000000000000004,343484.0,327732.0,1.625,200.0,2200.0,2.025,743.5,1120.0,556.6,0.0,17452.0,9536.0,1.970872406933788,200.0,2199.9325,0.95,13057.0,13440.0,2180.100000000001,0.6,727616.0,718736.0,1.563541525538545,200.0,2200.0,0.615,19681.5,3400.0,3849.3,0.30000000000000004,343500.0,327752.0,1.26510989010989,200.0,2200.0,2.015,923.5,1640.0,2233.8,0.0,17452.0,9536.0,1.9610684853651603,200.0,2199.9325,0.94,13930.5,12600.0,2546.8,0.6,727616.0,718928.0,1.5470125999187103,187.1,2199.9325,1.015,16259.0,8240.0,3136.5,0.30000000000000004,339412.0,323708.0,2.042582417582417,200.0,2200.0,2.0,948.5,1280.0,6.3,0.0,17452.0,9536.0,1.9465046888320543,6.484565119549455,5.6215990213473646,4.849200874200228,5.644827728956085,4.6967053571607895,5.756113797581945,5.732479768812341,4.6778672460941815,4.761784727580019,4.662275624431605,4.623536005093378,4.671970927703076,5.292710621936384
193.8,2199.9325,0.955,13202.5,13120.0,1906.2,0.6,727620.0,718904.0,1.5664180608748235,200.0,2200.0,0.575,19159.5,2280.0,4472.8,0.30000000000000004,341172.0,324292.0,1.0550543024227237,200.0,2200.0,1.855,1747.0,760.0,35.1,0.0,17452.0,9536.0,1.8730430340952624,200.0,2199.865,0.945,13339.0,14920.0,2362.9,0.6,727620.0,718792.0,1.5500235167640932,200.0,2200.0,0.5800000000000001,18915.0,1840.0,6950.5,0.30000000000000004,341168.0,324552.0,1.0661654135338343,200.0,2199.9325,1.955,648.0,1080.0,427.3,0.0,17452.0,9536.0,1.9745370961563016,200.0,2199.9325,0.955,13372.5,12000.0,2201.7,0.6,727616.0,718736.0,1.566283679365719,200.0,2199.9325,1.385,12543.0,5280.0,2419.1,0.30000000000000004,346588.0,330136.0,2.312614870509607,200.0,2200.0,1.945,897.0,1480.0,2101.1,0.0,17452.0,9536.0,1.9647809985953264,200.0,2199.9325,0.93,13442.0,13360.0,2476.2,0.6,727616.0,718928.0,1.5252301283343412,200.0,2199.865,0.63,32320.0,4440.0,4959.4,0.30000000000000004,351052.0,335816.0,1.1916457811194652,200.0,2199.9325,1.925,913.5,1480.0,13.5,0.0,17452.0,9536.0,1.944196143532116,4.3202053562433935,4.276357467199838,4.362224292005855,4.3304100371054846,4.3288795789023515,4.319708789597143,4.2277886126825965,4.352899105665378,4.394218275309767,4.7744757293107725,5.118899670217635,5.220836815978873,3.8506492176943743
200.0,2199.9325,1.45,1883.5,5200.0,259.8,0.30000000000000004,404008.0,397764.0,1.9584859584859584,100.0,2199.865,1.195,13544.5,2480.0,3092.0,0.7999999999999999,1131744.0,938092.0,2.3545197740112997,200.0,2199.865,2.03,1863.0,920.0,418.2,0.0,175704.0,51572.0,1.93501471006928,200.0,2199.9325,1.44,1956.5,7280.0,263.0,0.30000000000000004,404008.0,397760.0,1.9383394383394383,100.0,2200.0,1.21,14543.5,2400.0,3071.5,0.7999999999999999,1131704.0,938108.0,2.367231638418079,200.0,2200.0,2.075,407.5,1400.0,42.4,0.0,175704.0,51572.0,1.9744471861061024,193.8,2199.9325,1.4449999999999998,2035.0,8040.0,369.4,0.30000000000000004,404008.0,397760.0,1.9426129426129424,100.0,2199.9325,1.23,14118.0,3640.0,3260.8,0.7999999999999999,1131740.0,938116.0,2.337099811676083,200.0,2199.9325,2.065,1323.0,1600.0,1251.8,0.0,175704.0,51572.0,1.9644585745468348,200.0,2199.9325,1.44,2148.0,8040.0,374.7,0.30000000000000004,404008.0,397760.0,1.9383394383394383,200.0,2200.0,1.5699999999999998,11858.0,5000.0,2900.9,0.7,940956.0,909120.0,4.296610169491525,200.0,2200.0,2.09,425.0,1120.0,284.9,0.0,175704.0,51568.0,1.986120337857075,5.8935919269968124,8.404252576993347,6.337767079004575,8.060562696486874,8.282524218883665,8.155964740711713,6.480131022669987,7.8486192411207245,7.962603817672237,8.083436921926554,5.7522592886291655,9.96964621923524,8.638409858667611
200.0,2200.0,1.465,1636.5,7520.0,296.6,0.30000000000000004,404544.0,398292.0,1.9308482956023936,193.3,2200.0,1.29,44486.5,2560.0,10742.9,0.8999999999999999,1108184.0,1076604.0,1.4593879239040533,200.0,2199.9325,1.96,3028.5,1080.0,891.3,0.0,175704.0,51572.0,1.8774771341463412,193.8,2199.865,1.46,1820.0,6840.0,308.0,0.30000000000000004,404544.0,398288.0,1.9149752797293782,193.3,2200.0,1.26,44732.5,2600.0,9539.2,0.8999999999999999,1098976.0,1067436.0,1.42464846980976,200.0,2200.0,2.08,433.0,1480.0,35.8,0.0,175704.0,51572.0,1.98218368902439,200.0,2200.0,1.46,1883.0,4640.0,330.9,0.30000000000000004,404544.0,398288.0,1.9149752797293782,200.0,2200.0,1.42,37579.5,3240.0,8824.7,0.8999999999999999,1149676.0,1118128.0,1.6191894127378001,200.0,2199.9325,2.065,1290.0,1640.0,1275.5,0.0,175704.0,51572.0,1.9682736280487805,200.0,2199.865,1.465,1919.5,6440.0,332.2,0.30000000000000004,404544.0,398288.0,1.9308482956023936,200.0,2199.9325,1.54,34754.0,5320.0,9844.1,0.8999999999999999,1198460.0,1165888.0,1.7621174524400331,200.0,2199.9325,2.09,448.0,1200.0,301.3,0.0,175704.0,51568.0,1.98999618902439,5.655062137872803,5.6820047913325125,5.720163592121542,5.778657118821697,5.791613523315317,5.805482620269174,5.7986440595243645,5.787048100725049,5.777499794323871,5.829354765476436,5.844342607855894,5.686325691829791,4.8445274641581
200.0,2199.865,1.445,1596.0,8200.0,269.3,0.30000000000000004,406868.0,400644.0,1.933917779106064,193.8,2199.9325,1.31,19584.0,1720.0,3663.2,1.1,1402236.0,1369464.0,1.5246497949075148,200.0,2200.0,1.97,3076.5,960.0,1205.7,0.0,175704.0,51572.0,1.8874809451219516,200.0,2199.9325,1.445,1730.5,9520.0,267.5,0.30000000000000004,406868.0,400640.0,1.933917779106064,200.0,2199.9325,1.395,16033.0,3800.0,2950.5,1.1,1399488.0,1366608.0,1.66480922529216,200.0,2200.0,2.08,429.0,1600.0,36.9,0.0,175704.0,51572.0,1.98218368902439,200.0,2199.865,1.44,1900.5,7760.0,343.8,0.30000000000000004,406868.0,400640.0,1.929733678687653,187.6,2199.9325,1.4249999999999998,25707.0,4000.0,5000.3,1.1,1415160.0,1382588.0,1.6687562882129865,200.0,2199.9325,2.065,1279.5,760.0,1282.0,0.0,175704.0,51572.0,1.9682736280487805,200.0,2199.865,1.435,2022.0,7760.0,343.2999999999999,0.30000000000000004,406868.0,400640.0,1.9255495782692436,200.0,2199.865,1.515,18537.0,4840.0,4175.4,1.1,1422328.0,1389684.0,1.813481928643294,200.0,2199.865,2.09,449.5,1080.0,295.5,0.0,175704.0,51568.0,1.98999618902439,5.661333086738808,5.7068249306821475,5.772345519501879,5.965419057332599,5.794151019503727,5.816226611304012,5.807582676274308,5.790786889771093,5.773456773746573,5.79617580614607,5.643049603502178,5.6898587654695145,4.898573985131415
200.0,2199.9325,1.5,1624.5,6160.0,273.5,0.30000000000000004,408224.0,401964.0,1.9716788513469008,193.8,2199.9325,1.31,19584.0,1720.0,3663.2,1.1,1402236.0,1369464.0,1.4396510597696448,200.0,2200.0,2.01,2339.5,1000.0,992.0,0.0,175704.0,51572.0,1.9209222560975612,200.0,2199.865,1.485,1868.5,6440.0,299.2,0.30000000000000004,408228.0,401960.0,1.947507080287163,200.0,2199.9325,1.395,16033.0,3800.0,2950.5,1.1,1399488.0,1366608.0,1.5636202548899338,200.0,2200.0,2.08,429.0,1720.0,41.7,0.0,175704.0,51572.0,1.98218368902439,200.0,2199.865,1.48,1979.5,9760.0,361.9,0.30000000000000004,408228.0,401960.0,1.9433577026938025,187.6,2199.9325,1.4249999999999998,25707.0,4000.0,5000.3,1.1,1415160.0,1382588.0,1.5736386560348938,200.0,2200.0,2.065,1280.5,1120.0,1260.8,0.0,175704.0,51572.0,1.9682736280487805,200.0,2199.9325,1.485,2071.5,8880.0,351.7999999999999,0.30000000000000004,408220.0,401960.0,1.947507080287163,200.0,2199.865,1.515,18537.0,4840.0,4175.4,1.1,1422328.0,1389684.0,1.7021740612008451,200.0,2199.9325,2.095,444.0,1600.0,296.4,0.0,175704.0,51568.0,1.9939024390243905,5.556096557520495,5.5985527323517665,5.6640733211714975,5.834885285513728,5.6838550417653,5.703906854157543,5.694251029423812,5.677455242920599,5.659113237192058,5.6818322695915535,5.885392660344388,5.575515228915,4.782206669168857
200.0,2199.9325,1.465,1606.0,9040.0,247.1,0.30000000000000004,410456.0,404340.0,1.950654180779704,193.8,2200.0,1.66,24136.0,1640.0,5089.2,1.2,1497268.0,1465020.0,2.031433740388964,200.0,2200.0,1.965,2923.0,880.0,1081.5,0.0,175704.0,51572.0,1.887159253945481,200.0,2199.9325,1.455,1850.0,9960.0,274.7,0.30000000000000004,410460.0,404336.0,1.942285979942884,200.0,2199.865,1.415,26335.5,2840.0,3948.9,1.2,1497084.0,1464724.0,1.660221619176843,200.0,2200.0,2.07,462.0,1840.0,40.5,0.0,175704.0,51572.0,1.9782161645145864,200.0,2199.9325,1.45,1992.0,7560.0,354.4,0.30000000000000004,410460.0,404072.0,1.938101879524473,200.0,2199.9325,1.7000000000000002,17940.0,5880.0,3634.5,1.2,1508508.0,1476444.0,2.094640434192673,200.0,2200.0,2.06,1266.0,1680.0,1292.2,0.0,175704.0,51572.0,1.9681970349115256,200.0,2199.9325,1.4449999999999998,2073.5,6040.0,338.4000000000001,0.30000000000000004,410452.0,404336.0,1.9222288636514573,200.0,2199.865,1.44,17998.0,3280.0,3982.0,1.2,1516716.0,1484344.0,1.6824966078697419,200.0,2199.9325,2.085,460.0,1680.0,326.6,0.0,175704.0,51568.0,1.9899808703969395,5.8448347193503984,5.797221014689577,5.907983461463469,5.949552957732125,5.8695988273309165,5.918906533861603,5.938002887433469,5.874280307153053,5.9070874466220085,5.933853194698624,5.724745526922123,5.839564515829643,4.984861388021626
200.0,2199.865,1.49,1656.5,5720.0,255.2,0.30000000000000004,411800.0,405396.0,1.959333595697232,200.0,2199.9325,1.555,32472.5,2160.0,6654.7,1.2,1545300.0,1511556.0,1.6380575945793336,200.0,2199.9325,1.945,3293.5,680.0,1087.4,0.0,175704.0,51572.0,1.8679496951219512,200.0,2199.865,1.49,1823.0,7120.0,274.3,0.30000000000000004,411804.0,405392.0,1.959333595697232,200.0,2199.865,1.5750000000000002,37066.0,3280.0,6716.0,1.2,1543204.0,1509244.0,1.658290984377941,200.0,2199.9325,2.07,474.0,1320.0,34.8,0.0,175704.0,51572.0,1.97437118902439,200.0,2199.865,1.475,1928.0,8080.0,351.8,0.30000000000000004,411672.0,405392.0,1.9351961170142988,193.3,2199.9325,1.4,40016.0,4080.0,8283.1,1.2,1570924.0,1537440.0,1.5009410878976095,200.0,2199.865,2.06,1280.0,1280.0,1285.5,0.0,175704.0,51572.0,1.9643673780487805,193.8,2199.9325,1.48,2015.5,5200.0,333.6,0.30000000000000004,411796.0,405392.0,1.9510691328873144,193.8,2199.9325,1.48,37663.0,8880.0,10223.8,1.2,1607408.0,1574472.0,1.6431394692264258,200.0,2199.9325,2.085,439.5,920.0,321.7,0.0,175704.0,51568.0,1.9860899390243905,5.5124191166730245,5.571380211778512,5.668106275098285,5.662574837311082,5.544679248874486,5.570492193752401,5.488644355471469,5.377920819290918,5.390346508429136,5.420578635988384,5.4369805957666975,5.312132107143796,4.450334451914199
200.0,2199.865,1.4449999999999998,1507.0,7560.0,235.0,0.30000000000000004,412340.0,406188.0,1.9104027285845468,200.0,2200.0,1.53,22637.0,1760.0,4669.0,1.2,1585484.0,1552212.0,1.5666266506602642,200.0,2199.9325,2.005,2093.0,1200.0,535.0,0.0,175704.0,51572.0,1.9303239178636848,193.8,2199.865,1.445,1791.0,7000.0,263.7,0.30000000000000004,412344.0,406184.0,1.922143513052604,200.0,2200.0,1.6,28543.0,3600.0,5378.2,1.2,1583680.0,1549900.0,1.630652260904362,200.0,2199.865,2.065,502.0,1760.0,32.7,0.0,175704.0,51572.0,1.9820447315145089,193.8,2199.865,1.445,1917.5,9680.0,350.9,0.30000000000000004,412344.0,405920.0,1.922143513052604,200.0,2199.865,1.565,49316.5,4440.0,9734.2,1.2999999999999998,1681952.0,1649224.0,1.6324529811924768,200.0,2199.9325,2.05,1286.0,1080.0,1281.0,0.0,175704.0,51572.0,1.9680420321989784,193.8,2200.0,1.44,1948.5,4400.0,316.4,0.30000000000000004,412336.0,406184.0,1.918011281647645,200.0,2199.9325,1.325,49633.5,3880.0,11765.9,1.2999999999999998,1698836.0,1665776.0,1.3371348539415768,193.8,2199.9325,2.075,477.0,960.0,323.1,0.0,175704.0,51820.0,1.98994986985443,5.158482898927751,5.364757503631293,5.459702461273079,5.495523644079566,5.563697949374808,5.6744932556396055,5.398477971477162,5.64991767779447,5.601005892893485,5.602404601417674,5.579511434771083,5.436376401519829,4.512975684184147
200.0,2199.865,1.49,1537.0,12520.0,228.5,0.30000000000000004,413844.0,407508.0,1.9767646065518405,200.0,2200.0,1.26,28722.0,480.0,5237.8,1.2999999999999998,1696328.0,1663536.0,1.2593124925140735,200.0,2200.0,1.965,2485.5,1080.0,545.9,0.0,175704.0,51824.0,1.9209785721338997,200.0,2199.9325,1.485,1738.0,7720.0,240.4,0.30000000000000004,413848.0,407504.0,1.972509287402904,200.0,2199.9325,1.33,32955.0,2720.0,5443.5,1.2999999999999998,1696328.0,1663420.0,1.3233920229967657,200.0,2199.9325,2.025,617.5,1600.0,56.0,0.0,175704.0,51824.0,1.9736595240446329,200.0,2200.0,1.48,1913.0,6080.0,353.3,0.30000000000000004,413848.0,407504.0,1.9682539682539684,200.0,2200.0,1.495,42440.0,5200.0,8007.8,1.2999999999999998,1709220.0,1676492.0,1.5189244220864777,200.0,2200.0,2.01,1514.5,2000.0,1306.4,0.0,175704.0,51824.0,1.9594647970771204,200.0,2199.9325,1.47,2025.5,4440.0,332.9,0.30000000000000004,413840.0,407504.0,1.959743329956096,200.0,2200.0,1.505,47204.0,7040.0,11361.3,1.2999999999999998,1723796.0,1691192.0,1.598814229249012,200.0,2199.9325,2.0250000000000004,668.5,760.0,351.2,0.0,175704.0,51820.0,1.9716105460649749,4.911829573968629,5.090693872813548,5.204521550535388,5.245687156173163,5.21168074946924,5.226386756662469,5.2854322150964785,5.337836700502423,5.361919232145903,5.342312915315084,4.967952658873336,5.494994758807796,4.750173951868982
200.0,2199.9325,1.435,5092.5,14440.0,1060.5,0.30000000000000004,415328.0,409092.0,1.792116182572614,200.0,2199.9325,1.4500000000000002,25331.5,2640.0,4971.799999999998,1.2999999999999998,1709216.0,1676504.0,1.3704681984993337,200.0,2200.0,1.9,3625.0,960.0,933.9,0.0,175704.0,51824.0,1.913956639566396,200.0,2199.9325,1.405,5955.0,15760.0,1208.2,0.30000000000000004,415192.0,409088.0,1.758869294605809,200.0,2199.9325,1.415,23425.5,800.0,4142.4,1.2999999999999998,1709204.0,1676216.0,1.328557069727215,200.0,2200.0,1.965,757.0,1800.0,67.6,0.0,175704.0,51824.0,1.976808421930373,193.8,2199.9325,1.355,6990.0,14440.0,1178.7,0.30000000000000004,415192.0,408824.0,1.6839730290456432,193.8,2199.9325,1.61,43645.0,4640.0,7937.5,1.2999999999999998,1746960.0,1714304.0,1.493139477805568,200.0,2199.9325,1.965,1684.0,1680.0,1347.0,0.0,175704.0,51824.0,1.974984365228268,200.0,2199.865,1.355,7468.5,12080.0,1271.4,0.30000000000000004,415184.0,408824.0,1.6672717842323652,200.0,2199.865,1.535,39185.0,6680.0,9414.6,1.4,1757912.0,1725284.0,1.4345854468105,200.0,2199.9325,1.96,924.5,1880.0,441.9,0.0,175704.0,51820.0,1.9707108609547637,5.013281079474738,5.318426717035164,5.3472089440689885,4.859448830878064,4.9460593615834645,4.990845353561718,4.928413072038235,4.9125293212626415,4.8575131790806445,4.852282811348382,5.368306559753588,4.663950428558864,4.166570435012446
200.0,2199.865,1.515,4414.0,14760.0,940.2,0.30000000000000004,420328.0,413812.0,1.7348076072534278,200.0,2199.9325,1.175,46505.0,2240.0,10647.9,1.4,1806516.0,1774412.0,1.325924926646656,200.0,2199.865,1.745,5446.0,800.0,1332.6,0.0,175704.0,51824.0,1.7974757695175203,200.0,2199.9325,1.5,5088.5,13560.0,1038.1,0.30000000000000004,419552.0,413312.0,1.715877930119416,193.3,2200.0,1.215,41197.0,2280.0,8442.7,1.4,1805072.0,1772948.0,1.3661259316717818,200.0,2199.9325,1.92,981.5,1720.0,71.0,0.0,175704.0,51824.0,1.9589679412077965,200.0,2199.865,1.4500000000000002,6030.5,12080.0,1062.4,0.30000000000000004,419552.0,413312.0,1.6485625829279082,200.0,2199.9325,1.525,20979.0,4080.0,4421.9,1.4,1855512.0,1823984.0,1.7164682472766517,200.0,2200.0,1.93,1641.0,1760.0,1352.6,0.0,175704.0,51824.0,1.9659708169134091,200.0,2200.0,1.44,6811.0,14720.0,1172.7,0.30000000000000004,419544.0,413312.0,1.6338345864661656,200.0,2199.9325,1.69,32283.0,4720.0,7157.0999999999985,1.5,1886088.0,1854964.0,1.8890425280766243,193.8,2199.9325,1.91,1273.0,1720.0,388.4,0.0,175704.0,51820.0,1.9485035680051124,5.080497806167712,5.075227829705967,5.151917876464983,5.288645601083218,5.2259901784314975,5.1028211188041155,5.061126638027664,5.033363587290323,4.99115373109133,5.056091020631602,5.0598337923098535,4.984417292220335,4.221369326209115
200.0,2199.9325,1.48,4393.5,13240.0,922.3,0.30000000000000004,420328.0,414076.0,1.3364520271509814,200.0,2199.9325,1.175,46505.0,2240.0,10647.9,1.4,1806516.0,1774412.0,1.3586727966071492,200.0,2199.9325,1.86,3033.0,1320.0,624.8,0.0,175704.0,51824.0,1.9153356356572415,200.0,2199.9325,1.48,5065.0,13240.0,1034.6,0.30000000000000004,420332.0,414072.0,1.3352366538249862,193.3,2200.0,1.215,41197.0,2280.0,8442.7,1.4,1805072.0,1772948.0,1.3988738016322748,193.8,2200.0,1.925,963.0,1920.0,69.1,0.0,175704.0,51824.0,1.9762033239801424,200.0,2199.9325,1.455,6060.5,13920.0,1042.8,0.30000000000000004,420332.0,414072.0,1.3117088607594936,200.0,2199.9325,1.525,20979.0,4080.0,4421.9,1.4,1855512.0,1823984.0,1.7579742685056488,200.0,2199.9325,1.92,1660.0,2120.0,1339.4,0.0,175704.0,51824.0,1.9684329807899847,200.0,2200.0,1.455,6469.5,11720.0,1151.0,0.30000000000000004,420324.0,414072.0,1.3092781141075032,200.0,2199.9325,1.69,32283.0,4720.0,7157.0999999999985,1.5,1886088.0,1854964.0,1.9320717060479704,200.0,2199.865,1.915,1292.0,1720.0,400.9,0.0,175704.0,51820.0,1.965680984243471,5.127715665180517,5.1235880562755325,5.2018012597768974,5.341194508694242,5.2800622427848705,5.156131604786314,5.115198702381036,5.088197230014869,5.046748952187051,5.1109246633561485,5.087521317374021,5.038870145759295,4.2750606013769
193.8,2199.9325,1.58,7272.5,13520.0,1059.5,0.2,307736.0,287788.0,1.6738002594033723,200.0,2199.9325,1.54,21281.5,2760.0,12460.5,0.4,531224.0,525796.0,1.5461442427734564,200.0,2199.9325,1.665,4568.0,960.0,653.9,0.6,839668.0,777280.0,1.7970695097980818,200.0,2200.0,1.565,7229.5,12760.0,1005.0,0.2,307740.0,287788.0,1.6532425421530481,193.3,2200.0,1.53,24375.0,2560.0,12944.3,0.4,529844.0,525008.0,1.5375972342264483,193.8,2199.9325,1.775,2519.0,2560.0,516.9,0.6,839664.0,774712.0,1.9179522306271963,200.0,2199.865,1.63,7851.0,17080.0,1181.0,0.2,307740.0,287792.0,1.6993839169909208,193.3,2199.9325,1.705,16745.0,3920.0,10502.1,0.4,531224.0,525804.0,1.6925477768174395,187.1,2200.0,1.765,2688.5,2000.0,475.3,0.6,839664.0,775152.0,1.906962892370004,200.0,2199.9325,1.67,7457.5,10920.0,1133.8,0.2,307736.0,288052.0,1.7596423328439876,200.0,2200.0,1.795,16639.0,5040.0,8949.7,0.4,530660.0,525820.0,1.7721598002496883,200.0,2200.0,1.705,3304.5,2440.0,676.8,0.6,839668.0,773724.0,1.8487104651855384,5.275462998502254,5.375115716195066,5.363802133479932,5.279369243406597,5.3699304160465005,5.3802030527542986,5.3650105239151955,5.204640490950262,5.380334052125617,5.1615039623306265,5.362775317153772,5.168048776242472,4.784384146912835
200.0,2199.9325,1.665,7216.0,12600.0,1038.3,0.2,307736.0,288052.0,1.7602428933671426,200.0,2200.0,1.92,12734.0,2560.0,12418.8,0.4,530644.0,525796.0,2.2604138120032884,200.0,2200.0,1.665,4550.0,1040.0,540.2,0.6,839668.0,777544.0,1.8024092053218264,200.0,2199.9325,1.68,7049.0,16160.0,967.6,0.2,307740.0,288052.0,1.7765914853863607,193.8,2200.0,1.94,12751.5,2640.0,22448.1,0.4,530660.0,525824.0,2.283844889010688,200.0,2199.865,1.775,2530.5,2320.0,514.0,0.6,839664.0,777548.0,1.919232831020311,200.0,2199.9325,1.66,7209.0,13680.0,1051.8,0.2,307740.0,288056.0,1.7608434538902975,200.0,2199.9325,2.03,12765.5,3920.0,10276.0,0.4,542116.0,537016.0,2.3916826527815838,200.0,2200.0,1.7599999999999998,2716.0,2200.0,481.6,0.6,839664.0,777460.0,1.9078269207719043,200.0,2199.865,1.635,7789.5,9920.0,1211.8,0.2,308152.0,288316.0,1.707238801032224,200.0,2199.9325,2.055,12873.0,5120.0,7967.7,0.4,542132.0,537032.0,2.4212112907645933,200.0,2199.9325,1.71,3242.5,2200.0,673.8,0.6,839668.0,776296.0,1.8606017020256498,6.026305745332824,5.331475554185658,5.354958276951188,5.296011679586243,5.836844528532716,5.792479162357345,5.3419059228941395,5.273971494304765,6.1370660606440435,5.222436912628928,5.421354327790924,5.089083169490672,4.83084082612793
200.0,2199.9325,1.675,7177.5,14560.0,1001.6,0.2,308632.0,289096.0,1.7908763505402159,200.0,2199.9325,1.18,22003.5,2440.0,11900.0,0.7,998288.0,992656.0,1.3042625289816299,200.0,2199.9325,1.67,4573.0,1160.0,531.9,0.6,839668.0,778864.0,1.8131285757302016,200.0,2199.865,1.62,8243.0,13400.0,1104.5,0.2,308636.0,289096.0,1.728691476590636,200.0,2199.9325,1.185,22115.0,2760.0,12263.2,0.7,998304.0,992688.0,1.3098805065097199,193.8,2200.0,1.76,2611.5,2360.0,530.7,0.6,839664.0,778868.0,1.9138813610358327,200.0,2199.9325,1.58,8948.5,10560.0,1347.5,0.2,308636.0,289100.0,1.6830732292917163,200.0,2200.0,1.215,22119.0,3920.0,11560.4,0.7,998288.0,992664.0,1.3426074549670055,200.0,2199.865,1.75,2746.0,2000.0,457.1,0.6,839664.0,778780.0,1.9002408912978017,200.0,2199.9325,1.605,8392.5,14160.0,1336.9,0.2,308632.0,289096.0,1.700135593220339,200.0,2199.9325,1.25,22179.5,5200.0,10379.5,0.7,998304.0,992684.0,1.3806254087152965,200.0,2199.9325,1.705,3309.5,2720.0,669.9,0.6,839668.0,777880.0,1.8589280337247815,4.9745162143295865,5.039610925805592,5.193589324728854,5.294352446083508,5.5806778361294285,5.576274424794836,5.43991384070881,5.370411510881366,5.3922364232104885,5.27777542929221,5.325165940835954,5.260058533143093,4.943536688496071
200.0,2199.865,1.56,8837.0,14040.0,1251.3,0.2,308840.0,289908.0,1.6378297660527623,193.3,2199.9325,1.35,23051.5,2880.0,13675.8,0.4,534056.0,526332.0,1.7050350595590098,193.8,2199.9325,1.645,4634.0,1200.0,525.3,0.6,839668.0,781768.0,1.7848539596507076,200.0,2199.9325,1.6,8611.5,14240.0,1135.6,0.2,308844.0,289908.0,1.6704828272772525,200.0,2199.865,1.325,22111.5,2680.0,13841.1,0.4,534660.0,529264.0,1.6674410745966035,200.0,2199.9325,1.7599999999999998,2646.5,2560.0,514.8,0.6,839664.0,781772.0,1.9078269207719043,200.0,2200.0,1.615,8522.0,10880.0,1256.6,0.2,308844.0,289912.0,1.6908246225319397,193.3,2199.9325,1.175,19772.0,3760.0,13366.8,0.4,535808.0,528692.0,1.438075525893385,200.0,2199.9325,1.74,2846.0,2080.0,470.6,0.6,839664.0,781684.0,1.8891900030111413,200.0,2199.9325,1.585,9186.5,12000.0,1463.6,0.2,308840.0,290172.0,1.6331784746418894,200.0,2200.0,1.195,21559.0,4640.0,13401.7,0.4,534088.0,528228.0,1.4624482554701361,200.0,2199.865,1.71,3312.5,2440.0,636.6999999999998,0.6,839668.0,781840.0,1.8638060825052696,4.968655718067202,5.972766671339025,8.576938720315844,8.018710823150329,4.592987938111572,4.6192003747117205,5.182531130126336,5.051797003541038,4.432238800677911,4.850635433463178,4.34711400843595,5.003078677998908,4.4467468318311765
200.0,2199.865,0.965,2032.5,11680.0,474.0,0.30000000000000004,400376.0,375104.0,1.9607351712614869,200.0,2200.0,2.015,6196.5,2080.0,1313.3000000000004,1.0,1676296.0,1320636.0,1.7889789438502677,200.0,2200.0,2.22,5113.5,1360.0,838.1,0.1,281324.0,162612.0,1.9388999502239919,200.0,2199.9325,0.965,2238.0,11160.0,514.9,0.30000000000000004,400364.0,375004.0,1.9607351712614869,200.0,2199.9325,2.025,5956.0,2400.0,1468.5,1.0,1676288.0,1320636.0,1.798232787433155,200.0,2199.9325,2.265,4131.0,1640.0,557.1,0.1,281324.0,165340.0,1.985689397710304,193.8,2199.9325,0.965,2424.5,10120.0,505.2,0.30000000000000004,400364.0,375264.0,1.9607351712614869,200.0,2199.9325,2.045,5509.5,4120.0,1309.3000000000004,1.0,1676308.0,1319816.0,1.818181818181818,200.0,2200.0,2.2350000000000003,3989.5,1960.0,704.8,0.1,281324.0,162672.0,1.9518002322880368,200.0,2199.9325,0.96,2807.5,9000.0,614.4,0.30000000000000004,400356.0,375200.0,1.9532163742690056,200.0,2200.0,2.06,5180.5,4920.0,1327.6,1.0,1676308.0,1320644.0,1.8342245989304813,193.8,2200.0,2.245,4011.0,2000.0,483.4,0.1,281324.0,165056.0,1.9612991538078648,5.767959297929308,5.7879284362439885,5.750993854117518,5.814471682787559,5.829989466514423,5.813976934765816,5.837092214253733,5.8252310104420655,5.791444037061668,5.701061791567941,5.711889022929357,5.552885028532198,4.9622413441978495
200.0,2199.865,0.8699999999999999,2908.5,13560.0,660.7,0.30000000000000004,402028.0,376228.0,1.942391899288451,200.0,2200.0,1.985,9935.0,2600.0,1795.1,0.6,1136760.0,780768.0,1.779539088362618,200.0,2199.9325,2.065,794.0,680.0,96.3,0.0,192324.0,73820.0,1.9820447315145089,200.0,2200.0,0.875,3020.5,11280.0,734.9,0.30000000000000004,402028.0,376132.0,1.9510125889436236,200.0,2200.0,1.99,9988.5,2160.0,1890.5,0.6,1136760.0,780776.0,1.7848866819455056,200.0,2199.9325,2.08,270.0,1920.0,18.700000000000006,0.0,210284.0,94424.0,1.9939024390243905,200.0,2200.0,0.8699999999999999,3274.0,8480.0,739.3,0.30000000000000004,402028.0,376392.0,1.942391899288451,200.0,2200.0,1.985,9247.0,3800.0,1681.3000000000004,0.6,1136180.0,779936.0,1.7850564468211527,200.0,2200.0,2.07,440.0,1520.0,23.6,0.0,192324.0,73880.0,1.9859973006844691,193.8,2200.0,0.865,3662.0,9760.0,976.6,0.30000000000000004,402028.0,376328.0,1.9337712096332789,200.0,2200.0,2.0,8714.0,4640.0,1604.1,0.6,1136196.0,780780.0,1.801099227569816,200.0,2199.9325,2.075,313.5,1880.0,50.0,0.0,211684.0,95724.0,1.98994986985443,5.747574336205416,5.769659868432934,5.542595375351079,5.779337198089983,5.772041038552691,5.766939971696812,5.737125333561333,5.697974454455433,5.682807572655691,5.461308332340226,5.566233983972569,5.2315592065336265,4.955937623367538
200.0,2199.9325,2.48,3559.0,15000.0,1210.9,0.7,865632.0,857104.0,2.6896158235070367,200.0,2199.9325,1.315,20379.0,2800.0,3546.3,1.1,1402280.0,1369564.0,1.4384243167723028,200.0,2200.0,2.045,3917.5,1440.0,925.0,0.0,79436.0,73728.0,1.8809967396367024,200.0,2199.865,1.995,1317.5,13360.0,447.1,0.5,740636.0,675192.0,1.6140110111887886,200.0,2199.9325,1.415,15385.0,2400.0,3075.4,1.1,1399320.0,1366640.0,1.5905745246370886,193.8,2199.9325,2.13,2482.5,2360.0,693.7,0.0,79436.0,73732.0,1.9598170809162891,200.0,2199.9325,2.425,3626.5,12320.0,1124.3,0.7,865500.0,856892.0,2.622806064228658,200.0,2200.0,1.375,19249.0,4680.0,3173.2,1.1,1412304.0,1379652.0,1.5366659851427793,200.0,2199.9325,2.09,2533.0,2760.0,738.0,0.0,79436.0,73924.0,1.9597577092511007,200.0,2199.865,2.42,3630.0,9080.0,1230.8000000000004,0.7,865632.0,856644.0,2.6209313698853447,200.0,2199.9325,1.52,18823.5,4560.0,3849.4,1.1,1422984.0,1390452.0,1.7067402712465072,200.0,2199.9325,2.13,2447.5,2400.0,626.5,0.0,79436.0,73924.0,1.959457170682136,6.22782042060924,6.28626219079695,6.3491893369049786,6.431362074827192,6.372567734527795,6.382019776257252,6.187051087043805,6.38225995926487,6.490645492146782,6.382429547093579,6.2709867168584905,5.831198746222202,5.032000839079143
200.0,2199.9325,1.64,4923.0,18200.0,961.1,0.6,743540.0,735148.0,1.801735372796488,200.0,2199.9325,1.49,33497.5,2400.0,5539.0,1.2,1543864.0,1510112.0,1.5496894409937891,200.0,2200.0,2.03,4099.0,1320.0,888.7,0.0,79436.0,73728.0,1.8000747384155455,200.0,2199.865,1.66,5023.0,15640.0,1079.0,0.6,744212.0,735120.0,1.793388429752066,193.8,2200.0,1.495,32753.0,2400.0,7047.5,1.2,1544488.0,1510756.0,1.5598531902879729,200.0,2199.9325,2.17,2481.0,2480.0,737.8000000000002,0.0,79436.0,73740.0,1.924553536307136,200.0,2199.9325,1.635,5429.5,15240.0,954.8,0.6,743404.0,734936.0,1.793538651485013,200.0,2200.0,1.61,35376.5,4000.0,4920.9000000000015,1.2,1568036.0,1534680.0,1.6973461321287409,200.0,2199.9325,2.065,2232.0,2320.0,658.8,0.0,79436.0,73924.0,1.9383924025413408,193.8,2199.865,1.625,5566.0,14680.0,1050.5,0.6,743404.0,734688.0,1.7771452088620618,200.0,2199.9325,1.465,36787.0,5520.0,8427.699999999999,1.2,1601736.0,1568852.0,1.6214003387916431,200.0,2199.9325,2.1950000000000003,2507.0,2640.0,643.3000000000002,0.0,79436.0,73932.0,1.9469750609708127,5.458715200264006,5.3681731293358155,5.484406899868749,5.634921359539335,5.7038027578302595,5.237972479421974,5.234941608901481,5.586806356589606,5.590215453291269,5.500288480905763,5.513063023483113,5.0782332195129145,4.624383886266597
193.8,2199.865,1.6700000000000002,4238.0,14000.0,844.7,0.6,749648.0,741220.0,1.8309523809523809,200.0,2200.0,1.35,43476.5,2400.0,8467.2,1.4,1758444.0,1726084.0,1.4809989853032637,200.0,2200.0,1.995,4050.5,1640.0,865.4,0.0,79436.0,73732.0,1.829284750337382,200.0,2199.9325,1.705,4937.0,16440.0,1061.3,0.6,749908.0,740928.0,1.8966450216450217,200.0,2199.865,1.64,35313.0,2640.0,7397.8,1.4,1767052.0,1734912.0,1.90435664953684,193.8,2199.9325,2.1500000000000004,2540.0,2600.0,695.6999999999998,0.0,79436.0,73736.0,1.974527665317139,200.0,2199.9325,1.615,5281.0,15120.0,952.8,0.6,749380.0,740744.0,1.7520408163265306,200.0,2199.9325,1.385,23023.0,5040.0,3972.3,1.4,1783508.0,1750464.0,1.5067591895518968,193.8,2199.9325,2.155,2520.0,2520.0,697.1,0.0,79436.0,73928.0,1.919514227884272,200.0,2200.0,1.63,5674.5,14080.0,1082.4,0.6,749380.0,740496.0,1.7685374149659865,200.0,2199.9325,1.6,32322.5,4800.0,6033.2,1.4,1794388.0,1762096.0,1.7221040227815785,200.0,2199.9325,2.1500000000000004,2516.0,2360.0,689.1,0.0,79436.0,73928.0,1.974527665317139,5.460795298383771,5.79496423806235,5.459660392461789,6.1182425148214765,6.167508839106143,5.482612856426002,5.480516283775202,5.603045320756763,5.554811506021106,5.564470303925302,5.538113890409592,5.305594794977062,4.921836857276463
200.0,2199.9325,1.72,4093.5,12080.0,816.5,0.6,749912.0,741484.0,1.9216450216450216,200.0,2199.9325,1.335,39452.0,2240.0,7104.5,1.4,1766456.0,1734004.0,1.482654949121184,200.0,2199.9325,1.995,4503.0,1520.0,927.9,0.0,79436.0,73732.0,1.776659919831726,193.8,2199.9325,1.605,5063.5,13680.0,1085.3,0.6,750708.0,741720.0,1.7299431247908998,200.0,2199.865,1.35,39192.5,2120.0,7758.5,1.4,1775848.0,1743624.0,1.5003964583058016,200.0,2199.9325,2.13,2385.5,2640.0,695.8,0.0,79436.0,73736.0,1.8970909235226416,200.0,2199.865,1.65,5205.0,15240.0,933.1,0.6,749908.0,741272.0,1.841017316017316,200.0,2199.9325,1.3,41936.5,4040.0,7362.1,1.4,1785392.0,1753104.0,1.4659376238932205,200.0,2199.9325,2.08,2420.5,2080.0,726.0,0.0,79436.0,73928.0,1.9534677794257636,200.0,2199.9325,1.635,5529.0,9040.0,1044.8,0.6,749776.0,741024.0,1.8240259740259739,200.0,2199.9325,1.83,14987.0,2360.0,2885.2,1.4,1816120.0,1784088.0,2.1011299061715345,200.0,2200.0,2.1500000000000004,2464.5,1840.0,651.5,0.0,79436.0,73928.0,1.91510894154066,5.716380693338957,5.482546630241872,5.5618716687285215,5.50236820018547,5.505142766182189,5.6971930786769995,5.609297738229736,5.497144119111172,5.41554364928855,5.3930619943211235,5.359539086695075,5.435196537641335,4.9269030384124335
200.0,2199.9325,1.685,4832.5,16000.0,938.7,0.6,751284.0,742804.0,1.822501105329388,200.0,2199.9325,1.175,46770.0,2560.0,9730.3,1.4,1803568.0,1771620.0,1.325924926646656,200.0,2200.0,2.045,4367.5,1200.0,864.0,0.0,79436.0,73732.0,1.937274983787652,200.0,2199.865,1.6800000000000002,4858.5,18600.0,1044.5,0.6,752740.0,743536.0,1.831243972999036,200.0,2200.0,1.205,46113.5,2960.0,11981.0,1.4,1807416.0,1775628.0,1.3661933830224953,200.0,2199.9325,2.175,2548.5,2320.0,873.7,0.0,79436.0,73736.0,2.060533553970348,200.0,2199.865,1.66,5431.5,17320.0,959.2,0.6,751144.0,742592.0,1.7977757371696763,200.0,2199.865,1.465,10753.5,4200.0,1934.1,1.4,1850276.0,1818916.0,1.6612255910424607,200.0,2200.0,2.155,2525.0,2320.0,676.5,0.0,79436.0,73928.0,1.9644460144626383,200.0,2199.865,1.635,5632.5,9440.0,1092.1,0.6,751144.0,742344.0,1.768901132537496,200.0,2199.9325,1.6949999999999998,31248.0,4480.0,5538.0,1.5,1883656.0,1852464.0,1.8940676537047647,193.8,2200.0,2.145,2657.0,2480.0,689.5,0.0,79436.0,73928.0,2.03007670117847,5.692409105533643,5.555766058089498,5.652744361427934,5.778738510595457,5.7690620254809915,5.625798946057396,5.5404756140537765,5.680398563833699,5.581156990332705,5.614350571418539,5.59106152172484,5.4211266883803235,4.9169523013863135
200.0,2199.865,1.92,1017.0,11600.0,124.3,0.2,267356.0,260136.0,1.9890415625709743,200.0,2199.865,2.605,992.5,1880.0,300.7999999999999,1.1,1541788.0,1516136.0,1.953402308625061,200.0,2199.9325,1.86,2753.5,1680.0,516.6,0.7,919488.0,912228.0,2.07291933418694,200.0,2199.9325,1.925,1123.0,8440.0,113.9,0.2,267348.0,260132.0,1.9932432432432432,200.0,2200.0,2.62,906.0,1960.0,266.70000000000005,1.1,1541792.0,1516140.0,1.9672131147540983,200.0,2200.0,1.75,2375.0,2600.0,1071.7,0.7,919488.0,912224.0,1.9179897567221507,193.8,2199.9325,1.9,1384.0,8880.0,223.5,0.2,266704.0,259604.0,1.9722348398818987,200.0,2199.9325,2.625,833.0,3440.0,250.3,1.1,1541796.0,1516140.0,1.9726775956284155,200.0,2199.9325,1.77,2675.0,2280.0,687.9,0.7,919488.0,911232.0,1.9511523687580024,200.0,2199.9325,1.875,1868.0,10800.0,254.9,0.2,265912.0,259080.0,1.9486713604360664,200.0,2200.0,2.63,791.0,4640.0,255.7,1.1,1541792.0,1516072.0,1.978142076502732,200.0,2200.0,1.815,2852.5,2280.0,732.1,0.7,919488.0,912032.0,2.012035851472471,5.8121965277104195,5.463892194597169,5.758394621173892,5.708160845431572,5.5798713973113205,5.571557419684313,5.5055759958660575,6.093126060889338,5.52676829586968,5.186205483509698,5.334734036042484,5.21232499801372,5.00420204750133
193.8,2199.9325,1.81,2180.5,14520.0,237.2,0.2,276188.0,269112.0,1.888766176762099,193.8,2199.9325,2.625,898.0,1600.0,228.9,1.1,1582716.0,1556560.0,3.342689100655152,200.0,2199.9325,1.645,2509.0,1840.0,447.6,0.7,919488.0,912228.0,1.7605469206497606,200.0,2199.9325,1.775,4107.0,10200.0,277.9,0.2,276180.0,269108.0,1.8467703112168319,200.0,2200.0,2.64,859.5,560.0,217.6,1.1,1582720.0,1556580.0,3.3604079809410368,200.0,2200.0,1.615,2127.0,3040.0,1035.4,0.7,919488.0,912224.0,1.7288185111604537,200.0,2199.865,1.775,3259.0,12400.0,546.0999999999998,0.2,275580.0,268580.0,1.8517543114433777,200.0,2200.0,2.635,900.0,3880.0,269.9,1.1,1582724.0,1556564.0,3.353558665872544,200.0,2200.0,1.63,2413.5,2480.0,623.6,0.7,919488.0,911232.0,1.7438938880448756,200.0,2199.9325,1.795,3999.0,12560.0,394.4,0.2,274832.0,267792.0,1.863647948347634,200.0,2199.865,2.565,2138.0,4960.0,682.4000000000002,1.1,1582720.0,1556496.0,3.2562537224538417,200.0,2199.9325,1.63,2546.0,2160.0,605.5,0.7,919488.0,912032.0,1.7454715437653383,7.134872250507172,6.285214495005372,7.077430095563004,5.503156572447747,6.253489077565671,6.193302894804735,6.922927289804963,4.96922651254959,6.707598193901933,5.694243666723403,6.804402588486401,5.898230590416253,6.485737413728911
200.0,2199.9325,1.815,6061.5,17040.0,697.5999999999998,0.2,297208.0,289968.0,1.92686421559661,200.0,2200.0,2.6500000000000004,813.0,1600.0,197.2,1.1,1541788.0,1516136.0,2.0084291187739467,200.0,2200.0,1.455,1993.0,1520.0,480.4,0.7,917272.0,910508.0,1.7843960465319688,200.0,2199.9325,1.75,9584.0,18000.0,734.8000000000002,0.2,296976.0,289700.0,1.829888421437717,200.0,2200.0,2.65,753.0,1840.0,181.2,1.1,1541792.0,1516140.0,2.005747126436781,200.0,2199.865,1.485,1890.5,2000.0,488.0,0.7,917272.0,910512.0,1.8010146068398494,200.0,2199.865,1.7799999999999998,7531.5,12200.0,1034.0,0.2,296004.0,288908.0,1.8775684409487223,200.0,2199.865,2.6500000000000004,699.0,3240.0,171.7,1.1,1541796.0,1516140.0,2.0084291187739467,200.0,2199.9325,1.45,1857.0,2560.0,255.3,0.7,917272.0,909636.0,1.7798915420274644,200.0,2199.865,1.69,9536.0,11200.0,917.8,0.2,295028.0,288120.0,1.7833668678739099,200.0,2199.9325,2.65,702.5,4200.0,174.4,1.1,1541792.0,1516072.0,2.005747126436781,193.8,2200.0,1.47,1778.5,2320.0,378.4,0.7,917272.0,910348.0,1.8083180267646288,5.743281679598629,4.9709229888141016,5.695272238155582,4.993688956516551,6.099026879760578,6.0502632078586425,5.579337023944508,4.776750203567064,5.573194898359977,5.326810684701362,5.50471071685305,5.918737271778011,5.075803152582316
200.0,2199.9325,1.815,149.5,2120.0,51.0,0.5,692304.0,631732.0,1.8873300801673056,200.0,2199.9325,1.24,1544.0,920.0,2423.9,0.5,763320.0,733048.0,1.6921082949308754,200.0,2199.9325,2.175,742.5,920.0,117.8,0.0,26884.0,9868.0,1.9502824627476667,193.8,2199.9325,1.905,177.5,3080.0,50.8,0.5,692568.0,637148.0,2.006535378180551,200.0,2200.0,1.22,21042.5,2520.0,5029.4,0.5,763320.0,733048.0,1.6244239631336406,193.8,2199.865,2.21,333.0,1560.0,98.2,0.0,26884.0,9868.0,1.9826838054691336,200.0,2199.9325,1.9,207.0,1880.0,54.1,0.5,692440.0,634108.0,1.99991286162426,200.0,2199.865,1.35,9284.5,3840.0,1109.1,0.5,763320.0,733312.0,1.8673835125448028,193.8,2200.0,2.25,322.5,1400.0,45.2,0.0,26884.0,9864.0,2.0149418699852633,200.0,2199.865,1.91,228.0,2440.0,64.6,0.5,692436.0,633312.0,2.010921343092831,200.0,2200.0,1.4,16287.5,5080.0,2166.5,0.5,763320.0,733240.0,1.853494623655914,100.0,2199.865,1.245,343.5,640.0,65.89999999999999,0.1,266048.0,83300.0,1.2055018830849844,4.982252056481839,5.913397516742937,5.852026403311743,5.85473966992551,5.867239782783388,5.836889657634263,5.893723387708218,5.883499123933422,5.6696301584234075,4.931671748783947,5.568587955129763,5.465517779691164,5.057650117528604
200.0,2199.9325,1.23,4974.0,11400.0,536.7,0.5,697240.0,687836.0,1.801623376623377,200.0,2200.0,1.255,8766.5,2600.0,940.5,0.5,763320.0,733312.0,1.7577949212471875,200.0,2199.9325,2.21,1146.0,960.0,75.9,0.0,26884.0,9868.0,2.0173986486486486,200.0,2200.0,1.31,5371.0,11000.0,569.9,0.5,697240.0,688628.0,1.9018398268398269,200.0,2200.0,1.315,8046.5,2320.0,1039.9,0.5,763320.0,733312.0,1.8233686917389904,200.0,2199.865,2.185,428.5,1720.0,75.4,0.0,26884.0,9868.0,1.9813766891891893,200.0,2199.9325,1.3,5954.5,11400.0,772.3,0.5,697244.0,688364.0,1.8851731601731598,200.0,2199.865,1.35,6635.5,3680.0,804.9,0.5,763320.0,733312.0,1.8738161859664229,200.0,2199.9325,2.185,399.0,1000.0,46.7,0.0,26884.0,9864.0,1.9813766891891893,200.0,2199.9325,1.265,7361.0,13440.0,1235.3000000000004,0.5,697240.0,688628.0,1.825,200.0,2200.0,1.385,5666.0,5200.0,747.4,0.5,763320.0,733240.0,1.925908068145291,200.0,2199.9325,2.185,305.0,1400.0,45.3,0.0,26884.0,9872.0,1.9813766891891893,5.683238539128504,5.699734918076628,5.690740695387553,5.684425824142023,5.7123607903582405,5.669996818844253,5.664619618862883,5.718672146266004,5.637818037117512,5.651689674908121,5.577957484837616,5.450818327454248,5.135667328142675
200.0,2199.865,1.19,6312.0,11040.0,624.4,0.5,697364.0,687836.0,1.7631476431632258,200.0,2200.0,1.25,8996.0,2160.0,1012.4,0.5,763320.0,733312.0,1.7472557038312526,200.0,2199.9325,2.13,667.0,560.0,46.5,0.0,26884.0,9868.0,1.8942286145007845,200.0,2199.9325,1.26,6745.5,11640.0,712.3,0.5,697364.0,688628.0,1.852301185374812,200.0,2199.9325,1.295,8433.5,2400.0,1101.9,0.5,763320.0,733312.0,1.7961687473095136,200.0,2200.0,2.22,274.0,1440.0,42.5,0.0,26884.0,9868.0,1.9817466946442035,200.0,2199.865,1.25,7125.0,10280.0,863.2,0.5,697368.0,688364.0,1.8354944626857368,200.0,2200.0,1.355,6161.0,3840.0,754.1999999999998,0.5,763320.0,733312.0,1.893606557377049,200.0,2199.865,2.22,259.0,1360.0,35.8,0.0,26884.0,9864.0,1.9817466946442035,200.0,2199.9325,1.245,7537.0,10000.0,1200.4,0.5,697364.0,688628.0,1.825310256552952,200.0,2200.0,1.37,5821.0,5000.0,772.1999999999998,0.5,763320.0,733240.0,1.9089539388721481,193.8,2199.9325,2.215,306.5,1560.0,43.8,0.0,26884.0,9872.0,1.9778556440605457,5.617496122198725,5.630765786650215,5.611158221361218,5.601041183613602,5.548165981789959,5.622101025873778,5.590129891515869,5.492130898761351,5.564046532156265,5.5496842773841255,5.521883516833153,5.555847509084002,5.10686320990436
200.0,2200.0,1.19,6107.0,12080.0,642.5,0.5,697496.0,688096.0,1.75346687211094,200.0,2200.0,1.235,8696.5,2400.0,936.7,0.5,763320.0,733312.0,1.7443169398907103,200.0,2199.865,2.155,1364.5,1120.0,74.2,0.0,26884.0,9868.0,1.9169365284974091,200.0,2199.9325,1.255,8637.0,11520.0,1631.4,0.7,853420.0,844732.0,1.8319392471934848,200.0,2200.0,1.3,7949.0,2720.0,1021.6,0.5,763320.0,733312.0,1.8153551912568304,200.0,2199.9325,2.1950000000000003,477.0,1480.0,87.60000000000002,0.0,26884.0,9868.0,1.9507367227979275,200.0,2200.0,1.1800000000000002,8996.5,12400.0,1875.1,0.7,853424.0,844640.0,1.7325555800132073,200.0,2200.0,1.355,6355.0,3600.0,784.5,0.5,763328.0,733312.0,1.893606557377049,200.0,2200.0,2.195,659.0,1480.0,59.0,0.0,26884.0,9864.0,1.9545620142487048,200.0,2200.0,1.18,8531.0,15120.0,1418.1,0.7,853420.0,844748.0,1.7206691613471272,200.0,2200.0,1.375,5489.5,5480.0,730.9000000000002,0.5,763320.0,733240.0,1.929071038251366,200.0,2199.865,2.22,480.5,1560.0,73.1,0.0,26884.0,9872.0,1.9779185556994816,5.718058558881512,5.737444489172171,5.714769027820195,5.7196413341479655,5.6946228151378175,5.782450039535058,5.685967231691961,5.649321159179867,5.76528294109611,5.733772617485247,5.7138343261922815,5.683805683615901,4.966138597249455
200.0,2199.9325,1.775,9335.0,12440.0,1741.3000000000004,0.6,795800.0,786444.0,1.859016503421441,200.0,2200.0,1.24,8661.0,2440.0,946.7,0.5,763320.0,733312.0,1.7452459016393442,200.0,2199.9325,2.165,1256.5,1000.0,71.60000000000002,0.0,26884.0,9868.0,1.9138233418367347,200.0,2200.0,1.77,7684.0,12040.0,847.4000000000002,0.5,727200.0,663388.0,1.8598550919092984,200.0,2200.0,1.295,8023.0,2360.0,1016.5,0.5,763320.0,733312.0,1.8098907103825133,200.0,2200.0,2.23,454.0,1760.0,62.3,0.0,26884.0,9868.0,1.9717793367346936,200.0,2199.9325,1.805,8623.5,11240.0,1289.8,0.5,727204.0,661192.0,1.8729035287803573,193.8,2199.9325,1.36,5992.0,4000.0,742.2,0.5,763328.0,733312.0,1.9230769230769231,200.0,2200.0,2.22,485.0,1000.0,45.7,0.0,26884.0,9864.0,1.9639668367346936,200.0,2199.9325,1.7999999999999998,9814.0,10280.0,2047.9,0.5,727200.0,661356.0,1.8595532000536696,200.0,2199.9325,1.37,5693.0,4760.0,763.0,0.5,763320.0,733240.0,1.9190710382513665,200.0,2199.9325,2.24,486.0,1760.0,58.1,0.0,26884.0,9872.0,1.9831792091836733,5.466623182271778,5.455753387420542,5.4520616362005505,5.432463393073452,5.427294359130029,5.42898449126683,5.3981992251041175,5.3582010620784155,5.381317182398679,5.326011247557356,5.302402375659248,5.271269421066901,6.233981270044763
200.0,2199.9325,0.97,12819.0,12840.0,1772.5,0.6,727680.0,718144.0,1.6291690220463542,200.0,2199.9325,1.205,9622.0,2440.0,1044.0,0.5,763340.0,733312.0,1.7889862946042725,200.0,2199.865,2.175,1359.5,1120.0,59.5,0.0,26884.0,9868.0,1.9154829545454544,193.8,2199.9325,0.96,13191.5,13840.0,1814.5,0.6,727680.0,719136.0,1.6123516110797065,200.0,2200.0,1.265,8827.5,2600.0,1194.4,0.5,763336.0,733312.0,1.861773058402272,200.0,2199.9325,2.235,444.5,1760.0,90.0,0.0,26884.0,9868.0,1.9692234848484849,200.0,2199.865,0.945,13827.0,16840.0,2186.0,0.6,727684.0,718976.0,1.5869135104578858,200.0,2199.865,1.29,7778.5,3880.0,964.8,0.5,763352.0,733312.0,1.8888684226683856,193.8,2199.865,2.205,503.5,1160.0,42.0,0.0,26884.0,9864.0,1.9389204545454544,200.0,2199.865,0.955,13438.0,13600.0,2275.6,0.6,727680.0,718892.0,1.6041548897682307,200.0,2199.9325,1.335,6650.0,4920.0,888.9000000000002,0.5,763344.0,733240.0,1.9619088776392144,193.8,2199.9325,2.235,484.5,1720.0,67.0,0.0,26884.0,9872.0,1.9703677398989896,5.4527388204375615,5.45871870803174,5.4387950042464945,5.435651645249231,5.437961677388809,5.425238090220459,5.411719339590678,5.382248019410389,5.350638696748723,5.322214135608163,5.281145896156733,5.222347127911122,5.019131986770666
200.0,2199.865,0.98,12554.0,13400.0,1736.6,0.6,727680.0,718408.0,1.6323978883023065,200.0,2199.9325,1.2000000000000002,10268.0,2440.0,1172.0,0.5,763348.0,733312.0,1.8020043684954388,200.0,2200.0,2.22,1397.0,1080.0,83.10000000000002,0.0,26884.0,9868.0,1.9353006638781232,200.0,2199.9325,0.975,12738.5,15720.0,1698.0,0.6,727680.0,719136.0,1.6242011669908312,200.0,2199.9325,1.255,9993.5,2320.0,1345.6,0.5,763344.0,733312.0,1.862777849158422,200.0,2199.9325,2.265,602.5,1920.0,113.8,0.0,26884.0,10120.0,1.973579185694002,200.0,2199.865,0.975,12893.0,13200.0,1996.3,0.6,727684.0,718976.0,1.6244790219505418,200.0,2199.9325,1.285,9091.5,3800.0,1105.7,0.5,763352.0,733312.0,1.9013975155279503,200.0,2199.9325,2.245,496.0,1360.0,49.6,0.0,26884.0,10116.0,1.9541617099658468,200.0,2200.0,0.97,12868.5,12120.0,2232.5,0.6,727680.0,719152.0,1.6160044456793554,200.0,2200.0,1.305,7718.5,4960.0,1008.6,0.5,763344.0,733240.0,1.942438648336117,200.0,2200.0,2.26,546.0,2120.0,62.6,0.0,26884.0,9872.0,1.97052841628612,5.444742941159254,5.466035054842672,5.439573549885648,5.4067216754077565,5.44048171339158,5.420067960100226,5.383484605659034,5.377667059210329,5.373944695257333,5.322751179625146,5.2724120403487955,5.229923394412992,4.996883803925076
200.0,2199.865,0.975,12544.0,12880.0,1670.9,0.6,727616.0,718428.0,1.604660615092806,200.0,2200.0,1.11,18725.0,2560.0,2302.6,0.5,763348.0,733312.0,1.6137374507561315,200.0,2199.9325,2.005,1912.0,1320.0,119.5,0.0,27224.0,10488.0,1.881080234483376,200.0,2199.865,0.975,12836.5,13720.0,1731.2,0.6,727616.0,719156.0,1.604660615092806,200.0,2199.865,1.165,18210.0,2320.0,2691.1,0.5,763344.0,733312.0,1.6738467403736184,200.0,2200.0,2.08,765.0,1760.0,106.6,0.0,27224.0,10488.0,1.9557658746140425,200.0,2200.0,0.96,13013.0,13640.0,1986.4,0.6,727620.0,718996.0,1.5800027096599378,200.0,2199.9325,1.2,37790.5,3840.0,7685.7,0.7,1060224.0,1041868.0,1.638962978768804,200.0,2199.9325,2.1,621.5,1520.0,45.0,0.0,27224.0,10484.0,1.9767082829910056,200.0,2199.865,0.925,13561.0,13640.0,2392.0,0.6,727616.0,719172.0,1.522219211488958,200.0,2199.9325,1.1949999999999998,28288.0,5200.0,4729.8,0.7,1060216.0,1028664.0,1.7312873300292284,193.8,2199.9325,2.085,798.5,1760.0,92.0,0.0,27224.0,10492.0,1.962925672349756,5.081728632836813,5.093134491023289,5.120822487693387,5.157134478053004,5.15016838271537,5.155591709124397,5.1924191695897,5.1661699800330165,5.132594783150324,5.2622400485025915,5.206915731513244,5.137909812470757,4.841744524967437
200.0,2199.9325,0.935,12174.0,14880.0,1673.5,0.6,727616.0,718428.0,1.5286666666666666,200.0,2200.0,1.01,51740.0,2560.0,9767.1,0.7,1060352.0,1041932.0,1.4517468688200394,200.0,2199.9325,2.005,3439.5,1040.0,354.4,0.0,27224.0,10488.0,2.190426397118624,200.0,2199.9325,0.96,12220.0,15240.0,1662.7,0.6,727616.0,719156.0,1.5693333333333332,193.8,2200.0,1.0,52208.0,2480.0,10442.7,0.7,1060348.0,1041936.0,1.4341463414634146,193.3,2200.0,1.975,629.0,1000.0,74.2,0.0,27224.0,10488.0,2.119379574764727,200.0,2199.9325,0.945,12229.0,13520.0,1892.4,0.6,727620.0,718996.0,1.545,200.0,2199.9325,1.295,15024.0,3920.0,1987.9,0.7,1044860.0,1026544.0,1.9053586862575624,200.0,2199.9325,2.135,785.0,1560.0,111.3,0.0,27224.0,10484.0,2.3245904496340186,200.0,2199.865,0.965,13080.5,11800.0,2210.9,0.6,727616.0,719172.0,1.578,200.0,2199.865,1.36,13733.5,4960.0,2472.8,0.7,1044852.0,1026468.0,2.1288727752142385,200.0,2200.0,1.89,617.0,1240.0,66.4,0.0,27224.0,10492.0,2.0067967933077733,5.464751052488405,5.503301478185426,5.602078917404066,5.446679007951333,5.5735476952069165,5.452086998522493,5.535102959510441,5.704381669789207,5.635756896331087,5.6137835489040135,5.449120948021103,5.494371447324099,5.281098764277188
200.0,2199.865,0.95,11944.0,16000.0,1702.3,0.6,727616.0,718428.0,1.4972862957937585,193.3,2199.9325,1.17,42421.0,2520.0,7301.9,0.9,1357324.0,1232456.0,1.5642701525054463,193.8,2199.9325,1.96,3108.5,1240.0,243.7,0.0,27224.0,10488.0,1.836902654867257,200.0,2199.9325,0.965,12243.0,13760.0,1623.7,0.6,727616.0,719156.0,1.5196743554952512,193.8,2199.865,1.19,42617.0,2440.0,7656.700000000002,0.9,1357320.0,1231208.0,1.581748861160626,200.0,2199.9325,2.075,913.0,2080.0,105.1,0.0,27224.0,10488.0,1.9473008849557525,200.0,2199.865,0.945,12334.0,12040.0,1885.1,0.6,727620.0,718996.0,1.4890218329838412,200.0,2200.0,1.1949999999999998,40357.0,3960.0,7433.799999999998,1.0,1357328.0,1338820.0,1.7980392156862743,200.0,2199.9325,2.0500000000000003,981.0,1520.0,67.4,0.0,27224.0,10484.0,1.9211504424778765,200.0,2199.9325,0.925,13287.5,11040.0,2317.9,0.6,727616.0,719172.0,1.4591710867151844,193.8,2199.865,1.225,39213.0,5200.0,7466.6,1.0,1357320.0,1338872.0,1.6074470192117252,200.0,2200.0,2.075,1054.0,2120.0,122.8,0.0,27224.0,10492.0,1.9484513274336288,5.248242712465379,5.337889974402329,5.243824296131295,5.608241757428771,5.685777285463133,5.736228251058948,5.628279945441854,5.509090098960625,5.472056926907417,5.442056072754959,5.35640827545946,5.314498215695691,5.16523370821883
200.0,2199.865,1.055,9776.5,14520.0,1764.8,0.5,727200.0,684600.0,1.573487846240814,200.0,2200.0,1.075,25444.5,2400.0,12888.2,1.0,1287084.0,1278168.0,1.6690936309199782,200.0,2199.9325,1.51,1919.5,1280.0,200.4,0.0,30904.0,14116.0,1.8660714285714288,200.0,2199.865,0.985,11046.0,15240.0,1774.8,0.5,727200.0,682520.0,1.4743357829282082,200.0,2199.9325,1.09,25510.5,2640.0,12389.1,1.0,1287084.0,1278212.0,1.6870577027762657,193.8,2199.9325,1.6,543.5,1320.0,71.8,0.0,30904.0,14116.0,1.9768813775510203,200.0,2199.9325,1.035,10375.5,13640.0,1953.4,0.5,727204.0,681808.0,1.54200113058225,200.0,2199.865,1.12,26041.5,3480.0,12981.6,1.0,1287084.0,1278288.0,1.7337370713119216,200.0,2200.0,1.6,608.0,1880.0,106.5,0.0,30904.0,14116.0,1.9768813775510203,200.0,2199.865,1.04,10431.5,13040.0,1789.9,0.5,727204.0,680024.0,1.5488976823063878,200.0,2199.9325,1.145,26664.0,4640.0,11964.1,1.0,1287084.0,1278136.0,1.7690528034839414,200.0,2200.0,1.585,718.0,2160.0,385.5,0.0,30904.0,14120.0,1.9588647959183676,5.276348085672688,5.264243719243071,5.346097177556889,5.264913778861347,5.312428119003108,5.2279551422745465,5.197727817529444,5.256492146360062,5.23693178868495,5.174183934678651,5.142220906843903,5.147395682025317,5.027638180381357
200.0,2199.9325,0.915,11928.5,14080.0,2048.7,0.6,727680.0,719348.0,1.5243419681922354,200.0,2199.9325,1.05,38048.5,3680.0,15538.9,1.0,1287084.0,1278168.0,1.5853626081170993,200.0,2199.9325,1.48,2269.5,840.0,128.1,0.0,31652.0,14924.0,1.8253002465600887,200.0,2199.865,0.91,12337.5,14360.0,1875.0,0.6,727680.0,718568.0,1.5159386068476977,200.0,2199.9325,1.045,38109.5,2000.0,14836.9,1.0,1287084.0,1278212.0,1.579374584165003,200.0,2200.0,1.595,549.5,1400.0,73.69999999999997,0.0,31652.0,14924.0,1.9640499483019167,200.0,2200.0,0.8899999999999999,12815.5,14640.0,2317.3,0.6,727684.0,719124.0,1.4826029585387874,200.0,2200.0,1.075,37834.5,4520.0,14629.0,1.0,1287084.0,1278288.0,1.6255489021956089,200.0,2199.9325,1.6,589.0,2080.0,96.1,0.0,31652.0,14924.0,1.969100453352422,200.0,2199.9325,0.905,13076.5,11120.0,2129.7,0.6,727684.0,719120.0,1.5076741440377806,200.0,2199.9325,1.135,30945.5,4600.0,13030.0,1.0,1287084.0,1278136.0,1.7332667997338658,200.0,2200.0,1.585,744.0,1920.0,319.2000000000001,0.0,31652.0,14932.0,1.9511254275033798,5.2497105292169834,5.366344637832139,5.237472219424522,5.167325740908367,5.326337499042508,5.315226387931396,5.243118421924579,5.366117255547179,5.30493240483977,5.395276363189559,5.220651076855549,5.189516970320373,4.986220432946611
193.8,2199.9325,0.945,11432.5,14640.0,1989.4,0.6,727616.0,719368.0,1.5370174510840826,200.0,2200.0,0.935,28145.5,2520.0,13855.7,1.0,1287084.0,1278168.0,1.4436959414504325,200.0,2200.0,1.555,2180.5,1080.0,333.8,0.0,31992.0,15292.0,1.9351151315789477,200.0,2200.0,0.945,11508.5,13000.0,1771.8000000000004,0.6,727616.0,718588.0,1.5371496562665257,200.0,2200.0,0.935,27992.5,2280.0,12618.9,1.0,1287084.0,1278212.0,1.4436959414504325,200.0,2200.0,1.58,502.5,2160.0,114.9,0.0,32360.0,15348.0,1.984375,200.0,2199.9325,0.925,12211.0,14400.0,2180.9,0.6,727620.0,719144.0,1.5046271813855103,200.0,2199.9325,0.99,26512.0,4160.0,13011.5,1.0,1287084.0,1278288.0,1.5648702594810382,200.0,2199.9325,1.58,548.5,2640.0,129.89999999999998,0.0,32360.0,15348.0,1.984375,200.0,2199.9325,0.93,12440.0,15240.0,2042.5,0.6,727620.0,719140.0,1.5128239026969856,200.0,2199.9325,1.005,26970.0,4760.0,12994.1,1.0,1287084.0,1278136.0,1.5670326014637397,200.0,2199.865,1.595,605.0,1720.0,410.1,0.0,32360.0,15356.0,1.9976151315789477,4.996742996433122,5.063889734276731,5.091716211801859,5.109404676810064,5.116130086688953,5.1549953951213245,5.2814980880189815,5.195917261396706,5.2404747374064895,5.231249977412994,5.198418079947799,5.193333824270707,4.9776627698995854
200.0,2200.0,0.935,11949.0,14640.0,2061.600000000001,0.6,727616.0,719368.0,1.5388836201056768,200.0,2199.9325,0.905,28114.5,2680.0,13937.3,1.0,1287084.0,1278168.0,1.403316444035007,200.0,2199.9325,1.5699999999999998,2320.5,960.0,187.3,0.0,32508.0,15736.0,2.0502673796791444,200.0,2199.9325,0.925,12451.0,15040.0,2007.5,0.6,727616.0,718588.0,1.522219211488958,200.0,2200.0,0.89,28425.5,2640.0,12748.9,1.0,1287084.0,1278212.0,1.3759557807462002,193.8,2199.865,1.525,424.0,2280.0,62.6,0.0,32988.0,15996.0,2.014260249554368,200.0,2199.865,0.92,12508.0,14200.0,2181.0,0.6,727620.0,719144.0,1.5140902316759246,200.0,2200.0,0.95,26979.5,3640.0,13058.6,1.0,1287084.0,1278288.0,1.5135882081989869,200.0,2200.0,1.525,456.5,2160.0,97.5,0.0,32988.0,15996.0,2.014260249554368,193.8,2199.865,0.905,12834.0,14080.0,2126.6,0.6,727620.0,719140.0,1.4895000677414985,200.0,2200.0,0.965,27768.0,5640.0,13327.4,1.0,1287084.0,1278136.0,1.512759097190235,200.0,2199.9325,1.545,490.5,1640.0,323.3,0.0,32988.0,16004.0,2.036096256684492,5.047456179872298,4.982868367739285,5.03419230346992,5.0988987079809815,5.193341414505408,5.224604179788175,5.177554082781309,5.344222424259581,5.3204523844700935,5.2039210466610095,5.242319595602668,5.187167124100586,4.971804680518629
200.0,2199.9325,0.925,12392.5,14080.0,2088.7,0.6,727616.0,719368.0,1.4937548790007806,200.0,2200.0,0.895,28189.0,2200.0,13895.0,1.0,1287084.0,1278168.0,1.3802395209580838,200.0,2199.865,1.49,2269.0,920.0,196.0,0.0,32988.0,16000.0,1.7747058823529411,200.0,2199.865,0.92,12640.0,14120.0,2046.3,0.6,727616.0,718588.0,1.48607858443924,200.0,2199.9325,0.895,28322.0,2920.0,12669.6,1.0,1287084.0,1278212.0,1.389876497005988,200.0,2200.0,1.655,715.0,1800.0,87.5,0.0,33120.0,16260.0,1.967941176470588,200.0,2199.9325,0.91,12977.5,14640.0,2273.7,0.6,727620.0,719144.0,1.4699453551912567,200.0,2199.9325,0.915,27602.5,3400.0,13217.4,1.0,1287084.0,1278288.0,1.4138285928143717,200.0,2199.865,1.66,658.5,1520.0,152.60000000000005,0.0,33120.0,16260.0,1.972941176470588,200.0,2199.865,0.92,12487.0,13680.0,2073.4,0.6,727620.0,719140.0,1.4858183710642727,200.0,2199.9325,0.95,28227.0,5200.0,13525.4,1.0,1287084.0,1278136.0,1.4750187125748504,200.0,2200.0,1.64,966.5,1840.0,2558.0,0.0,33120.0,16268.0,1.948235294117647,4.962922464182165,4.934604081246375,4.991227912401798,4.986372852804287,5.101988606590831,5.148615590717816,5.476100517232865,5.177484214997475,5.1791562485650005,5.168646756978653,5.13327237452358,5.085976680289602,4.878771371936753
200.0,2199.9325,1.38,813.5,10280.0,231.8,0.5,702836.0,676284.0,1.9932432432432432,200.0,2200.0,2.415,26213.0,1920.0,6363.4,0.7,941544.0,925284.0,1.9252525252525252,200.0,2200.0,2.275,3703.5,1440.0,624.4000000000002,0.0,45152.0,30308.0,1.878563596491228,200.0,2199.865,1.38,820.5,10560.0,271.9,0.5,702856.0,675576.0,1.9932432432432432,193.3,2199.9325,2.51,24605.0,2920.0,6360.8,0.7,941544.0,925292.0,1.9935353535353533,200.0,2200.0,2.325,2065.0,2320.0,688.5,0.0,45152.0,30320.0,1.9214638157894743,200.0,2200.0,1.375,1184.5,10960.0,478.8,0.5,702832.0,674456.0,1.9854913052587468,200.0,2199.9325,2.585,23308.0,4120.0,5438.6,0.7,941412.0,925288.0,2.052929292929293,200.0,2199.9325,2.37,2092.5,2200.0,306.9000000000001,0.0,45152.0,30316.0,1.9575794956140349,200.0,2199.865,1.37,1462.0,10200.0,376.7,0.5,702824.0,676084.0,1.977739367274251,200.0,2200.0,2.535,22825.0,5040.0,6296.9,0.7,941544.0,925292.0,2.0181818181818185,193.8,2199.9325,2.325,2161.5,2280.0,622.6999999999998,0.0,45152.0,30308.0,1.9209841008771933,5.833279498302553,5.812998332065539,5.827409291790553,5.846506313884692,5.822392968054153,5.7894832949445565,5.728755749219363,5.75264770615158,5.663057141094656,5.724793688145152,5.6625354681594775,5.584901112284347,5.437573899383198
200.0,2199.9325,1.265,2518.5,17480.0,715.2,0.7,860676.0,832508.0,1.8853560232870576,200.0,2199.9325,2.08,38115.0,2560.0,7899.0,0.7,942320.0,926084.0,1.5214082687338502,200.0,2200.0,2.225,4116.5,1360.0,662.3,0.0,46332.0,31656.0,1.8410827367841407,200.0,2200.0,1.2599999999999998,2906.0,16760.0,1002.0,0.7,860676.0,832020.0,1.8788625167935515,200.0,2199.9325,1.945,40052.5,2440.0,9064.9,0.7,942320.0,926092.0,1.4413824289405686,193.8,2200.0,2.3200000000000003,2109.0,2400.0,701.9,0.0,46332.0,31668.0,1.921289922907489,193.3,2199.9325,1.275,2540.0,10160.0,746.5,0.7,860660.0,830932.0,1.8983430362740703,200.0,2200.0,2.165,36214.0,3840.0,7122.9,0.7,941544.0,925300.0,1.5846640826873386,200.0,2199.865,2.36,2114.0,2320.0,339.1,0.0,46332.0,31664.0,1.9530389592511008,200.0,2199.9325,1.285,2703.0,9920.0,719.3,0.7,860660.0,832448.0,1.9092028660994176,200.0,2200.0,2.225,35207.0,5080.0,7857.200000000002,0.7,941412.0,925304.0,1.6241602067183465,200.0,2200.0,2.33,2183.0,2320.0,595.7,0.0,46332.0,31656.0,1.9286033865638768,5.726118402943713,5.696871795391611,5.670183184845292,5.666284398174418,5.637192710353816,5.617058266149003,5.5431521620922135,5.505307610375239,5.3862860594271424,5.455403059614022,5.387824888936223,5.4744325683099655,5.8997310628007895
200.0,2199.9325,1.125,6305.0,14360.0,1354.8000000000004,0.6,734864.0,693844.0,1.8253937007874013,200.0,2199.9325,2.715,21287.0,2560.0,4960.9,0.7,941544.0,925296.0,1.8985507246376807,200.0,2199.865,2.265,3778.5,1280.0,624.9000000000002,0.0,46332.0,31656.0,1.8743288821585904,200.0,2199.9325,1.11,7000.5,13360.0,1449.0,0.6,734840.0,693932.0,1.8003937007874016,193.8,2200.0,2.7,21157.0,2600.0,5149.9000000000015,0.7,941544.0,925304.0,1.8883091787439612,200.0,2199.9325,2.3150000000000004,2084.0,2440.0,716.4,0.0,46332.0,31668.0,1.917383672907489,200.0,2199.9325,1.095,7232.0,13640.0,1882.5,0.6,734816.0,690052.0,1.7763123359580053,193.3,2200.0,2.725,19622.5,3800.0,4345.700000000002,0.7,942320.0,926088.0,1.9120772946859903,200.0,2199.865,2.345,2181.5,2280.0,328.9000000000001,0.0,46332.0,31664.0,1.9413202092511013,200.0,2199.9325,1.08,7918.5,12560.0,1685.5,0.6,734776.0,689312.0,1.7513123359580054,200.0,2200.0,2.775,19045.5,4840.0,4957.8,0.7,941544.0,925304.0,1.9441545893719807,200.0,2199.865,2.325,2154.0,2280.0,603.4,0.0,46332.0,31656.0,1.9246971365638768,6.209642312062978,6.188784642956457,6.1765998830214714,6.196411619401017,6.16432103668906,6.147483201355393,6.034603574021075,6.0246228844148435,5.906605504342737,5.933297817288034,6.011547857718187,5.987412828102312,5.611737436383028
200.0,2199.865,1.08,6859.0,13480.0,1501.3000000000004,0.6,735184.0,703888.0,1.8024451236454568,200.0,2199.9325,2.71,21438.5,2600.0,4976.9000000000015,0.7,941412.0,925296.0,2.492018779342723,200.0,2200.0,2.255,3886.5,1320.0,612.4000000000002,0.0,46332.0,31656.0,1.8697244536581152,200.0,2199.9325,1.075,7317.5,11840.0,1618.3000000000004,0.6,735172.0,703688.0,1.7939705473742706,200.0,2200.0,2.7,21202.5,2560.0,5128.7,0.7,941544.0,925304.0,2.482879499217528,200.0,2199.9325,2.315,2103.0,2560.0,719.2,0.0,46332.0,31668.0,1.9216204543491404,200.0,2200.0,1.0699999999999998,7744.0,15400.0,2118.4,0.6,735152.0,702312.0,1.785773826062795,200.0,2199.9325,2.72,19767.0,3760.0,4475.2,0.7,941412.0,925300.0,2.500156494522692,200.0,2199.9325,2.34,2249.0,2200.0,315.4000000000001,0.0,46332.0,31664.0,1.941228297486396,200.0,2199.865,1.06,8282.0,12000.0,1914.5,0.6,735088.0,702828.0,1.7688246735204225,200.0,2200.0,2.775,18999.0,5200.0,4943.9,0.7,942320.0,926092.0,2.5512989045383407,193.8,2199.9325,2.325,2155.0,2520.0,619.8000000000002,0.0,46332.0,31656.0,1.92849615617172,5.065810280753482,5.090653126126036,5.071016242542757,5.149407047140458,5.059578732686137,5.159459541237181,4.999657894834072,5.0688361400514115,5.002965967024101,4.948751153868667,4.8989745576212895,4.864256796765297,4.569116389884032
200.0,2199.9325,1.11,10310.5,15800.0,2006.1,0.6,735496.0,706508.0,1.7564822408680838,200.0,2200.0,2.705,21581.5,2360.0,4856.2,0.7,941544.0,925300.0,1.8872238232468777,193.8,2200.0,2.225,4224.5,1360.0,603.6999999999998,0.0,46332.0,31656.0,1.8420808094713657,200.0,2199.9325,1.1,11097.0,15760.0,1949.5,0.6,735488.0,705972.0,1.741215065295565,200.0,2200.0,2.7,21009.5,2520.0,5091.1,0.7,942320.0,926096.0,1.8827793788024336,200.0,2200.0,2.31,2106.5,2480.0,720.4,0.0,46332.0,31672.0,1.913477422907489,200.0,2199.865,1.09,12577.5,15960.0,2846.8,0.6,735488.0,704928.0,1.7253170146993881,200.0,2199.9325,2.775,19715.5,3880.0,4272.4000000000015,0.7,941412.0,925304.0,1.9353826448927312,200.0,2200.0,2.34,2338.0,2200.0,296.3,0.0,46332.0,31668.0,1.9374139592511013,200.0,2199.865,1.075,13399.0,14320.0,2748.9,0.6,735472.0,706500.0,1.7017853763169517,200.0,2200.0,2.78,19029.5,5040.0,4893.4,0.7,941412.0,925308.0,1.9413896894012168,200.0,2199.865,2.3200000000000003,2157.5,2480.0,618.8,0.0,46332.0,31660.0,1.9207908865638768,6.914635864621251,6.8989805253208845,6.884306474601568,6.877817875444541,6.862433260059925,6.8465316927114594,6.775924154146261,6.821783576391933,6.73066906509766,6.768510138991061,6.59691300038921,6.558394181210238,6.233580119724313
200.0,2199.9325,1.095,10899.0,13400.0,2034.4,0.6,735640.0,706536.0,1.7345523329129886,200.0,2199.9325,1.715,47266.0,2960.0,9887.0,0.7,941412.0,925300.0,1.3017892390958292,200.0,2200.0,2.175,4729.5,1320.0,668.6,0.0,46332.0,31912.0,1.8308760835583344,200.0,2199.865,1.09,11730.5,14000.0,2011.9,0.6,735616.0,706000.0,1.7263556116015133,200.0,2199.865,1.855,42640.0,2600.0,9655.5,0.7,941544.0,925308.0,1.3820184654568608,200.0,2199.865,2.3,2135.0,2600.0,712.2,0.0,46332.0,31924.0,1.9361588745203924,200.0,2199.9325,1.08,13242.5,16040.0,3168.6,0.6,735616.0,704956.0,1.7104665825977299,193.8,2199.9325,1.78,48278.5,3880.0,9106.3,0.7,942320.0,926092.0,1.3485132123527541,200.0,2199.865,2.285,2456.0,2520.0,323.4000000000001,0.0,46332.0,31920.0,1.924062100326844,193.3,2199.865,1.055,14082.5,14120.0,2708.8,0.6,735592.0,706544.0,1.6709962168978565,200.0,2200.0,2.02,42639.0,5000.0,8830.1,0.7,942320.0,926096.0,1.4939446036294173,200.0,2199.9325,2.295,2237.0,2600.0,594.0,0.0,46332.0,31912.0,1.931380559897684,5.519474313005301,5.480950684989838,5.47955505903886,5.464507235613125,5.474824353462003,5.447518661160919,5.3853246586470815,5.396794757710231,5.334722553437558,5.3717350089142055,5.320131162659799,5.280469115577264,4.857336934154345
200.0,2199.865,1.105,10997.5,14480.0,2111.4,0.6,735800.0,706564.0,1.7357178340784898,200.0,2199.9325,2.705,21164.5,2640.0,4741.0,0.7,942320.0,926088.0,1.8872238232468777,200.0,2200.0,2.185,4597.5,1480.0,617.8,0.0,46332.0,31912.0,1.843816859221224,200.0,2199.865,1.09,11700.5,15040.0,1913.6,0.6,735776.0,706016.0,1.7129905613512166,187.1,2199.9325,2.705,21054.5,2520.0,5153.2,0.7,942320.0,926096.0,2.2463492063492065,200.0,2200.0,2.265,2254.5,2000.0,777.8000000000002,0.0,46332.0,31924.0,1.912126130303733,193.3,2199.9325,1.075,13325.5,15000.0,3100.8,0.6,735776.0,704972.0,1.689021361152509,200.0,2199.9325,2.775,19789.5,4000.0,4388.1,0.7,942320.0,926092.0,1.9353826448927312,200.0,2200.0,2.275,2507.5,2120.0,333.2000000000001,0.0,46332.0,31920.0,1.9198759092854087,200.0,2199.865,1.06,14313.5,13880.0,2635.7,0.6,735736.0,706560.0,1.6650521609538005,193.8,2200.0,2.785,18894.0,5120.0,4801.4,0.7,941412.0,925308.0,1.9442715337816203,200.0,2199.9325,2.265,2406.5,2280.0,612.8,0.0,46332.0,31912.0,1.9114249037227216,5.918270176324925,5.893742731414705,5.893733133984134,5.883945579263643,5.881115155662964,5.849424071627383,5.787440329256157,5.794980321619273,5.724261114383477,5.786247638853334,5.715368145768178,5.670496779346887,5.380347177682655
187.5,2199.9325,1.12,8024.0,15800.0,1784.2,0.6,736280.0,706636.0,1.836065573770492,193.8,2199.865,2.705,21265.5,2320.0,4769.5999999999985,0.7,941412.0,925300.0,1.880178287169691,200.0,2199.865,2.06,5441.0,1440.0,670.9,0.0,46332.0,31912.0,1.7994927246028567,200.0,2199.865,1.11,9309.5,14600.0,1903.4,0.6,736304.0,706104.0,1.9163961038961042,200.0,2200.0,1.835,47904.5,2560.0,9737.5,0.7,941412.0,925308.0,1.3689780324737342,200.0,2199.9325,2.18,2810.5,2040.0,888.5,0.0,46332.0,31924.0,1.9122790142931343,200.0,2199.865,1.1,10897.0,15480.0,2842.5,0.6,736216.0,705060.0,1.8032786885245902,200.0,2200.0,2.58,23327.0,4520.0,5410.799999999998,0.7,982472.0,965728.0,1.8164406240050937,200.0,2199.9325,2.185,3047.0,2240.0,477.0,0.0,46332.0,31920.0,1.908328088944829,200.0,2199.865,1.08,11926.0,14440.0,2347.9,0.6,736184.0,706648.0,1.7704918032786885,200.0,2199.9325,2.385,26843.5,4640.0,7017.700000000002,0.7,983248.0,966520.0,1.706271887933779,200.0,2199.865,2.165,3223.0,2320.0,601.9,0.0,46332.0,31912.0,1.89108835364342,5.572294114998731,5.648608517836723,5.64748264149097,5.6803089492502785,5.627638727440248,5.565439084060958,5.4968191878613695,5.49871305273283,5.46267047583588,5.468482563127892,5.398814254053796,5.351718664320983,5.047080051713055
200.0,2199.865,1.035,6857.5,11480.0,1550.9,0.6,736448.0,706640.0,1.757693413862525,200.0,2200.0,2.705,21169.0,2520.0,4782.0999999999985,0.7,942320.0,926088.0,1.880178287169691,200.0,2199.865,2.035,6097.0,1360.0,692.7,0.0,46332.0,31912.0,1.7852182444260625,200.0,2199.865,1.015,7244.0,11080.0,1612.1999999999996,0.6,736492.0,706292.0,1.7304625199362045,200.0,2199.9325,2.71,20959.5,2480.0,5045.7,0.7,941412.0,925308.0,1.8830436166825848,200.0,2199.9325,2.175,2827.0,2720.0,907.9,0.0,46332.0,31924.0,1.9078947368421053,200.0,2199.9325,1.0699999999999998,9901.0,14960.0,2501.0,0.6,739416.0,705592.0,1.8213977566867992,193.3,2199.9325,2.75,18953.0,3720.0,4090.6,0.7,942320.0,926092.0,1.9043871378541863,200.0,2199.865,2.185,3010.0,2320.0,465.4,0.0,46332.0,31920.0,1.9166843006367469,200.0,2199.865,1.0699999999999998,11727.0,13600.0,2275.8,0.6,736336.0,706648.0,1.821972965199885,200.0,2199.9325,2.79,19107.0,5080.0,4832.0,0.7,941544.0,925308.0,1.9415218083412924,200.0,2200.0,2.165,3204.5,2240.0,609.1999999999998,0.0,46332.0,31912.0,1.8992170517284497,5.481712689628498,5.486376557966987,5.529826408592085,5.577298390427228,5.531574800121176,5.535481610157016,5.458142870643028,5.42822755223173,5.409803476719203,5.420354082465656,5.3540766811404765,5.305413003770381,5.006063601486911
200.0,2199.9325,1.78,52865.5,20880.0,11053.1,0.2,179460.0,154356.0,1.5696090701612309,187.5,2200.0,1.895,27049.5,2440.0,7053.8,0.7,959992.0,954344.0,1.783357374684457,193.8,2199.9325,1.375,4729.0,800.0,1538.0,0.6,838568.0,773088.0,1.8211286603141452,200.0,2199.9325,1.78,54370.0,17200.0,10608.3,0.2,179452.0,154356.0,1.562345088223024,193.3,2199.9325,1.9,26783.0,2600.0,5931.5,0.7,960044.0,954400.0,1.7865128020194736,193.8,2200.0,1.46,3140.0,2080.0,884.5,0.6,838568.0,773076.0,1.9263803680981595,200.0,2199.865,1.755,55351.0,16520.0,10570.7,0.2,179436.0,154356.0,1.5341480772534295,200.0,2199.865,2.015,26410.0,3760.0,5312.1,0.7,959648.0,954380.0,1.8947890371438876,200.0,2200.0,1.455,3236.5,2520.0,568.9,0.6,838564.0,771252.0,1.9202453987730064,200.0,2199.9325,1.76,56014.0,16360.0,11117.0,0.2,179436.0,155768.0,1.5339762938967827,200.0,2199.9325,2.02,25472.0,5160.0,4940.3,0.7,960044.0,954392.0,1.902271907681212,200.0,2199.9325,1.47,3041.0,2400.0,1177.1999999999996,0.6,838568.0,773420.0,1.9386503067484664,5.577775361454715,5.4001976055958485,5.578025678817152,5.380865842853207,5.502735281687674,5.366595554011761,5.323351173677587,5.30558193735784,5.287906958093039,5.019533076894293,5.779259249655455,5.461012134758941,5.1914503022256895
200.0,2199.9325,1.77,57364.5,20520.0,11754.3,0.2,179716.0,154432.0,1.6975432587255654,200.0,2199.865,1.875,26691.5,2280.0,6937.6,0.7,959212.0,953584.0,2.180540827147402,200.0,2200.0,1.365,4673.0,1320.0,1506.6,0.6,838568.0,776976.0,1.8138954557394276,200.0,2199.865,1.77,58176.0,15040.0,11113.4,0.2,179700.0,154432.0,1.6925530030118705,200.0,2200.0,1.89,26760.0,2400.0,6052.799999999998,0.7,958684.0,953640.0,2.198833510074232,200.0,2199.9325,1.465,3147.0,2360.0,892.9,0.6,838568.0,776968.0,1.938271604938272,200.0,2199.9325,1.78,60485.0,17960.0,11010.5,0.2,179692.0,154432.0,1.704511899840548,193.8,2200.0,2.015,26057.5,3960.0,5186.4000000000015,0.7,970140.0,964828.0,2.34398197242842,193.8,2199.865,1.45,3256.0,2160.0,581.3,0.6,838564.0,777188.0,1.9197530864197527,200.0,2199.865,1.805,61178.0,16480.0,11677.4,0.2,179668.0,155848.0,1.7518750369101754,200.0,2199.9325,2.035,25322.5,5160.0,4916.6,0.7,970156.0,964844.0,2.3677094379639447,200.0,2200.0,1.465,3050.0,2160.0,1166.4,0.6,838568.0,777308.0,1.938271604938272,5.438717339085648,6.096658944812303,5.474470354724351,5.9778592123629295,5.461773065646693,5.967414274641629,5.88665848802164,5.837878000216763,5.793566504520245,4.994568586610109,6.3871334180386885,5.211284103347916,5.603759765168389
200.0,2199.9325,1.855,58356.0,20080.0,12000.8,0.2,180556.0,154552.0,1.7082339996332294,200.0,2200.0,1.185,34096.0,2440.0,6128.1,1.0,1426276.0,1420408.0,1.6045568039950062,200.0,2199.9325,1.385,4653.5,680.0,1572.0,0.6,838568.0,779352.0,1.8315945053034253,200.0,2199.9325,1.845,59099.5,18400.0,11403.3,0.2,180540.0,154548.0,1.693196405648267,200.0,2199.9325,1.1800000000000002,33957.5,2240.0,5966.200000000002,1.0,1426328.0,1420432.0,1.5952975447357467,200.0,2200.0,1.455,3201.5,2360.0,913.0,0.6,838568.0,779608.0,1.918883672404799,200.0,2199.9325,1.835,59474.0,16720.0,11665.5,0.2,180540.0,154544.0,1.6902622409682744,193.8,2200.0,1.255,32589.5,3400.0,6040.1,1.0,1426884.0,1420732.0,1.7159800249687889,200.0,2200.0,1.4449999999999998,3299.0,2320.0,606.5,0.6,838564.0,779564.0,1.9065379933924531,200.0,2199.865,1.86,59907.0,18200.0,11492.4,0.2,180508.0,155952.0,1.711718320190721,200.0,2199.9325,1.385,32062.5,5440.0,6260.799999999998,1.0,1426328.0,1420496.0,1.9130253849354968,200.0,2200.0,1.46,3121.0,1920.0,1164.8,0.6,838568.0,779948.0,1.925056511910972,6.156714215758447,5.213619820042246,6.305870644128469,5.119048948113481,5.811645679164486,5.05067705896998,5.1313195584619145,5.110109124970777,4.968200038795539,5.514895734981412,4.918558085929031,5.236685632883778,4.848195694937507
193.8,2199.9325,2.495,47554.5,15720.0,11004.1,0.2,271764.0,252332.0,1.8240141101073069,200.0,2199.9325,0.74,22641.5,3280.0,3533.4,0.7,1024788.0,997616.0,1.3238607270865337,193.3,2200.0,1.885,1409.0,1000.0,80.6,0.0,174560.0,48108.0,1.945993031358885,193.8,2199.9325,2.465,47893.5,16320.0,10729.5,0.2,271764.0,252332.0,1.8002369636341604,200.0,2199.9325,0.72,19497.0,2560.0,3127.600000000001,0.7,1024788.0,997544.0,1.2921146953405018,200.0,2200.0,1.925,381.0,1880.0,110.6,0.0,174560.0,48108.0,1.9849738675958188,200.0,2200.0,2.475,48713.0,19160.0,10102.8,0.2,271764.0,252340.0,1.808019064801476,200.0,2199.9325,0.8999999999999999,15021.5,3200.0,3406.4,0.7,1025712.0,998412.0,1.605990783410138,200.0,2200.0,1.93,334.0,1360.0,31.4,0.0,174560.0,48108.0,1.9894381533101044,200.0,2199.865,2.47,48689.0,13600.0,10203.6,0.2,271764.0,252332.0,1.804558857189019,200.0,2199.9325,0.915,14253.5,4160.0,3212.3,0.7,1026240.0,998936.0,1.6382488479262671,193.8,2199.9325,1.925,582.0,1560.0,46.6,0.0,174560.0,48108.0,1.9849738675958188,5.500878885516967,5.521646381615295,5.435464056607974,5.521072177887678,5.478712022921396,5.446226779192821,5.561437572604013,5.4196314445433185,5.574835618747893,5.593148754914168,5.619308196103882,5.486532760758835,5.231878720336312
200.0,2200.0,2.51,52464.0,19760.0,9790.3,0.2,272180.0,253388.0,1.8359322033898304,200.0,2200.0,0.7949999999999999,16122.0,1840.0,2675.5,0.8,1039836.0,1012664.0,1.4016434680529932,200.0,2199.9325,1.88,1322.5,880.0,89.30000000000003,0.0,174560.0,48108.0,1.9431620209059235,200.0,2199.9325,2.5,49633.0,19440.0,9382.3,0.2,272180.0,253388.0,1.8303728813559323,193.8,2199.865,0.74,23761.5,3000.0,4187.5,0.8,1038648.0,1011352.0,1.3044608418581252,200.0,2199.9325,1.925,381.5,1520.0,132.9,0.0,174560.0,48108.0,1.9849738675958188,200.0,2199.865,2.5,52423.0,13880.0,8994.0,0.2,272180.0,253396.0,1.8291525423728812,200.0,2199.9325,0.885,14632.0,3120.0,3360.0,0.8,1049472.0,1022436.0,1.558611437196042,200.0,2199.9325,1.93,355.5,1400.0,32.8,0.0,174560.0,48108.0,1.9894381533101044,200.0,2199.9325,2.49,50993.5,13200.0,9048.4,0.2,272180.0,253388.0,1.8235932203389833,200.0,2199.9325,0.885,15775.5,5280.0,2609.1,0.8,1050528.0,1023224.0,1.5548381687070267,200.0,2199.9325,1.92,583.0,1360.0,50.7,0.0,174560.0,48108.0,1.9805095818815333,5.547745165813358,5.3051054734550345,5.403741738392284,5.582008496361797,5.430598681571753,5.439663876273913,5.629717595377149,5.472553172725637,5.599432706099507,5.5970000639432165,5.560540940020549,5.556416765884834,5.258493685415047
200.0,2199.9325,2.49,48385.0,18160.0,10032.4,0.2,272312.0,253652.0,1.852310484433896,200.0,2199.9325,0.75,19956.5,3080.0,2851.600000000001,0.8,1050528.0,1023224.0,1.361406593406593,200.0,2199.9325,1.885,1378.0,760.0,82.2,0.0,174560.0,48108.0,1.956273346517249,200.0,2199.9325,2.42,49381.5,16960.0,9475.7,0.2,272312.0,253652.0,1.7944297082228116,200.0,2199.9325,0.71,15821.5,3040.0,2537.9,0.8,1050528.0,1023232.0,1.2914285714285714,200.0,2200.0,1.915,393.5,1640.0,137.39999999999998,0.0,174560.0,48108.0,1.9848934300153809,200.0,2200.0,2.44,50974.5,16840.0,8953.6,0.2,272312.0,253660.0,1.8088231188049697,200.0,2199.9325,0.8699999999999999,16024.5,3920.0,3374.2,0.8,1050528.0,1023228.0,1.5713406593406591,200.0,2200.0,1.915,343.5,1600.0,20.3,0.0,174560.0,48108.0,1.9848934300153809,200.0,2200.0,2.415,50967.5,19000.0,9001.1,0.2,272312.0,253652.0,1.7909814323607427,200.0,2199.9325,0.8600000000000001,18018.5,6560.0,2827.2,0.8,1050528.0,1023224.0,1.5583296703296703,200.0,2200.0,1.915,574.0,1480.0,42.6,0.0,174560.0,48108.0,1.9848934300153809,5.435114676734762,5.500263693080743,5.487807851347225,5.492008545790888,5.559765875305248,5.586125519425683,5.528497619491751,5.549453682895052,5.571202246501721,5.593593055842998,5.556543335426519,5.4853255561765994,5.113094374764142
200.0,2199.9325,2.54,49919.5,16400.0,8695.0,0.2,272312.0,253652.0,1.9032354405176704,200.0,2200.0,0.785,16706.0,2840.0,3334.4,0.8,1050528.0,1023224.0,1.4109565217391309,200.0,2199.9325,1.905,1370.0,720.0,98.2,0.0,174560.0,48108.0,1.9698676583178387,200.0,2199.9325,2.535,49715.5,16680.0,8425.9,0.2,272312.0,253652.0,1.900348432055749,200.0,2199.9325,0.7150000000000001,15918.5,2120.0,2548.7,0.8,1050528.0,1023232.0,1.296086956521739,200.0,2199.9325,1.915,376.5,1520.0,117.6,0.0,174560.0,48108.0,1.9804495242261841,200.0,2199.9325,2.55,51177.5,15800.0,7930.3,0.2,272312.0,253660.0,1.9119960179193627,200.0,2199.9325,0.845,17797.5,4120.0,2870.5,0.8,1050528.0,1023228.0,1.5213043478260868,193.8,2199.9325,1.925,347.5,1680.0,32.7,0.0,174560.0,48108.0,1.9894181340916548,200.0,2199.9325,2.515,52627.0,8240.0,8432.699999999999,0.2,272312.0,253652.0,1.8870084619213536,200.0,2199.9325,0.865,21884.5,7320.0,3800.3,0.8,1050528.0,1023224.0,1.5647826086956522,200.0,2199.9325,1.915,567.5,1720.0,46.1,0.0,174560.0,48108.0,1.9804495242261841,5.453378839710441,5.617472881683429,5.61821856354923,5.4545596262565565,5.641337478907793,5.543720172268271,5.482668418160415,5.565034284111049,5.508175431591972,5.4946733913239685,5.5595284063811015,5.488916259111376,5.193322374319197
200.0,2199.9325,0.96,2711.5,11120.0,980.9,0.30000000000000004,400356.0,374304.0,1.9532163742690056,200.0,2199.9325,1.88,12846.0,2560.0,3037.6,0.8999999999999999,1696596.0,1091232.0,2.166869893915376,200.0,2199.9325,1.51,2436.0,1280.0,586.7,0.0,164688.0,50124.0,1.981707317073171,200.0,2199.9325,0.96,2738.0,12080.0,560.4,0.30000000000000004,400364.0,374224.0,1.9532163742690056,200.0,2200.0,1.77,13217.0,2400.0,3083.100000000001,0.8999999999999999,1696596.0,1093340.0,2.0085965126204117,193.8,2199.9325,1.52,1358.0,1720.0,283.9,0.0,164688.0,50192.0,1.9948970766303409,200.0,2199.865,0.955,3119.0,10400.0,518.8,0.30000000000000004,400356.0,375028.0,1.9456975772765248,200.0,2200.0,1.855,13200.5,240.0,3100.5,0.8999999999999999,1696596.0,1091160.0,2.1131569320814543,200.0,2199.9325,1.515,793.0,1560.0,89.1,0.0,164688.0,50124.0,1.9878048780487805,200.0,2199.865,0.95,3642.0,10080.0,1024.9,0.30000000000000004,400348.0,373548.0,1.9381787802840436,193.8,2200.0,1.865,18127.5,5280.0,4317.1,0.8999999999999999,1696596.0,1093280.0,2.1186745518839167,200.0,2199.9325,1.515,891.0,1440.0,82.4,0.0,164688.0,50124.0,1.9878048780487805,6.166137476944217,6.081444308167027,6.109927039472066,6.118767603602299,6.146875022213812,5.8085686513650225,5.571807336775047,5.695911773565295,6.0563401147281,5.997424657693397,6.033498360219842,5.846477669648558,5.620607085371746
193.8,2199.865,0.8699999999999999,3124.5,14560.0,798.0,0.30000000000000004,402028.0,375436.0,1.942391899288451,193.3,2200.0,1.42,21993.5,2760.0,4640.200000000002,1.2,1696596.0,1499896.0,1.681421940450583,200.0,2199.865,1.51,2563.5,1560.0,600.6,0.0,164832.0,50296.0,1.981707317073171,200.0,2199.865,0.8699999999999999,3222.0,9120.0,605.1,0.30000000000000004,402028.0,375352.0,1.942391899288451,193.3,2199.865,1.39,22127.0,3840.0,4603.4,1.2999999999999998,1696596.0,1665792.0,1.6392316691195896,200.0,2199.9325,1.52,1284.0,2120.0,215.9,0.0,164832.0,50364.0,1.9948970766303409,193.8,2199.865,0.865,3517.0,8000.0,605.5,0.30000000000000004,402028.0,376160.0,1.9337712096332789,200.0,2199.9325,1.465,17319.5,4960.0,4397.5,1.2999999999999998,1696596.0,1665732.0,1.7262160836257974,200.0,2199.9325,1.515,853.5,2040.0,99.1,0.0,164832.0,50296.0,1.9878048780487805,200.0,2199.9325,0.865,3852.5,9680.0,831.9,0.30000000000000004,405068.0,374680.0,1.9337712096332789,200.0,2200.0,1.545,22089.0,7840.0,4052.8,1.2999999999999998,1696596.0,1665732.0,1.8214649609419225,200.0,2199.865,1.52,928.5,1920.0,72.2,0.0,164832.0,50296.0,1.9939024390243905,5.783320901651837,5.796180397773771,5.874492202726501,5.853830914188832,5.885289354307161,5.584677693271273,5.572838013254082,5.534419257133749,5.719731776055466,5.660755311906588,5.631650176669276,5.4997495460354475,5.356168625207563
200.0,2199.9325,0.945,4237.5,13680.0,867.5,0.30000000000000004,402140.0,375492.0,1.8760553866936849,193.8,2199.9325,1.39,43881.0,2200.0,9514.0,1.2999999999999998,1696596.0,1665796.0,1.668472886920065,200.0,2199.9325,1.5,3399.5,1000.0,627.8000000000002,0.0,164832.0,50296.0,1.9685175575160008,200.0,2199.865,0.93,4360.5,16760.0,653.0999999999998,0.30000000000000004,402140.0,375408.0,1.854778790949004,200.0,2200.0,1.385,43377.0,2440.0,8515.8,1.2999999999999998,1696596.0,1665792.0,1.6681960210418068,200.0,2200.0,1.52,1299.5,1800.0,209.6,0.0,164832.0,50364.0,1.9948970766303409,193.3,2199.865,0.8999999999999999,5084.5,13720.0,658.9000000000002,0.30000000000000004,402124.0,376216.0,1.812225599459642,193.8,2200.0,1.33,40423.5,5320.0,8931.7,1.2999999999999998,1696596.0,1665732.0,1.6332713681129614,200.0,2199.9325,1.515,855.5,1720.0,97.2,0.0,164832.0,50296.0,1.9878048780487805,200.0,2199.9325,0.8899999999999999,5501.0,11360.0,1011.7,0.30000000000000004,402116.0,374740.0,1.798041202296521,193.8,2200.0,1.36,38816.0,8840.0,8199.0,1.2999999999999998,1696596.0,1665732.0,1.6692639322865166,200.0,2199.9325,1.525,945.0,1720.0,84.4,0.0,164832.0,50296.0,2.00099463760595,5.561453719599442,5.5757164396270635,5.597779312024996,5.605412899811255,5.623950571102731,5.793205853435718,5.654083331027127,5.578405327304058,5.5170262031746296,5.461505484849503,5.410171476068685,5.3098489574422185,5.055671881923581
200.0,2199.9325,0.885,2984.0,11680.0,821.2,0.30000000000000004,402772.0,375564.0,1.9513048157115955,200.0,2200.0,1.415,24573.0,2280.0,7117.1,1.2999999999999998,1696596.0,1665876.0,1.7007482273671015,200.0,2199.9325,1.51,2696.0,1440.0,594.6,0.0,164832.0,50296.0,1.981707317073171,200.0,2199.865,0.8899999999999999,3022.0,12440.0,620.2,0.30000000000000004,402764.0,375480.0,1.959779391982782,200.0,2200.0,1.425,23092.0,3440.0,5300.9,1.2999999999999998,1696596.0,1665940.0,1.7135973674932423,200.0,2199.9325,1.52,1257.5,1800.0,208.8,0.0,164832.0,50364.0,1.9948970766303409,193.3,2199.865,0.885,3676.5,12120.0,728.5,0.30000000000000004,402724.0,376280.0,1.9513048157115955,193.8,2199.9325,1.465,19614.0,3640.0,4108.8,1.2999999999999998,1696596.0,1665872.0,1.7794883848474168,200.0,2200.0,1.515,846.0,1960.0,91.6,0.0,164832.0,50296.0,1.9878048780487805,200.0,2199.865,0.875,4104.0,9040.0,1047.8,0.30000000000000004,402696.0,374868.0,1.9343556631692225,200.0,2199.9325,1.525,25780.0,7080.0,4863.9,1.2999999999999998,1696596.0,1665880.0,1.833392094644886,200.0,2200.0,1.52,930.5,1760.0,91.5,0.0,164832.0,50296.0,1.9939024390243905,5.856519183505231,5.904296766472646,5.930607219652962,5.895051985439867,5.910904924136215,5.636130263070396,5.590528200420069,5.6089375046872325,5.896951776425391,5.895829339827891,5.77878844249255,5.727944494419148,5.383173193538563
200.0,2199.865,0.955,5208.5,15080.0,1093.2,0.30000000000000004,403012.0,375592.0,1.9241363211951443,200.0,2200.0,1.345,37772.5,3320.0,9638.2,1.2999999999999998,1696596.0,1665876.0,1.6366336633663368,200.0,2199.9325,1.5,3143.5,1200.0,625.3,0.0,164832.0,50296.0,1.9685175575160008,200.0,2199.865,0.945,5461.0,15840.0,815.2,0.30000000000000004,403012.0,375508.0,1.9094304388422036,193.8,2200.0,1.36,35958.0,2360.0,7536.799999999998,1.2999999999999998,1696596.0,1665940.0,1.6484356435643566,200.0,2199.9325,1.52,1282.5,1320.0,201.5,0.0,164832.0,50364.0,1.9948970766303409,200.0,2199.9325,0.935,6265.0,11240.0,707.5,0.30000000000000004,402988.0,376308.0,1.8947245564892623,200.0,2200.0,1.52,16074.5,5000.0,3238.6,1.2999999999999998,1696596.0,1665872.0,1.8739405940594056,200.0,2199.865,1.515,858.5,1560.0,102.0,0.0,164832.0,50296.0,1.9878048780487805,200.0,2199.9325,0.92,7324.0,12360.0,1124.9,0.30000000000000004,402988.0,374832.0,1.8726657329598504,200.0,2200.0,1.535,21049.0,5160.0,4114.8,1.2999999999999998,1696596.0,1665880.0,1.8491485148514848,193.8,2200.0,1.52,957.0,1440.0,85.8,0.0,164832.0,50296.0,1.9939024390243905,5.80151679910679,5.8144511073366,5.8101981632687245,5.773633984447839,5.7969772022489705,5.556203350388452,5.554149937926911,5.579212655133413,5.7429801327941234,5.656260961472246,5.548437469038972,5.4690042105870775,5.4252029976926766
200.0,2199.9325,0.845,17523.5,19640.0,3624.5,0.30000000000000004,403444.0,375696.0,1.572328244274809,200.0,2199.9325,1.38,44470.0,2400.0,9592.6,1.2999999999999998,1696596.0,1665876.0,1.6689795918367347,200.0,2199.9325,1.5,3505.5,1200.0,617.6,0.0,164832.0,50296.0,1.9685175575160008,200.0,2199.9325,0.8400000000000001,17105.0,15600.0,2735.6,0.30000000000000004,403436.0,375612.0,1.554961832061069,200.0,2200.0,1.375,43947.0,2680.0,8617.4,1.2999999999999998,1696596.0,1665940.0,1.6725714285714286,200.0,2199.9325,1.52,1318.5,2040.0,220.8,0.0,164832.0,50364.0,1.9948970766303409,200.0,2199.9325,0.8250000000000001,19620.0,16040.0,3244.2,0.30000000000000004,403420.0,376404.0,1.5271946564885497,200.0,2200.0,1.4700000000000002,28261.0,1360.0,5607.9,1.2999999999999998,1696596.0,1665872.0,1.8158775510204084,200.0,2199.9325,1.515,861.5,2000.0,94.6,0.0,164832.0,50296.0,1.9878048780487805,200.0,2200.0,0.8200000000000001,20977.0,17680.0,4758.5,0.30000000000000004,403420.0,374928.0,1.51956106870229,200.0,2200.0,1.46,17347.5,600.0,3554.2000000000007,1.2999999999999998,1696596.0,1665880.0,1.8085714285714287,193.8,2200.0,1.52,949.5,1960.0,89.5,0.0,164832.0,50296.0,1.9939024390243905,5.46567206920005,5.464533066848039,5.467499861459338,5.526458834101504,5.526104301635009,5.096628702300862,5.342880459066111,5.329410309887698,5.312039338245073,5.316709068732688,5.216033729894862,5.452973440130101,5.182707159385816
200.0,2199.9325,0.8500000000000001,17836.5,16400.0,3549.7,0.30000000000000004,403588.0,375716.0,1.5799618320610689,200.0,2200.0,1.51,39432.0,2400.0,8887.6,1.2999999999999998,1696596.0,1665876.0,1.7844871245471192,200.0,2200.0,1.5,3240.5,1360.0,613.4,0.0,164832.0,50296.0,1.9685175575160008,200.0,2199.865,0.8499999999999999,18518.0,14360.0,2840.0,0.30000000000000004,403588.0,375632.0,1.575095419847328,200.0,2199.9325,1.515,38868.5,2440.0,8264.8,1.2999999999999998,1696596.0,1665940.0,1.7920059215396005,200.0,2200.0,1.52,1295.5,1600.0,201.9,0.0,164832.0,50364.0,1.9948970766303409,200.0,2199.865,0.8200000000000001,18870.5,15560.0,3147.0,0.30000000000000004,403540.0,376436.0,1.51956106870229,200.0,2200.0,1.385,38287.0,3840.0,7950.5,1.2999999999999998,1696596.0,1665872.0,1.6666406950017532,200.0,2199.9325,1.515,879.5,2120.0,91.3,0.0,164832.0,50296.0,1.9878048780487805,200.0,2199.865,0.8200000000000001,20445.0,15120.0,4507.5,0.30000000000000004,403532.0,374956.0,1.5244274809160308,193.3,2199.9325,1.525,14773.0,7360.0,3739.6,1.2999999999999998,1696596.0,1665880.0,1.8654797615801157,200.0,2200.0,1.52,953.0,1840.0,79.9,0.0,164832.0,50296.0,1.9939024390243905,5.307564396851155,5.359251897440831,5.353554772388881,5.407084886649605,5.450540069069881,5.113121879672413,5.349371645194588,5.356096648097983,5.2643268225691395,5.248821433795621,4.9710880041529855,5.235670758091212,5.241082270448024
200.0,2199.9325,1.76,4386.0,12760.0,643.9,0.2,234560.0,209824.0,1.9153199741435036,200.0,2199.9325,1.495,29891.0,2080.0,5172.4000000000015,0.7,1004712.0,992320.0,1.7444317036728167,200.0,2199.9325,1.86,2061.5,1240.0,908.8,0.0,21824.0,7644.0,1.9244093593820992,200.0,2199.865,1.755,4842.5,13840.0,799.5999999999998,0.2,234556.0,208268.0,1.9111182934712343,200.0,2199.9325,1.49,29632.0,2720.0,5513.700000000002,0.7,1004140.0,992060.0,1.7434935195802497,193.8,2200.0,1.92,788.0,1280.0,42.0,0.0,21824.0,7888.0,1.9758064516129032,200.0,2199.865,1.765,5717.5,12440.0,941.0,0.2,234556.0,208272.0,1.9160310277957333,200.0,2199.9325,1.59,27215.0,2880.0,5173.1,0.7,1004140.0,992056.0,1.865457451614024,200.0,2200.0,1.94,507.0,2280.0,242.6,0.0,21824.0,7896.0,1.991935483870968,200.0,2200.0,1.745,7431.5,12000.0,1409.7,0.2,234540.0,208264.0,1.8922430510665804,200.0,2200.0,1.61,26719.5,5080.0,5083.7,0.7,1004140.0,992060.0,1.8936724695090168,200.0,2199.865,1.885,912.0,2000.0,697.5,0.0,21824.0,7896.0,1.9554655870445343,5.790244523758728,5.854123453331917,5.6674274189380585,5.9352754616952135,5.77306729872115,5.609438990519877,5.694907956456884,5.5305932500353086,5.692885650728946,5.501250563285914,5.5677448736167525,5.4809284050556935,5.441558669135162
193.8,2199.9325,1.765,4446.0,13560.0,667.6,0.2,237812.0,212808.0,1.9169038685470308,200.0,2200.0,1.665,28993.5,3040.0,5200.5999999999985,0.7,1004140.0,992060.0,2.1658714213962837,200.0,2199.9325,1.7799999999999998,2501.0,1040.0,1031.0,0.0,21824.0,7896.0,1.9267241379310345,200.0,2199.9325,1.7599999999999998,4805.0,14040.0,767.0,0.2,237808.0,211252.0,1.9126665804114371,200.0,2199.9325,1.67,30492.0,2920.0,5712.2,0.7,1004140.0,992060.0,2.1611418047882136,200.0,2200.0,1.83,1053.0,1560.0,177.60000000000005,0.0,21824.0,7888.0,1.972609439960871,200.0,2199.9325,1.75,5840.5,14400.0,907.3,0.2,237660.0,210992.0,1.904192004140251,200.0,2200.0,1.54,29136.5,3600.0,5623.0999999999985,0.7,1004140.0,992056.0,1.951866733634689,200.0,2199.9325,1.83,920.0,2480.0,382.2000000000001,0.0,21824.0,7896.0,1.9698275862068968,200.0,2199.9325,1.745,7295.0,11360.0,1398.0,0.2,237512.0,210980.0,1.8965584163539917,200.0,2199.9325,1.515,26588.5,6520.0,5119.3,0.7,1004140.0,992060.0,1.9262933199397287,200.0,2200.0,1.815,1178.5,2200.0,767.8,0.0,21824.0,7896.0,1.9610389610389607,5.6875190793550034,5.888246479466653,5.591931937657784,5.605398499008074,5.7673455810002885,5.495039512182863,5.57579786884316,5.54100790513834,5.740406575721919,5.564779113226319,5.571968548498035,5.421872470289941,5.019668977361843
200.0,2200.0,1.74,4360.5,14520.0,682.4,0.2,238424.0,213344.0,1.9031346434952088,200.0,2199.865,1.465,28836.0,1920.0,4845.0999999999985,0.7,1004140.0,992060.0,1.692693265155083,193.8,2200.0,1.7399999999999998,2655.0,1160.0,1066.0,0.0,21824.0,7896.0,1.8961038961038958,200.0,2200.0,1.7200000000000002,4872.5,13120.0,800.5,0.2,238412.0,211784.0,1.8827350982621405,193.3,2200.0,1.5550000000000002,29223.5,2480.0,5404.4,0.7,1004140.0,992060.0,1.7967772320527486,200.0,2200.0,1.81,1098.5,1600.0,167.5,0.0,21824.0,7888.0,1.9594731509625127,200.0,2199.865,1.715,5689.0,12520.0,897.2,0.2,238412.0,211788.0,1.878479779113204,200.0,2199.9325,1.695,27149.0,3600.0,5181.7,0.7,1004140.0,992056.0,1.9633317634394132,200.0,2199.9325,1.825,867.0,2720.0,367.2000000000001,0.0,21824.0,7896.0,1.9696969696969695,200.0,2199.9325,1.6949999999999998,6862.0,11080.0,1398.2,0.2,238396.0,211780.0,1.8479454279681664,200.0,2199.865,1.68,26182.5,5160.0,4999.0,0.7,1004140.0,992060.0,1.9494382022471908,200.0,2199.9325,1.805,1210.5,1920.0,765.6,0.0,21824.0,7896.0,1.9649122807017545,5.877391641482372,5.659854041323907,5.726952904388098,5.514623086770059,5.591091648452389,5.741460589420887,5.692599002202302,5.617108703027792,5.545613396970109,5.496805891149959,5.469395142265167,5.53053374905028,5.193273777876171
193.3,2199.9325,1.745,4000.0,18200.0,685.2,0.2,239752.0,214676.0,1.908800155068812,200.0,2199.9325,1.52,29649.0,2320.0,4997.5999999999985,0.7,1004140.0,992060.0,1.8205128205128205,200.0,2200.0,1.725,2757.5,1400.0,1080.3000000000004,0.0,21824.0,7896.0,1.890829694323144,200.0,2199.9325,1.725,4312.0,15320.0,810.9000000000002,0.2,239732.0,213120.0,1.8883504555146344,200.0,2199.9325,1.535,28790.5,3120.0,5249.9,0.7,1004140.0,992060.0,1.8448426573426568,200.0,2199.9325,1.81,1093.5,1600.0,183.3,0.0,21824.0,7888.0,1.9677908885378919,200.0,2199.9325,1.745,4800.5,13520.0,740.8,0.2,239732.0,212860.0,1.905666472830652,200.0,2200.0,1.72,27837.0,4160.0,5321.5,0.7,1004140.0,992056.0,2.0747377622377625,200.0,2200.0,1.805,974.5,2440.0,395.5,0.0,21824.0,7896.0,1.960698689956332,200.0,2199.865,1.725,5896.0,11640.0,1184.5,0.2,239600.0,212856.0,1.8758157265619952,200.0,2200.0,1.74,25983.0,4560.0,5062.9,0.7,1004140.0,992060.0,2.0989219114219106,200.0,2200.0,1.79,1258.5,2320.0,785.5999999999998,0.0,21824.0,7896.0,1.9393939393939397,5.992925358410318,5.894395609948406,5.844045512893046,5.616396101139113,5.723112027981932,5.592685566826144,5.731949092670474,5.720257924211349,5.661316972571485,5.7010045438468575,5.557866419450646,5.570054721407675,5.214217799345072
200.0,2200.0,0.8,7900.5,12400.0,1186.8,0.30000000000000004,395272.0,388712.0,1.8001867413632118,200.0,2200.0,0.99,12332.0,2760.0,1965.5,0.30000000000000004,371752.0,349512.0,1.5957254665863936,200.0,2199.9325,1.965,3466.0,1680.0,829.3000000000002,0.6,849436.0,779040.0,1.8743645606390704,200.0,2199.9325,0.7949999999999999,8127.0,10560.0,1257.6,0.30000000000000004,395268.0,388712.0,1.7917833800186742,200.0,2200.0,1.015,12538.0,2760.0,1738.3,0.30000000000000004,372936.0,350832.0,1.6383202889825408,193.3,2200.0,1.965,2718.0,2520.0,426.1,0.6,849432.0,778040.0,1.8833696441539576,200.0,2199.865,0.7849999999999999,8530.0,11200.0,1301.6,0.30000000000000004,395272.0,388712.0,1.7749766573295984,200.0,2199.865,1.085,10835.5,3560.0,1535.9,0.30000000000000004,379408.0,357172.0,1.764223359422035,200.0,2200.0,2.025,2423.5,2040.0,505.8,0.6,849436.0,779040.0,1.9349310094408128,200.0,2200.0,0.7749999999999999,8977.5,13360.0,1233.5,0.30000000000000004,395272.0,388712.0,1.7581699346405228,200.0,2200.0,1.105,10186.5,5280.0,1486.0,0.30000000000000004,382836.0,360600.0,1.8001956652618905,200.0,2199.9325,2.01,2554.5,2440.0,588.3,0.6,849440.0,779292.0,1.9254175744371824,5.5217786658287,5.5001586586103155,5.423158301893934,5.458195914720593,5.484233014625171,5.5102635577345636,5.470862487398007,5.487752747590476,5.500029692592236,5.4911796464872875,5.32635942551426,5.319984680633769,4.975867438190859
200.0,2199.865,0.745,15682.0,15160.0,2800.8,0.30000000000000004,395208.0,388732.0,1.49400826446281,200.0,2200.0,0.925,12655.5,2480.0,2059.6,0.30000000000000004,384952.0,362712.0,1.637362637362637,200.0,2199.865,1.915,3700.5,1440.0,800.6999999999998,0.6,849436.0,781404.0,1.862872994451941,193.8,2199.9325,0.74,16379.5,16520.0,3051.5,0.30000000000000004,395204.0,388732.0,1.4857438016528923,200.0,2199.9325,0.905,12610.5,2440.0,1730.6,0.30000000000000004,384948.0,362712.0,1.6089815696114909,200.0,2199.865,1.885,3034.0,2200.0,447.7000000000001,0.6,849432.0,780932.0,1.8407057529864548,200.0,2200.0,0.73,16755.5,13120.0,2987.1,0.30000000000000004,395208.0,388732.0,1.4607438016528924,200.0,2199.9325,0.95,10950.0,3760.0,1610.5,0.30000000000000004,384952.0,362716.0,1.7047676732716104,200.0,2200.0,1.97,2610.5,2480.0,523.6,0.6,849436.0,781668.0,1.9180286899585144,200.0,2199.9325,0.7050000000000001,17461.5,15840.0,3350.5,0.30000000000000004,395208.0,388732.0,1.4024793388429753,200.0,2199.9325,0.97,10203.5,5080.0,1579.9,0.30000000000000004,384948.0,362712.0,1.7424937267456952,200.0,2200.0,1.945,2811.0,2280.0,631.0,0.6,849440.0,781656.0,1.8999100314889787,5.108124807399483,5.101494469789799,5.062322931238999,5.070437610533813,5.118385976588399,5.0459720326735,5.0718906629808,5.0461166026373485,4.992324976779953,5.071679751042796,5.121196095783474,5.109481661493946,4.851801117558338
200.0,2200.0,0.735,15847.0,18360.0,2851.2,0.30000000000000004,395208.0,388732.0,1.3139802631578947,200.0,2199.9325,0.92,12910.0,1800.0,2041.8,0.30000000000000004,388492.0,366408.0,1.5176245210727968,200.0,2200.0,1.765,4562.0,1880.0,808.1,0.6,849436.0,785628.0,1.802840909090909,200.0,2199.865,0.73,16155.5,15440.0,3042.6,0.30000000000000004,395204.0,388732.0,1.3061677631578947,200.0,2200.0,0.945,11972.5,2320.0,1652.6999999999996,0.30000000000000004,390336.0,368256.0,1.5563218390804598,200.0,2200.0,1.79,4042.5,2120.0,725.8,0.6,851808.0,790700.0,1.8321699134199132,200.0,2199.9325,0.715,16733.0,15600.0,2976.4,0.30000000000000004,395208.0,388732.0,1.2773026315789475,200.0,2200.0,1.02,10809.0,3720.0,1519.9,0.30000000000000004,392188.0,370108.0,1.6850574712643678,200.0,2199.9325,1.89,6252.5,2440.0,1809.3,0.7,958784.0,869224.0,1.9398809523809524,200.0,2199.9325,0.69,17685.0,14200.0,3445.9,0.30000000000000004,395208.0,388732.0,1.2273848684210529,200.0,2200.0,1.045,10226.5,4680.0,1578.6,0.30000000000000004,392184.0,370104.0,1.7279693486590038,200.0,2199.9325,1.77,3995.5,2320.0,667.5,0.6,851816.0,790632.0,1.816774891774892,5.060324400165882,5.021701960173728,4.97297771500961,4.95421673738791,5.012537192189813,5.012269584514718,4.955159615678783,4.960134977583476,4.972288925575835,4.891922682871628,4.835299528650976,4.83301613175133,4.209715403014794
200.0,2199.865,1.61,7395.0,12920.0,1178.6,0.2,223276.0,218664.0,1.7660461239233125,200.0,2199.9325,1.045,13624.5,3040.0,1900.2,1.0,1345520.0,1309920.0,1.4934721869443741,200.0,2199.9325,1.4500000000000002,4846.0,1400.0,938.7,0.7,1029392.0,912836.0,1.910861554658712,200.0,2199.9325,1.66,6555.5,10800.0,878.4,0.2,223008.0,218400.0,1.8509142053445848,200.0,2200.0,1.155,9869.5,2040.0,2331.6,1.0,1345520.0,1309852.0,1.6411308709530323,200.0,2200.0,1.425,3116.0,2000.0,474.5,0.7,1029392.0,912612.0,1.8419715447154477,200.0,2199.9325,1.605,8012.0,13480.0,1182.2,0.2,223280.0,218668.0,1.7531953320366769,200.0,2200.0,1.15,15817.0,4080.0,2751.2000000000007,1.0,1345520.0,1309920.0,1.6417576835153669,200.0,2199.9325,1.4900000000000002,2897.5,2040.0,840.9,0.7,1029392.0,911816.0,1.9662221442358312,200.0,2200.0,1.6,8341.0,12840.0,1340.6999999999996,0.2,223144.0,218664.0,1.740344540150042,193.8,2199.865,1.27,10278.5,5000.0,2152.1,1.0,1345520.0,1309988.0,1.8136652273304548,200.0,2200.0,1.485,3185.0,1720.0,845.8,0.7,1029392.0,911756.0,1.9590278996315145,5.415928601062891,5.5574219657166735,5.495051677845652,5.499120418479171,5.410979233160268,5.518696538987343,5.574197372022907,5.473888351441888,5.437467882281628,5.400917382434039,5.420049813756477,5.325390229996207,4.9451202099469915
200.0,2199.9325,1.61,7762.5,13080.0,1219.5,0.2,223920.0,219448.0,1.7649871664146832,200.0,2200.0,1.045,14508.0,2840.0,1978.8,1.0,1345520.0,1309920.0,1.5264195163524024,193.8,2199.9325,1.495,5186.5,1320.0,1006.0,0.7,1029392.0,912836.0,1.8900834403080875,200.0,2199.9325,1.655,7176.5,15640.0,944.7,0.2,223568.0,218928.0,1.8496493278784336,200.0,2199.9325,1.125,11896.0,2560.0,1780.0,1.0,1345520.0,1309852.0,1.645333333333333,200.0,2200.0,1.455,3383.0,2840.0,466.1,0.7,1029392.0,912612.0,1.7084752691102332,200.0,2199.9325,1.585,8238.5,11360.0,1197.9,0.2,223832.0,219312.0,1.7356281424703774,200.0,2200.0,1.265,13146.5,6640.0,2271.8,1.0,1345520.0,1309920.0,1.8486736976669864,200.0,2199.865,1.655,3492.0,2840.0,1038.6,0.7,1029392.0,911816.0,2.0996469833119384,200.0,2199.9325,1.585,8550.5,11160.0,1339.7,0.2,223704.0,219192.0,1.7314088815442494,200.0,2199.9325,1.27,8952.5,4560.0,2230.7,1.0,1345520.0,1309988.0,1.8553851070629597,200.0,2199.9325,1.64,3885.5,2320.0,1007.8,0.7,1029392.0,911756.0,2.0803915275994864,5.3111847913493975,5.674981820011928,5.723269320576737,5.701616835404548,5.377455202872166,5.6472853301223,5.714119016307522,5.598468505322151,5.571462889774108,5.626628471535536,5.492360649457559,5.461613232256345,4.963133618625523
200.0,2199.9325,1.63,7212.5,14320.0,1119.3,0.2,227772.0,223424.0,1.767728324486185,200.0,2199.865,1.125,11773.5,2320.0,1992.0,1.0,1356620.0,1319316.0,1.6025641025641026,200.0,2199.9325,1.42,4580.5,1600.0,903.3,0.7,1029392.0,912836.0,1.6968235961429383,200.0,2199.9325,1.615,7950.5,13960.0,1099.9,0.2,227636.0,223160.0,1.79755538579068,200.0,2199.865,1.185,10842.5,1880.0,1824.4,1.0,1355252.0,1318336.0,1.6838742138364775,200.0,2199.9325,1.425,3132.0,2200.0,473.0,0.7,1029392.0,912612.0,1.872696964379716,200.0,2199.865,1.59,8126.5,13120.0,1165.9,0.2,227776.0,223428.0,1.718592622839254,200.0,2200.0,1.25,9808.0,4440.0,2279.3,1.0,1358668.0,1321020.0,1.7841880341880343,200.0,2200.0,1.485,2896.0,1840.0,836.3000000000002,0.7,1029392.0,911816.0,1.7726885989790133,200.0,2199.865,1.57,9023.5,12960.0,1476.6,0.2,227772.0,223424.0,1.6863345583231248,200.0,2199.9325,1.215,11482.5,5280.0,1672.3,1.0,1361012.0,1323184.0,1.7332112332112333,200.0,2200.0,1.485,3146.0,2200.0,890.9,0.7,1029392.0,911756.0,1.7726885989790133,5.482021078975638,5.227678201273638,5.286182930970692,5.328838700862066,5.343127657777057,5.224990539396654,5.2968761645099836,5.267883266913858,5.186465444683462,5.280478742785351,5.24022775216347,5.172246326195396,4.926486852398128
200.0,2199.9325,1.625,7470.5,11320.0,1182.7,0.2,229944.0,225536.0,1.751097602161432,200.0,2199.9325,1.12,14855.5,1920.0,2640.5,1.0,1367156.0,1328312.0,1.6192418300653597,193.8,2200.0,1.2000000000000002,4002.0,1080.0,777.8,0.7,1027176.0,910708.0,1.699889135254989,200.0,2200.0,1.635,7586.0,10880.0,1005.3,0.2,229940.0,225536.0,1.741908713692946,200.0,2200.0,1.1800000000000002,10499.0,2440.0,1853.5,1.0,1365580.0,1327020.0,1.6986173683392884,200.0,2199.865,1.265,2285.5,3280.0,351.4,0.7,1027176.0,910832.0,1.8510452961672472,200.0,2199.865,1.595,7716.5,13440.0,1086.2,0.2,229948.0,225540.0,1.7182033096926714,193.8,2199.9325,1.225,10158.0,6640.0,1519.5,1.0,1374200.0,1334044.0,1.7696732026143793,200.0,2199.9325,1.28,2281.5,2200.0,763.6,0.7,1027176.0,910160.0,1.839356984478936,193.8,2199.9325,1.5950000000000002,8327.5,13640.0,1367.3,0.2,229944.0,225536.0,1.7145221209050996,193.8,2199.9325,1.26,12275.5,5120.0,2362.6,1.0,1375920.0,1335556.0,1.819816993464052,200.0,2199.865,1.285,2369.0,2000.0,722.4,0.7,1027176.0,910052.0,1.851441241685144,5.301960372595242,5.422914367715919,5.341499865099914,5.5052144748387,5.417370444166688,5.574280815683666,5.515587355062797,5.584781774124001,5.466057455675576,5.404669201246571,5.479552701356052,5.210859128762605,4.561627100506026
200.0,2199.9325,1.66,7025.0,9760.0,1051.4,0.2,230764.0,226328.0,1.7547755102040816,200.0,2200.0,1.15,12566.5,2560.0,1995.1,1.0,1371552.0,1331980.0,1.3445373062015502,200.0,2199.9325,1.235,4067.5,1520.0,834.5,0.7,1027176.0,910708.0,1.7780036133694672,200.0,2199.9325,1.5750000000000002,8406.0,10400.0,1163.7,0.2,230352.0,226064.0,1.6858076563958917,200.0,2200.0,1.17,10547.0,3000.0,2407.2,1.0,1370176.0,1331048.0,1.6280678480053066,193.8,2200.0,1.29,2278.0,2320.0,325.1,0.7,1027176.0,910832.0,1.9020905923344948,200.0,2199.865,1.64,8325.0,10000.0,1183.7,0.2,230632.0,226332.0,1.7110204081632654,193.8,2199.9325,1.2200000000000002,13599.0,3480.0,2106.0,1.0,1375920.0,1335752.0,1.3761506782945738,200.0,2200.0,1.25,2272.5,2240.0,722.1,0.7,1027176.0,910160.0,1.7994579945799458,200.0,2199.9325,1.6349999999999998,8560.5,10160.0,1408.3,0.2,230628.0,226064.0,1.706938775510204,200.0,2199.9325,1.44,30910.5,4960.0,5857.0,1.0,1386652.0,1349108.0,1.5980196220930232,200.0,2200.0,1.25,2350.5,2280.0,678.3,0.7,1027176.0,910052.0,1.8026196928635956,5.385693675876691,4.94833340069815,5.031036523052059,4.885556871514125,5.479186241232419,4.878213552177347,4.7880294324897354,4.874233478966207,4.911588160515514,4.81426371857434,4.778252554115332,4.816387094624041,4.7322507456285665
200.0,2199.865,1.605,7758.5,13560.0,1189.0,0.2,233212.0,228704.0,1.6989889705882355,200.0,2199.865,1.085,20433.5,2560.0,3134.5,1.0,1386652.0,1349568.0,1.4211612903225808,200.0,2200.0,1.1800000000000002,4436.0,1320.0,813.2,0.7,1027176.0,910708.0,1.3937952291610831,200.0,2199.9325,1.645,6964.5,12000.0,915.9,0.2,232660.0,228176.0,1.667145550866481,200.0,2200.0,1.155,17144.5,1560.0,3109.7,1.0,1386652.0,1349016.0,1.5303721910112358,200.0,2199.9325,1.29,2282.0,2640.0,351.7,0.7,1027176.0,910832.0,1.6364535266974292,200.0,2199.9325,1.61,7425.5,10840.0,1077.6,0.2,232940.0,228444.0,1.6995798319327733,200.0,2200.0,1.425,48120.5,2600.0,9307.7,1.0,1391808.0,1356172.0,1.812989247311828,200.0,2200.0,1.24,2216.5,2000.0,702.0,0.7,1027176.0,910160.0,1.4603323505762533,200.0,2199.865,1.6149999999999998,7836.5,10520.0,1264.1,0.2,232804.0,228440.0,1.7073923319327733,193.8,2199.9325,1.47,45427.5,5640.0,7455.1,1.0,1396568.0,1360844.0,1.890236559139785,200.0,2200.0,1.25,2336.0,1920.0,665.7,0.7,1027176.0,910052.0,1.4713213615652643,5.049638848646431,4.950092840495151,5.059574009336531,5.0004016118415535,5.1075431000701235,4.979016062460509,5.0567796006830985,5.011465921241099,4.989124137576413,4.986106765242863,4.96992929549566,4.851203403898326,4.593410355956278
193.8,2199.9325,1.7400000000000002,6669.5,11240.0,1031.9,0.2,234256.0,229464.0,1.7894388815416589,200.0,2199.9325,1.43,66186.5,2080.0,10638.8,1.0,1391808.0,1356172.0,1.9826895418122048,200.0,2199.9325,1.19,4880.5,1320.0,865.6,0.7,1027176.0,910708.0,1.5533875338753391,200.0,2199.9325,1.64,7928.0,13800.0,1073.2,0.2,234252.0,229464.0,1.7284007352941178,200.0,2200.0,1.165,19248.0,2560.0,3520.0,1.0,1391808.0,1355116.0,1.51744136821607,200.0,2199.9325,1.275,2371.0,2320.0,356.4,0.7,1027176.0,910832.0,1.5996469833119384,200.0,2200.0,1.765,7248.5,10440.0,1063.2,0.2,234260.0,229468.0,1.8040493733862333,200.0,2199.9325,1.415,52956.5,6640.0,10145.5,1.0,1396568.0,1361040.0,1.9771419765769467,200.0,2200.0,1.35,3063.5,2240.0,1020.6,0.7,1031000.0,913292.0,1.7878048780487807,200.0,2199.9325,1.765,7441.5,14520.0,1199.0,0.2,234124.0,229464.0,1.8040493733862333,193.8,2199.865,1.38,9326.5,5040.0,1451.8,1.0,1396568.0,1361108.0,1.9562872405999587,200.0,2199.865,1.405,3404.0,2200.0,1091.9,0.7,1031000.0,913252.0,1.869286359530262,5.1551565790889695,5.704913604892537,5.608508328097752,5.591021311241425,5.174759804866639,5.447018231047821,5.547387161315949,5.374529278210435,5.353499774602675,5.395695850758396,5.32647493152204,5.221603577504731,4.482268045139438
200.0,2199.9325,0.8899999999999999,2742.0,10800.0,660.8,0.30000000000000004,401860.0,376232.0,1.9514472455648928,193.3,2200.0,1.76,1914.0,2320.0,304.7000000000001,0.1,210104.0,203440.0,1.95625,200.0,2200.0,2.385,85.5,720.0,21.9,0.0,48172.0,28076.0,1.9960474308300395,200.0,2199.9325,0.885,2873.5,11560.0,642.3,0.30000000000000004,401860.0,374600.0,1.9430438842203548,193.3,2199.9325,1.76,1847.0,3040.0,413.0,0.1,210636.0,203972.0,1.955,200.0,2199.865,2.39,41.0,480.0,6.9,0.0,48172.0,29844.0,2.0,193.8,2199.9325,0.875,3399.0,10680.0,843.7,0.30000000000000004,401836.0,375292.0,1.926237161531279,200.0,2200.0,1.785,957.0,3160.0,181.0,0.1,210628.0,204032.0,1.9825,200.0,2200.0,2.345,53.5,680.0,7.9,0.0,48172.0,27796.0,1.96,200.0,2199.9325,0.875,3587.5,13640.0,836.8,0.30000000000000004,401836.0,375280.0,1.926237161531279,200.0,2199.9325,1.795,684.5,3640.0,154.29999999999995,0.1,210768.0,204228.0,1.99375,200.0,2199.9325,2.39,46.5,600.0,6.9,0.0,48172.0,27796.0,2.0,5.924431605975722,5.924987161531278,5.9076949112978525,5.959877283870638,5.882970354808591,5.8577602707749765,5.810953548085903,5.811784547152194,5.794977824463119,5.757029442587893,5.746425070028012,5.639496965452848,5.433610207407181
200.0,2199.9325,0.8699999999999999,2899.0,15720.0,686.8,0.30000000000000004,402028.0,376320.0,1.942391899288451,200.0,2200.0,1.67,2266.0,2280.0,418.5,0.1,191700.0,185272.0,1.939388806071284,193.3,2199.865,2.375,75.5,440.0,15.7,0.0,69320.0,49120.0,2.004524886877828,200.0,2199.865,0.875,2961.0,9480.0,595.2,0.30000000000000004,402044.0,374688.0,1.9510125889436236,200.0,2199.9325,1.6800000000000002,2062.0,2560.0,409.9,0.1,190436.0,184068.0,1.950027103943624,200.0,2199.9325,2.38,35.0,880.0,9.1,0.0,74928.0,56432.0,2.009049773755656,193.8,2199.865,0.8699999999999999,3393.5,12440.0,859.0999999999998,0.30000000000000004,402028.0,375380.0,1.942391899288451,200.0,2200.0,1.76,1885.5,4080.0,412.2,0.1,190428.0,183864.0,2.0361837647377694,200.0,2200.0,2.385,47.5,760.0,10.0,0.0,65868.0,45672.0,2.013574660633484,200.0,2199.865,0.865,3661.0,13000.0,832.3,0.30000000000000004,402028.0,375364.0,1.9337712096332789,200.0,2199.9325,1.76,1825.0,5000.0,381.2000000000001,0.1,190436.0,184060.0,2.0361837647377694,200.0,2200.0,2.365,40.5,800.0,5.0,0.0,69980.0,49632.0,1.9954751131221717,5.976324401122642,5.986168436936638,5.9730228604036375,5.688715140213428,5.945316251564357,5.914929295721011,5.878684944640233,5.84823740245388,5.802860330203769,5.545220566871116,5.686751941779777,5.593302006544853,5.1212809607571135
200.0,2199.865,0.8700000000000001,3010.0,13440.0,757.7,0.30000000000000004,402932.0,376460.0,1.909746818837728,200.0,2199.9325,1.43,1079.5,2400.0,239.8,0.1,243208.0,236732.0,1.996498599439776,200.0,2199.865,2.405,96.0,600.0,49.5,0.0,48172.0,28076.0,2.0048580035172643,200.0,2199.865,0.875,3043.0,15200.0,632.6,0.30000000000000004,402916.0,374828.0,1.918011281647645,200.0,2199.9325,1.42,1061.0,2520.0,201.4,0.1,243208.0,236736.0,1.9796918767507004,200.0,2200.0,2.41,39.0,640.0,5.7,0.0,48172.0,29844.0,2.0088105726872247,200.0,2199.865,0.865,3573.0,9320.0,1011.6,0.30000000000000004,402916.0,375512.0,1.893873802964712,193.8,2199.865,1.4249999999999998,913.5,1200.0,188.8,0.1,243204.0,236796.0,1.9856442577030813,200.0,2199.9325,2.4,51.0,840.0,9.8,0.0,48172.0,27796.0,2.0,200.0,2199.9325,0.8699999999999999,3650.0,10400.0,902.6,0.30000000000000004,402916.0,375500.0,1.9021382657746293,200.0,2200.0,1.4249999999999998,1074.0,4920.0,224.5,0.1,243208.0,236728.0,1.9856442577030813,200.0,2200.0,2.405,47.5,640.0,4.1000000000000005,0.0,48172.0,27796.0,2.0044052863436117,5.871660809200562,5.8669777257877085,5.896593096164935,5.811418264385238,5.8526809031885705,5.873485700878573,5.8485534139142,5.836846470241839,5.760373100466505,5.6850166892624365,5.621050153656928,5.698192856468081,5.480151000809498
200.0,2199.9325,0.945,5166.5,15600.0,964.5,0.30000000000000004,403100.0,376500.0,1.9453532048951896,200.0,2199.9325,1.855,2264.0,1560.0,161.6,0.1,194292.0,187544.0,1.9800995024875625,200.0,2200.0,2.54,4000.5,2240.0,551.0,0.1,132896.0,112648.0,1.939900426742532,200.0,2199.865,0.945,5389.5,14680.0,1008.0,0.30000000000000004,403100.0,374868.0,1.9453532048951896,200.0,2200.0,1.865,1862.5,2800.0,199.3,0.1,194292.0,187548.0,1.9908217533024533,200.0,2199.9325,2.5700000000000003,3309.5,2400.0,515.1,0.1,134464.0,116000.0,1.962185870080607,200.0,2200.0,0.935,6394.0,14840.0,1368.7,0.30000000000000004,403084.0,375556.0,1.9300860293226705,200.0,2200.0,1.86,1018.5,2920.0,159.8,0.1,194288.0,187608.0,1.985074626865672,200.0,2200.0,2.535,3343.0,2320.0,443.9,0.1,133972.0,113424.0,1.9314841156946418,200.0,2199.9325,0.925,7043.5,9040.0,1086.3,0.30000000000000004,403076.0,375544.0,1.9148188537501516,200.0,2200.0,1.87,608.5,4200.0,123.2,0.1,194292.0,187540.0,1.995024875621891,200.0,2199.9325,2.565,3526.5,2440.0,436.5,0.1,133972.0,113424.0,1.957799905168326,5.855270506851231,5.81032331740781,5.821229065609487,5.936294648726412,5.7927098875322525,5.773541077542451,5.699644510401317,5.667809190573119,5.633896461049702,5.8060686380412765,5.5774867581869865,5.425674670387564,5.355000060116894
200.0,2199.9325,0.94,5195.0,15320.0,946.2,0.30000000000000004,403324.0,376540.0,1.923141186299081,200.0,2200.0,1.775,1889.0,2200.0,366.9,0.1,194912.0,188324.0,1.971684429589456,200.0,2199.865,2.385,103.0,480.0,47.1,0.0,48172.0,28076.0,1.9960474308300395,200.0,2199.865,0.935,5506.0,13360.0,997.8,0.30000000000000004,403316.0,374908.0,1.9156223893066,200.0,2199.9325,1.765,1893.5,2440.0,423.4,0.1,194912.0,188328.0,1.9603645077883585,200.0,2199.9325,2.39,46.0,680.0,7.3,0.0,48172.0,29844.0,2.0,200.0,2200.0,0.925,6448.0,12840.0,1467.6,0.30000000000000004,403300.0,375600.0,1.9005847953216373,200.0,2199.9325,1.765,1299.5,3280.0,162.1,0.1,194908.0,188388.0,1.964621302894621,200.0,2200.0,2.39,53.0,600.0,9.9,0.0,48172.0,27796.0,2.0,200.0,2199.9325,0.92,6997.5,13360.0,1203.7,0.30000000000000004,403292.0,375588.0,1.893065998329156,200.0,2199.865,1.7799999999999998,925.0,4120.0,171.1,0.1,194912.0,188320.0,1.9823106514473103,200.0,2199.865,2.385,50.5,800.0,8.4,0.0,48172.0,27796.0,1.9960474308300395,5.852314208193961,5.83076991842664,5.821595700588208,5.419246978023997,5.8223224728487875,5.805408736362357,5.763050365186894,5.764740398851916,5.749702804866952,5.360469994866334,5.593854896432606,5.5907053111326155,5.0849273063915925
200.0,2200.0,0.855,16287.0,18240.0,3078.0,0.30000000000000004,403460.0,376580.0,1.5827290076335876,200.0,2199.9325,1.44,1456.5,1600.0,334.7999999999999,0.2,255964.0,249356.0,2.042016806722689,200.0,2199.865,1.985,2368.0,2080.0,399.0,0.1,107784.0,87832.0,1.8470426948687817,200.0,2200.0,0.855,18076.0,13840.0,3976.7,0.30000000000000004,403444.0,374948.0,1.5827290076335876,200.0,2199.865,1.43,1366.5,2480.0,292.5,0.2,256624.0,249888.0,2.0275158844025416,200.0,2200.0,2.035,2230.0,2400.0,508.5,0.1,110896.0,92504.0,1.89469904687296,200.0,2199.9325,0.8350000000000001,19923.5,14960.0,3946.7,0.30000000000000004,403436.0,375640.0,1.5424618320610688,200.0,2199.9325,1.4049999999999998,1045.5,4520.0,211.5,0.2,289120.0,282528.0,1.9854990776798525,193.3,2199.9325,2.02,2385.5,1960.0,497.1,0.1,109064.0,88608.0,1.8805327066196635,200.0,2199.9325,0.8200000000000001,20614.0,14080.0,4433.5,0.30000000000000004,403436.0,375612.0,1.5146946564885495,200.0,2200.0,1.41,979.0,4040.0,203.8,0.2,288120.0,281480.0,1.9939024390243905,200.0,2200.0,2.01,2652.5,2440.0,485.4,0.1,109064.0,88608.0,1.8711972842407625,5.3782961423859,5.331450256206537,5.329019957804372,5.350470046710465,5.2621219363179,5.257856523377578,5.2327297302408375,5.20556820233279,5.1756558319792445,5.2104945966286325,5.138792325592007,5.290255068620465,5.156557108288813
193.8,2199.9325,0.85,16406.0,18720.0,3165.4,0.30000000000000004,403604.0,376600.0,1.570229007633588,200.0,2200.0,1.74,27752.5,1720.0,4485.0,0.1,192808.0,186376.0,1.8923560716013543,193.8,2199.865,1.82,342.0,1040.0,91.3,0.0,41376.0,20232.0,1.847058823529412,200.0,2199.9325,0.85,18447.0,18960.0,4158.7,0.30000000000000004,403588.0,374968.0,1.570229007633588,200.0,2199.9325,1.75,28239.5,2120.0,4332.4,0.1,192808.0,186380.0,1.904934687953556,200.0,2199.9325,1.885,190.0,2600.0,75.1,0.0,48124.0,29888.0,1.9208556149732618,200.0,2199.865,0.83,19746.5,13040.0,3898.1,0.30000000000000004,403580.0,375660.0,1.525095419847328,193.3,2200.0,1.84,18277.5,3400.0,2969.6,0.1,195160.0,188508.0,1.998881228834059,200.0,2200.0,1.87,378.0,1520.0,75.9,0.0,41376.0,20224.0,1.9032085561497327,200.0,2199.865,0.8200000000000001,20306.0,15160.0,4464.8,0.30000000000000004,403564.0,375644.0,1.5098282442748092,200.0,2199.9325,1.84,12777.5,4880.0,2073.0,0.1,191536.0,185012.0,2.0003628447024666,200.0,2200.0,1.875,194.0,1800.0,70.7,0.0,41376.0,20228.0,1.9104278074866308,5.401935248767861,5.411756900803528,5.368398761948656,5.38684494933645,5.300599604438003,5.300997690859887,5.262701364960835,5.251056410765936,5.198008588583628,5.250545806439055,5.07086491950013,5.1486775480480516,5.12856132071326
200.0,2199.865,0.8799999999999999,14056.0,20360.0,2713.2,0.30000000000000004,403900.0,376628.0,1.7914783001808314,200.0,2199.9325,1.915,1339.5,2040.0,257.6,0.2,308488.0,301856.0,1.9521739130434783,200.0,2199.9325,2.53,3805.0,2080.0,434.1,0.1,129616.0,109724.0,1.9259264723238525,200.0,2199.9325,0.885,15182.0,17600.0,3037.6,0.30000000000000004,403892.0,374996.0,1.8041365280289328,200.0,2199.9325,1.94,1069.5,2280.0,221.8,0.2,308488.0,301860.0,1.9757763975155282,200.0,2199.9325,2.54,3604.5,2400.0,546.8000000000002,0.1,134464.0,116244.0,1.9346600967780008,200.0,2199.865,0.875,16292.5,15920.0,2992.4,0.30000000000000004,403876.0,375688.0,1.7750904159132004,200.0,2200.0,1.945,915.0,3440.0,195.0,0.2,308484.0,301920.0,1.9838509316770183,200.0,2199.865,2.5250000000000004,3699.5,2280.0,646.6,0.1,132896.0,112612.0,1.9195827923993865,200.0,2199.9325,0.855,16862.5,13920.0,4071.9,0.30000000000000004,403868.0,375676.0,1.735646473779385,193.8,2199.865,1.94,845.0,4360.0,183.0,0.2,308488.0,301852.0,1.981366459627329,200.0,2199.9325,2.55,3470.0,2520.0,381.6,0.1,133428.0,113140.0,1.9404284196860615,5.610675443046511,5.544270469420137,5.5332996347749965,5.5358117359916985,5.451670527936533,5.433695026292895,5.417154609276864,5.380058845829749,5.323128668647518,5.443311403508772,5.288183390157979,5.24713159610971,5.202366131135013
100.0,2199.865,1.05,10156.0,11800.0,548.4,0.1,104432.0,101912.0,0.8823529411764707,200.0,2200.0,0.995,13358.0,2040.0,1697.2,0.4,560688.0,521552.0,1.6709966082124557,300.0,2199.955,1.55,2937.0,1600.0,735.1,0.0,75304.0,62680.0,2.517965921546484,100.0,2199.865,1.03,11298.0,13400.0,631.5,0.1,104432.0,101912.0,0.8655462184873951,200.0,2199.9325,1.005,13664.5,2520.0,1719.5,0.4,560688.0,521688.0,1.6803781482283318,300.0,2199.91,1.656666666666667,1632.0,2240.0,409.5,0.0,75304.0,62704.0,2.696240077058492,100.0,2199.865,1.0,12804.0,10640.0,837.5,0.1,104300.0,101912.0,0.8403361344537815,200.0,2200.0,1.09,10673.5,4120.0,1435.3,0.4,560688.0,521692.0,1.8106372230641556,300.0,2199.91,1.7566666666666668,1694.333333333333,1680.0,333.6,0.0,75308.0,60296.0,2.8084365762115127,100.0,2199.865,0.98,13659.0,10720.0,1031.2,0.1,104208.0,101772.0,0.823529411764706,200.0,2200.0,1.08,9966.5,5040.0,1246.8,0.4,560688.0,521620.0,1.8052969618243488,300.0,2199.91,1.7700000000000002,1682.666666666667,1520.0,372.4,0.0,75304.0,62328.0,2.827437140864251,5.535209084163392,5.534416957525034,5.5532026145693205,5.556423903084727,5.50436828290666,5.391437181612386,5.434750364593088,5.4767269887458685,5.519082454138087,5.417605887226737,5.4500348350904675,5.425090773156244,5.320440997555455
100.0,2200.0,1.05,9866.0,12720.0,607.2,0.1,104564.0,102172.0,0.9051724137931036,200.0,2199.9325,0.97,13878.0,2400.0,1644.0,0.4,561336.0,522320.0,1.6477655677655676,300.0,2199.91,1.7666666666666666,2436.333333333333,1680.0,599.3,0.0,75304.0,62680.0,2.7923084273641847,100.0,2199.865,1.02,11768.0,10160.0,742.5,0.1,104564.0,102172.0,0.8793103448275863,200.0,2199.9325,0.97,13402.0,2720.0,1707.1,0.4,560688.0,521688.0,1.6391208791208791,300.0,2200.0,1.8133333333333332,1376.0,2240.0,321.5,0.0,75304.0,62704.0,2.8930908403160736,100.0,2200.0,1.0,12804.0,11280.0,849.1,0.1,104564.0,102172.0,0.8620689655172414,200.0,2199.9325,1.03,12192.0,4200.0,1602.1,0.4,562872.0,523504.0,1.7364102564102564,293.8,2199.955,1.8266666666666669,1324.3333333333333,1760.0,306.9,0.0,75308.0,60296.0,2.904279150445615,93.8,2200.0,0.97,13866.0,9440.0,1059.5,0.1,104564.0,102172.0,0.8362068965517242,187.6,2199.9325,1.085,10751.0,5200.0,1399.1,0.4,564056.0,524700.0,1.8140659340659342,300.0,2199.955,1.82,1426.333333333333,1720.0,302.6,0.0,75304.0,62328.0,2.8912709523529263,5.54266684254951,5.565375800736098,5.593980187972197,5.600972874321092,5.5957723140384035,5.503714130669758,5.505006077056905,5.52918694417899,5.532061941933074,5.4922497239108825,5.493116414374804,5.387596917690804,5.314633505443387
100.0,2200.0,1.08,9117.0,12800.0,535.5,0.1,104500.0,102192.0,0.8925619834710745,200.0,2199.9325,0.945,14827.0,2080.0,1947.7,0.4,568616.0,528408.0,1.6337941628264208,300.0,2200.0,1.6900000000000002,6598.333333333332,1960.0,1783.3000000000004,0.1,146216.0,133524.0,2.5428596989452528,100.0,2199.865,1.06,10356.0,10720.0,648.6,0.1,104500.0,102192.0,0.8760330578512397,200.0,2199.9325,0.955,15078.5,2520.0,2028.9,0.4,566972.0,527244.0,1.6357910906298003,300.0,2199.91,1.82,4847.666666666667,2080.0,867.2,0.1,148124.0,135660.0,2.7318246569434823,100.0,2199.865,1.03,11763.0,11440.0,828.4,0.1,104500.0,102192.0,0.8512396694214877,200.0,2199.865,1.04,12754.0,3440.0,1713.4,0.4,569964.0,529692.0,1.7672811059907834,300.0,2199.91,1.8966666666666667,5038.0,2440.0,956.3,0.1,149904.0,134836.0,2.807091784536192,100.0,2199.865,0.99,12922.0,9960.0,889.0,0.1,104500.0,102192.0,0.8181818181818182,193.8,2200.0,1.01,11511.5,4360.0,1410.0,0.4,570420.0,530104.0,1.7340245775729648,293.8,2199.91,1.903333333333333,5182.666666666667,2720.0,968.3,0.1,149900.0,136868.0,2.8216903246821765,5.460918266943907,5.491592003264871,5.433513363006528,5.46467167570786,5.4565432300532235,5.433275278811019,5.416353380560549,5.445659406507532,5.419117838635469,5.395688599390102,5.409176818358161,5.365465948454842,5.2771133402150365
100.0,2199.865,1.04,10587.0,10800.0,586.4,0.1,104500.0,102192.0,0.8387096774193549,200.0,2200.0,0.95,17295.0,2360.0,2285.8,0.4,571788.0,531168.0,1.6564102564102563,300.0,2199.955,1.7566666666666666,2631.0,1120.0,638.9,0.0,75304.0,62680.0,2.7883143618389603,100.0,2199.865,1.04,11334.0,12560.0,687.2,0.1,104500.0,102192.0,0.8387096774193549,200.0,2199.9325,0.955,16658.5,2360.0,2229.6,0.4,571788.0,531304.0,1.644551282051282,300.0,2200.0,1.8233333333333333,1454.0,2400.0,309.5,0.0,75304.0,62704.0,2.8970849058412984,100.0,2199.865,1.03,11480.0,11360.0,762.5,0.1,104500.0,102192.0,0.8306451612903226,200.0,2199.9325,0.98,15892.5,3400.0,2214.8,0.4,574268.0,533228.0,1.7009615384615384,300.0,2199.955,1.8233333333333333,1299.0,2000.0,283.6,0.0,75308.0,60296.0,2.8970849058412984,100.0,2200.0,0.99,13139.0,9360.0,940.3,0.1,104500.0,102192.0,0.7983870967741935,200.0,2199.9325,0.99,15649.5,4920.0,1961.8,0.4,576180.0,535080.0,1.7198717948717948,293.8,2200.0,1.82,1445.666666666667,3200.0,266.20000000000005,0.0,75304.0,62328.0,2.8912709523529263,5.4913869259265224,5.515577724794043,5.4627071615344205,5.533190750753007,5.563659185254634,5.548337188092124,5.5414698128443876,5.527152360791731,5.468703820283672,5.490884572083192,5.471057533154482,5.454066538487537,5.307943510847254
100.0,2199.865,1.02,9821.0,10800.0,552.5,0.1,104500.0,102192.0,0.8160000000000001,200.0,2199.9325,0.75,57715.0,2480.0,10474.1,0.6000000000000001,883724.0,852184.0,1.0335365853658538,300.0,2199.91,1.7433333333333334,8277.666666666666,1960.0,2278.0,0.0,68712.0,56284.0,3.2564875844629615,100.0,2199.865,1.01,10560.0,10280.0,662.5,0.1,104500.0,102192.0,0.8079999999999999,200.0,2199.9325,0.765,55419.5,2600.0,13773.7,0.6000000000000001,883724.0,852368.0,1.053544207317073,300.0,2199.955,1.656666666666667,4330.666666666667,1480.0,854.3000000000002,0.0,209772.0,44852.0,3.1411951249844545,100.0,2200.0,1.01,10714.0,10000.0,719.4,0.1,104500.0,102192.0,0.8079999999999999,200.0,2200.0,0.815,57792.0,4680.0,12967.3,0.6000000000000001,888224.0,856212.0,1.1257621951219512,300.0,2199.955,1.5233333333333334,3699.666666666666,2440.0,784.9,0.0,209776.0,45996.0,2.905901007337396,100.0,2200.0,0.96,12963.0,10840.0,903.0,0.1,104500.0,102192.0,0.768,200.0,2199.9325,1.02,34181.0,5200.0,5155.0,0.6000000000000001,873912.0,843620.0,1.3853849085365852,300.0,2199.955,1.5466666666666666,3514.0,3120.0,797.0000000000001,0.0,209772.0,49288.0,2.95208929237657,4.880066201367994,5.014584319449032,5.024289206050028,5.0300595686477045,5.040294537853602,5.18809835703266,5.007955241156909,5.057746039873656,5.1147274124428,5.117144855428002,5.125518957442175,5.078814179235348,4.951002786781847
100.0,2200.0,1.02,9766.0,11520.0,536.9,0.1,104632.0,102192.0,0.7611940298507462,200.0,2200.0,0.89,49439.0,2320.0,9487.0,0.8,1195796.0,1027648.0,1.3418259023354564,300.0,2199.91,1.7700000000000002,2592.0,960.0,566.5,0.0,75256.0,62724.0,3.0283125839296288,100.0,2199.865,1.0,11656.0,12200.0,668.8,0.1,104632.0,102192.0,0.7462686567164178,200.0,2199.9325,0.8300000000000001,46172.5,2760.0,8728.5,0.8,1195796.0,1027644.0,1.2278249587166783,293.8,2199.955,1.8066666666666664,1507.666666666667,1840.0,363.9,0.0,75256.0,62748.0,3.085040203730677,93.8,2200.0,0.98,11694.0,11520.0,787.2,0.1,104632.0,102192.0,0.7313432835820894,193.8,2200.0,0.965,52134.5,3760.0,10107.3,0.8,1200952.0,1123672.0,1.4431469686246756,300.0,2199.955,1.8133333333333328,1382.333333333333,2640.0,323.7,0.0,91308.0,68652.0,3.1005611637074084,100.0,2200.0,0.94,12609.0,9360.0,916.1,0.1,104632.0,102192.0,0.7014925373134328,200.0,2199.9325,1.17,64226.0,2760.0,11349.8,0.9,1205712.0,1178308.0,1.6985138004246283,300.0,2200.0,1.81,1455.0,1680.0,329.4,0.0,91304.0,78400.0,3.0946440039440946,5.4855120204109244,5.775497654072487,5.8611332204786315,5.917841068936977,5.867409570718318,5.670117848966062,5.661778866656157,5.6645427302980265,5.72797012077749,5.3896110842106175,5.4677707789691725,4.911485428956906,5.259946117640396
100.0,2199.865,0.99,10311.0,11040.0,573.1,0.1,104632.0,102192.0,0.7674418604651162,200.0,2199.9325,1.26,90131.0,2440.0,17037.300000000007,0.8,1200952.0,1120796.0,2.0036539895600303,300.0,2199.955,1.47,5616.666666666668,1760.0,1592.0,0.1,128904.0,116608.0,2.3835239085239084,100.0,2200.0,0.96,11896.0,12280.0,739.7,0.1,104632.0,102192.0,0.7441860465116279,200.0,2199.9325,1.285,90987.5,2360.0,18017.9,0.8,1200952.0,1066172.0,2.054809843400448,300.0,2199.955,1.5133333333333334,4986.0,1840.0,948.7,0.1,138588.0,126400.0,2.404365904365904,100.0,2199.865,0.98,11416.0,12440.0,802.7,0.1,104632.0,102192.0,0.7596899224806202,200.0,2199.9325,1.09,50107.0,4200.0,9732.9,0.9,1205712.0,1178376.0,1.7798657718120805,300.0,2199.91,1.6166666666666665,4970.0,2040.0,1138.1,0.1,143820.0,129008.0,2.513409563409564,100.0,2199.865,0.95,13317.0,9920.0,966.1,0.1,104632.0,102192.0,0.7364341085271318,200.0,2199.9325,1.095,43301.5,4960.0,7625.5999999999985,0.9,1205712.0,1178308.0,1.8041759880686052,300.0,2199.91,1.63,4949.0,2480.0,1018.9,0.1,144572.0,131832.0,2.524384295538142,5.2794436497814194,4.837839515281926,4.983096927497083,5.115899238504804,5.059798680420864,5.014363148660376,5.141164897993924,5.148285613492094,5.048828302972897,4.9513016997521255,4.943384836602339,5.289952993871512,4.7950542756813785
100.0,2200.0,1.07,6803.0,18880.0,756.1,0.5,623116.0,613656.0,0.8425196850393701,200.0,2199.9325,1.585,36787.5,2560.0,10176.1,0.7999999999999999,1057420.0,1039744.0,1.7288109756097565,300.0,2199.91,1.5133333333333334,3915.333333333334,1520.0,1037.3000000000004,0.0,34520.0,21776.0,2.712843938302401,100.0,2199.865,1.22,4556.0,10080.0,564.2,0.5,623116.0,613060.0,0.9606299212598424,200.0,2200.0,1.6,36343.5,2600.0,8772.800000000001,0.7999999999999999,1057420.0,1039480.0,1.7461890243902443,300.0,2200.0,1.6166666666666665,2226.0,2360.0,906.6,0.0,34520.0,21768.0,2.8836004337872034,100.0,2199.865,1.07,7581.0,15280.0,842.9,0.5,623116.0,611912.0,0.8425196850393701,200.0,2199.9325,1.495,34483.5,3880.0,6568.4000000000015,0.7999999999999999,1057416.0,1039740.0,1.6478658536585369,300.0,2199.865,1.62,2301.333333333333,2440.0,740.5,0.0,34520.0,21776.0,2.890046993613689,100.0,2199.865,1.07,7759.0,14800.0,855.8,0.5,623116.0,611136.0,0.8425196850393701,200.0,2200.0,1.615,27895.5,5040.0,8724.6,0.7999999999999999,1057420.0,1039744.0,1.780030487804878,300.0,2199.955,1.6000000000000003,2505.333333333333,2640.0,1303.0,0.0,34520.0,21768.0,2.8589589107121336,5.40218647816538,5.890490704027293,5.890168815254158,5.460022403756051,5.496745090105816,5.704614777532893,5.491396120332207,5.450562711590917,5.469425679938799,5.7724976965385055,5.4092781444661915,5.541387493349349,5.749601482845996
100.0,2199.865,1.1,7282.0,18280.0,722.9,0.5,623116.0,617168.0,0.9016393442622952,200.0,2200.0,1.71,16136.0,1280.0,4007.9,0.7999999999999999,1057484.0,1039744.0,1.9039979947361825,300.0,2199.955,1.5666666666666669,2987.0,1520.0,813.6999999999998,0.0,34520.0,21776.0,2.806807170542636,100.0,2199.865,1.09,7639.0,18280.0,815.3,0.5,623116.0,616308.0,0.8934426229508198,200.0,2199.9325,1.73,15524.0,2880.0,3335.4,0.7999999999999999,1057484.0,1039744.0,1.9265572126832933,293.8,2199.91,1.5666666666666669,1730.666666666667,2400.0,766.6,0.0,34520.0,21768.0,2.811652131782946,100.0,2199.865,1.07,7969.0,15400.0,835.0,0.5,623116.0,616576.0,0.8770491803278689,200.0,2199.9325,1.785,8329.5,3920.0,1799.5,0.7999999999999999,1057480.0,1039740.0,1.994798846973305,300.0,2199.91,1.5766666666666664,1738.333333333333,2920.0,605.6,0.0,34520.0,21776.0,2.828488372093023,100.0,2199.865,1.05,8225.0,15080.0,847.3,0.5,623116.0,617000.0,0.8606557377049181,193.8,2200.0,1.845,13379.5,5160.0,3276.6,0.7999999999999999,1057484.0,1039744.0,2.050068930943727,300.0,2199.91,1.5566666666666666,1944.333333333333,2640.0,1035.5,0.0,34520.0,21768.0,2.796632751937985,5.698843702371585,5.841416929751825,5.737391699376648,5.756088917459112,5.764584540343718,5.5108655460739016,5.78601331722578,5.746880367963152,5.711677392247165,5.44842913078004,5.734864215777693,5.647495822019766,5.605206968441678
100.0,2200.0,1.14,5591.0,12400.0,572.5,0.5,623116.0,617168.0,0.9344262295081966,200.0,2200.0,1.64,25698.0,1600.0,6855.9,0.7999999999999999,1057532.0,1039744.0,1.7852395209580838,300.0,2199.955,1.5333333333333332,3447.333333333333,1400.0,831.6,0.0,34520.0,21776.0,2.768364710225176,100.0,2200.0,1.08,7752.0,18000.0,807.4,0.5,623116.0,616308.0,0.8852459016393444,193.8,2199.9325,1.695,21874.5,2000.0,5194.7,0.7999999999999999,1057536.0,1039744.0,1.8491317365269464,293.8,2199.955,1.5833333333333333,2131.6666666666665,2200.0,788.1999999999998,0.0,34520.0,21768.0,2.8513904269718227,100.0,2200.0,1.06,8149.0,12720.0,857.3,0.5,623116.0,616576.0,0.8688524590163935,200.0,2200.0,1.755,6632.0,4120.0,1444.9,0.7999999999999999,1057528.0,1039740.0,1.9180239520958084,300.0,2199.91,1.5666666666666669,2068.6666666666665,2800.0,670.6999999999998,0.0,34520.0,21776.0,2.824935400516796,100.0,2199.865,1.06,8320.0,14880.0,829.7,0.5,623116.0,617000.0,0.8688524590163935,200.0,2199.865,1.795,11226.5,5240.0,2789.2000000000007,0.7999999999999999,1057532.0,1039744.0,1.9471556886227543,300.0,2199.91,1.5566666666666666,2356.333333333333,2080.0,1408.2,0.0,34520.0,21768.0,2.80906238464378,5.783214632575579,5.861078921464393,5.862450467772113,5.808985805008247,5.851116549051911,5.5466304227877465,5.785037435558076,5.725292702302549,5.726333332383025,5.508730569002494,5.756340912237643,5.6194513327076505,5.584441469504311
100.0,2200.0,1.14,5458.0,10720.0,570.8,0.5,623116.0,617168.0,0.9344262295081966,200.0,2200.0,1.515,34117.0,2480.0,9459.7,0.7999999999999999,1057532.0,1039744.0,1.7182828545430913,300.0,2199.955,1.55,3999.333333333334,2040.0,931.9,0.0,34520.0,21776.0,2.7539391677129643,100.0,2200.0,1.09,7493.0,18080.0,762.1,0.5,623116.0,616308.0,0.8934426229508198,200.0,2200.0,1.555,30745.0,2520.0,7639.2,0.7999999999999999,1057536.0,1039744.0,1.7616339529442349,300.0,2200.0,1.6233333333333333,2257.0,2560.0,870.4000000000002,0.0,34520.0,21768.0,2.8742690058479536,100.0,2199.865,1.07,8163.0,15640.0,860.3,0.5,623116.0,616576.0,0.8770491803278689,200.0,2199.865,1.69,7818.0,3960.0,1664.1,0.7999999999999999,1057528.0,1039740.0,1.9183998440140388,300.0,2199.955,1.63,2293.0,2640.0,691.9000000000002,0.0,34520.0,21776.0,2.885964912280701,93.8,2199.865,1.04,8459.0,12000.0,868.5,0.5,623116.0,617000.0,0.8524590163934427,200.0,2199.9325,1.765,9993.0,5200.0,2496.4,0.7999999999999999,1057532.0,1039744.0,1.9936630703236708,300.0,2200.0,1.6133333333333333,2515.333333333333,1960.0,1179.4,0.0,34520.0,21768.0,2.8591174906964385,5.5071792952505705,5.60702042462478,5.5771011788995635,5.554856791451414,5.585528488267312,5.517755830416566,5.553554733228054,5.5346098932140855,5.496687953378268,5.469559473553914,5.359709118907271,5.4045982249249045,5.344506535646612
100.0,2199.865,1.14,5816.0,11400.0,623.4,0.5,623116.0,617168.0,0.9421487603305784,193.8,2200.0,1.6749999999999998,15858.5,2680.0,3860.4,0.7999999999999999,1057532.0,1039744.0,1.7911235529116727,300.0,2200.0,1.6266666666666667,3124.666666666666,1760.0,748.8000000000002,0.0,34860.0,22144.0,3.1718774064377024,100.0,2199.865,1.13,6180.0,10600.0,697.3,0.5,623116.0,616308.0,0.9338842975206609,193.8,2200.0,1.675,11071.5,2600.0,2522.3,0.7999999999999999,1057536.0,1039744.0,1.7987052751290349,300.0,2199.955,1.6466666666666667,2157.333333333333,2160.0,803.5,0.0,34860.0,22136.0,3.209995379639612,100.0,2199.865,1.05,8162.0,14040.0,885.0,0.5,623116.0,616576.0,0.8677685950413224,200.0,2199.9325,1.84,27913.0,3880.0,4335.0,0.7999999999999999,1057528.0,1039740.0,1.9445367859329887,300.0,2199.91,1.6566666666666665,2150.6666666666665,2440.0,911.1,0.0,34860.0,22144.0,3.228245803172648,100.0,2199.865,1.04,8504.0,14800.0,829.1,0.5,623116.0,617000.0,0.8595041322314051,200.0,2199.865,1.665,29708.0,5000.0,9280.8,0.7999999999999999,1057532.0,1039744.0,1.7832502259936431,300.0,2199.865,1.6466666666666665,2449.6666666666665,1880.0,1375.3000000000004,0.0,34860.0,22136.0,3.2083782535037733,5.906825499547456,5.985976854591399,5.917879911201148,5.99674425165701,5.922149920219937,5.828558899412696,5.875836148068287,5.89142727449005,5.855781217117008,5.648160940172606,5.758389070356232,5.854613212111271,5.784640340325928
100.0,2199.865,1.08,7060.0,19560.0,735.4,0.5,623116.0,617168.0,0.8852459016393444,200.0,2199.865,1.73,33923.5,3000.0,8365.3,0.7999999999999999,1057532.0,1039744.0,1.9327396373056995,300.0,2199.865,1.5833333333333333,3835.666666666666,1440.0,962.9,0.0,34860.0,22144.0,3.0006121815011904,100.0,2200.0,1.07,7442.0,18160.0,787.9,0.5,623116.0,616308.0,0.8770491803278689,200.0,2200.0,1.6949999999999998,34834.0,2640.0,7614.5,0.7999999999999999,1057536.0,1039744.0,1.8996761658031092,300.0,2199.955,1.5566666666666666,1742.666666666667,2160.0,791.6,0.0,34860.0,22136.0,2.9483164502782135,100.0,2200.0,1.08,7940.0,10120.0,846.4,0.5,623116.0,616576.0,0.8852459016393444,193.8,2200.0,1.675,21735.0,3360.0,4092.9,0.7999999999999999,1057528.0,1039740.0,1.8939119170984455,300.0,2200.0,1.5333333333333332,1682.666666666667,3560.0,648.2,0.0,34860.0,22144.0,2.9047296333285777,100.0,2200.0,1.06,8347.0,15160.0,819.6,0.5,623116.0,617000.0,0.8688524590163935,200.0,2200.0,1.695,6280.0,5480.0,1624.9,0.7999999999999999,1057532.0,1039744.0,1.9231865284974088,300.0,2199.955,1.5,1870.0,2280.0,935.5,0.0,34860.0,22136.0,2.843058924240262,5.798910266386862,5.892934566971863,5.982671027687602,5.929110815872472,5.990026643087517,5.845381522228164,5.846200403410936,5.6946708417688825,5.673451944518356,5.664880356713133,5.769593718090357,5.63508958784335,5.520807365220913
100.0,2199.865,1.15,5575.0,10840.0,607.0,0.5,623116.0,617168.0,0.9583333333333331,193.8,2199.9325,1.74,30344.5,2720.0,7487.1,0.7999999999999999,1057532.0,1039744.0,1.9185848521157849,293.8,2200.0,1.586666666666667,2869.666666666666,1640.0,763.5,0.0,34860.0,22144.0,2.836342229199372,100.0,2199.865,1.14,5939.0,11200.0,646.1,0.5,623116.0,616308.0,0.95,200.0,2199.9325,1.76,33473.0,2320.0,6864.9000000000015,0.7999999999999999,1057536.0,1039744.0,1.9369679006117173,300.0,2199.955,1.5,1747.333333333333,2120.0,771.5,0.0,34860.0,22136.0,2.7085798816568047,100.0,2200.0,1.07,8018.0,13560.0,860.7,0.5,623116.0,616576.0,0.8916666666666667,200.0,2199.865,1.645,25824.0,3800.0,4830.6,0.7999999999999999,1057528.0,1039740.0,1.8358768997918897,293.8,2200.0,1.4866666666666666,1694.0,2280.0,596.0,0.0,34860.0,22144.0,2.6865414804975245,100.0,2200.0,1.05,8333.0,14520.0,841.4,0.5,623116.0,617000.0,0.8750000000000001,200.0,2199.9325,1.69,6386.5,4160.0,1606.0,0.7999999999999999,1057532.0,1039744.0,1.8917828088541342,300.0,2199.91,1.5733333333333337,1925.333333333333,1800.0,995.9,0.0,34860.0,22136.0,2.8208247796159887,5.335295316986112,5.428197449102753,5.6508970319730905,5.439365346781262,5.4192483492603145,5.482814788607332,5.366908022395218,5.323074367545511,5.380471660438937,5.52774243782437,5.506932284550869,5.340683177428184,5.487241396112531
93.8,2199.865,2.71,91462.0,17680.0,7996.0,0.1,68112.0,66204.0,0.9442508710801392,200.0,2200.0,1.325,39149.0,2920.0,8861.6,1.4,1737080.0,1719276.0,1.7422172452407616,300.0,2199.91,1.4166666666666667,11409.666666666664,1640.0,2869.9999999999995,0.0,75064.0,44924.0,2.349628832408864,100.0,2200.0,2.73,93535.0,18920.0,7943.4,0.1,68112.0,66208.0,0.951219512195122,193.8,2200.0,1.425,21430.5,1920.0,4154.3,1.4,1737080.0,1719244.0,1.8900335946248603,300.0,2199.91,1.4633333333333332,9612.0,2560.0,3104.0,0.0,80900.0,50996.0,2.395540340328946,100.0,2200.0,2.76,95866.0,18520.0,8796.6,0.1,68112.0,66208.0,0.9616724738675956,200.0,2199.9325,1.36,36711.0,2640.0,8166.5,1.4,1737080.0,1719344.0,1.8939102564102568,300.0,2199.955,1.5433333333333332,1226.0,1200.0,966.3,0.0,58152.0,28032.0,2.5455545774647885,100.0,2199.865,2.76,96205.0,13760.0,7923.2,0.1,68112.0,66204.0,0.9616724738675956,200.0,2200.0,1.495,26052.0,4400.0,4884.0,1.4,1737080.0,1719308.0,1.9746920492721167,300.0,2199.955,1.4633333333333336,9900.0,2400.0,1844.4,0.0,81304.0,51264.0,2.3994617897452883,5.228397108626559,5.270636615082466,5.308423039639319,5.164016613875324,5.118506712807467,5.21548868526154,5.1821622937404666,5.0853392217713065,5.104632771677143,5.103321213296729,5.085279546630064,4.983356582882417,5.213924629424137
100.0,2200.0,2.69,88792.0,19720.0,8643.0,0.1,68112.0,66204.0,0.9340277777777778,200.0,2200.0,1.245,24304.0,3240.0,5255.5,1.4,1737080.0,1719276.0,1.7370396434435844,300.0,2199.865,1.3233333333333337,12245.333333333336,1800.0,3223.7,0.1,134388.0,104332.0,2.0808512041027023,93.8,2199.865,2.74,91101.0,18000.0,9310.6,0.1,68112.0,66208.0,0.9513888888888891,200.0,2199.9325,1.23,22933.5,2680.0,4569.5,1.4,1737080.0,1719244.0,1.7217335209946047,293.8,2199.91,1.39,10798.333333333334,2560.0,3104.6,0.1,139968.0,110140.0,2.164585016608313,100.0,2200.0,2.7,92151.0,14640.0,9464.8,0.1,68112.0,66208.0,0.9375,200.0,2199.9325,1.355,33059.0,3920.0,6928.4000000000015,1.4,1737080.0,1719344.0,1.8556767534600045,300.0,2199.955,1.356666666666667,11053.0,2480.0,2914.2,0.1,121136.0,91036.0,2.1125799412438484,100.0,2200.0,2.69,92721.0,15120.0,8449.2,0.1,68112.0,66204.0,0.9340277777777778,200.0,2200.0,1.455,38546.0,3280.0,6592.0,1.4,1737080.0,1719308.0,1.9385409336148252,293.8,2200.0,1.403333333333333,11227.666666666664,2600.0,2540.100000000001,0.1,141032.0,110936.0,2.185818829113924,4.697364387616464,4.743033077905514,4.741378231569817,4.614861200239846,4.625623242202021,4.711560742202021,4.7181750246957455,5.154868004636004,5.072042056523777,5.132315840948055,5.1493396567918905,5.027413252409909,5.078682138504057
100.0,2199.865,2.71,87601.0,19320.0,9506.7,0.1,68112.0,66204.0,0.9475524475524476,200.0,2200.0,1.06,21314.5,2160.0,4672.8,1.4,1737080.0,1719276.0,1.5403863037752414,300.0,2199.91,1.346666666666667,20275.0,1720.0,4898.8,0.1,198676.0,169000.0,2.28971005082342,100.0,2200.0,2.68,90784.0,19920.0,9318.3,0.1,68112.0,66208.0,0.9370629370629372,193.8,2199.9325,1.12,21925.0,1360.0,5050.4,1.4,1737080.0,1719244.0,1.6092332455370206,300.0,2199.955,1.3966666666666665,17987.333333333332,1960.0,3682.6,0.1,202568.0,172960.0,2.3454006000217054,100.0,2199.865,2.69,89887.0,15040.0,9685.2,0.1,68112.0,66208.0,0.9405594405594406,200.0,2200.0,1.2999999999999998,41908.5,3920.0,7353.799999999998,1.4,1737080.0,1719344.0,1.7456101843722562,300.0,2199.91,1.4166666666666667,19031.33333333333,2480.0,3660.2,0.1,195888.0,166108.0,2.4002809317675373,100.0,2199.865,2.65,89420.0,14920.0,8838.5,0.1,68112.0,66204.0,0.9265734265734266,200.0,2199.9325,1.035,43145.0,5240.0,7932.4,1.4,1737080.0,1719308.0,1.3855721393034823,300.0,2200.0,1.4333333333333331,19416.666666666668,2480.0,4115.7,0.1,203500.0,173756.0,2.417024282300831,5.166153047158666,5.145141655459282,5.0688289272331115,5.0668922188815335,5.0825002695360775,5.1142070386602825,5.043054525942403,5.006662783505998,5.418405430483945,5.096517309513564,5.135399491632996,5.028588160420288,5.460151588072644
100.0,2200.0,2.67,86840.0,19680.0,8540.0,0.1,68112.0,66204.0,0.9238754325259516,200.0,2199.9325,1.115,45767.5,2400.0,10114.2,1.4,1737080.0,1719276.0,1.5673903211216644,293.8,2200.0,1.343333333333333,21239.0,1200.0,5095.2,0.1,201776.0,172168.0,2.340147749240541,100.0,2199.865,2.64,85385.0,19840.0,10306.5,0.1,68112.0,66208.0,0.9134948096885812,200.0,2200.0,1.09,47266.5,2160.0,10608.9,1.4,1737080.0,1719244.0,1.4916327453640887,300.0,2199.955,1.41,18296.666666666668,2480.0,3715.5,0.1,205620.0,175864.0,2.4146269775515843,100.0,2199.865,2.66,89433.0,15360.0,8816.8,0.1,68112.0,66208.0,0.9204152249134948,200.0,2199.9325,1.065,37443.0,2040.0,6952.7,1.4,1737080.0,1719344.0,1.4260515603799186,293.8,2199.955,1.3966666666666665,19255.0,2400.0,3924.8,0.1,199772.0,170056.0,2.375384763834612,100.0,2199.865,2.7,93641.0,15120.0,8089.4,0.1,68112.0,66204.0,0.9342560553633218,193.8,2200.0,1.17,18932.5,4880.0,2983.3,1.4,1737080.0,1719308.0,1.7137042062415198,300.0,2199.91,1.4266666666666663,19154.666666666668,1960.0,3922.0,0.1,206544.0,176660.0,2.448030338896122,4.682337592100434,4.830083220654887,4.951452480480028,5.0894460718559715,5.161059368689856,5.249616385179767,5.3308522555415685,5.495332826054252,4.954750146708785,5.483474909268815,5.5254207682878445,5.409861958034836,5.174444009254671
100.0,2200.0,2.68,89069.0,17520.0,8372.3,0.1,68112.0,66204.0,0.9115646258503404,200.0,2199.9325,1.185,41527.0,2600.0,9169.5,1.4,1737080.0,1719276.0,1.5689217270838145,300.0,2199.955,1.3099999999999998,20158.666666666668,1600.0,4597.7,0.1,207336.0,177712.0,2.340688926825836,100.0,2199.865,2.61,87982.0,19800.0,8755.6,0.1,68112.0,66208.0,0.8877551020408163,200.0,2199.9325,1.19,46271.0,3080.0,9350.2,1.4,1737080.0,1719244.0,1.526822134995767,293.8,2199.955,1.36,18384.666666666668,2440.0,3948.7,0.1,210920.0,181144.0,2.4115419928200543,100.0,2199.865,2.61,88549.0,14440.0,8655.8,0.1,68112.0,66208.0,0.8877551020408163,200.0,2200.0,0.98,42728.0,4000.0,8626.1,1.4,1737080.0,1719344.0,1.3296390364042177,300.0,2199.91,1.3833333333333335,19234.0,2520.0,4122.3,0.1,206016.0,176392.0,2.3934084901566264,100.0,2200.0,2.68,93471.0,15560.0,7993.0,0.1,68112.0,66204.0,0.9115646258503404,200.0,2200.0,1.125,22078.0,5480.0,3598.9,1.4,1737080.0,1719308.0,1.5710767336257985,300.0,2200.0,1.3633333333333333,18089.666666666668,2440.0,3526.2,0.1,211712.0,181940.0,2.4159088050471285,4.670518937389115,4.690111250907613,4.877160501955008,5.006025608759956,5.067814627104429,5.1698316441686885,5.239711815440634,5.507514893013632,4.967100699754399,5.458616428889103,5.4970712893725935,5.449378132192106,5.1628690337344505
100.0,2199.865,2.51,463.0,6440.0,43.4,0.1,203196.0,185600.0,1.0,100.0,2200.0,1.24,21297.0,1760.0,5078.4,0.2,397852.0,217720.0,1.6923809523809523,300.0,2199.955,1.5333333333333332,1887.666666666667,1840.0,909.8,0.0,31932.0,15192.0,2.8579493326571535,100.0,2199.865,2.5,787.0,6320.0,56.4,0.1,203196.0,185600.0,0.9960159362549802,93.8,2199.9325,1.26,21270.5,1640.0,4664.8,0.2,396944.0,216784.0,1.7235714285714283,300.0,2199.955,1.6033333333333335,617.6666666666666,2760.0,704.8,0.0,31932.0,15196.0,2.9769230769230766,100.0,2199.865,2.46,893.0,6080.0,61.3,0.1,203196.0,185604.0,0.9800796812749004,100.0,2200.0,1.3,20202.0,2200.0,4419.5999999999985,0.2,396848.0,216812.0,1.7993650793650793,293.8,2199.955,1.59,823.3333333333335,1760.0,251.0,0.0,31932.0,15196.0,2.9581437342000716,100.0,2200.0,2.39,1805.0,5080.0,161.8,0.1,203196.0,185604.0,0.9521912350597612,100.0,2199.9325,1.3199999999999998,19624.5,3120.0,4641.2,0.2,396820.0,216788.0,1.8305555555555555,293.8,2199.91,1.5833333333333333,798.0,1520.0,871.5999999999998,0.0,31932.0,15192.0,2.9457565908270134,5.731521084078356,5.766852906130014,5.7053978119912285,5.596182806860731,5.735391706985122,5.680365300994861,5.6424461028347,5.65967141433712,5.647777857202598,5.660349143569067,5.677343372009077,5.637796294811398,5.393909505448594
93.8,2200.0,2.5,509.0,5360.0,41.8,0.1,203652.0,186128.0,0.972762645914397,100.0,2199.9325,1.24,21217.5,1400.0,5075.5,0.2,396944.0,216932.0,1.6929292929292927,300.0,2199.955,1.49,2227.333333333333,1520.0,1001.2,0.0,32420.0,15652.0,2.8425370346574885,100.0,2199.865,2.49,828.0,5400.0,66.9,0.1,203652.0,186128.0,0.9688715953307394,100.0,2200.0,1.265,21368.5,2120.0,5010.6,0.2,396944.0,216784.0,1.741428571428571,300.0,2199.91,1.5633333333333332,723.3333333333335,2640.0,774.2,0.0,32420.0,15656.0,2.9696888617078203,100.0,2199.865,2.41,1034.0,6000.0,72.5,0.1,203652.0,186132.0,0.9377431906614788,100.0,2199.865,1.3250000000000002,20218.5,3600.0,4496.7,0.2,396980.0,216812.0,1.8886507936507937,300.0,2199.955,1.55,1045.6666666666667,2120.0,362.8,0.0,32420.0,15656.0,2.947251739163673,100.0,2200.0,2.43,1746.0,4760.0,164.3,0.1,203652.0,186132.0,0.945525291828794,100.0,2199.9325,1.34,19359.0,3000.0,4633.4000000000015,0.2,397728.0,217576.0,1.9019841269841269,300.0,2200.0,1.5466666666666666,1032.6666666666667,1200.0,851.4,0.0,32420.0,15652.0,2.942397370231633,5.704246428759364,5.719555706243683,5.6957750968806495,5.598812186642871,5.753093984801673,5.709964926573676,5.605744345966344,5.625912985014038,5.659476791634248,5.604562535942627,5.622710567414273,5.6566911499385455,5.334166693814599
100.0,2199.865,2.41,588.0,6960.0,46.6,0.1,204068.0,186656.0,0.9488188976377954,100.0,2199.865,1.245,21278.5,1720.0,5196.1,0.2,397076.0,216932.0,1.6568738229755178,300.0,2200.0,1.4866666666666666,2304.333333333333,1640.0,1199.7,0.0,32780.0,15956.0,2.838954958145208,100.0,2199.865,2.41,1046.0,7200.0,82.3,0.1,204068.0,186656.0,0.9488188976377954,100.0,2200.0,1.265,21284.5,2360.0,4744.2,0.2,396812.0,216784.0,1.741428571428571,300.0,2199.91,1.5599999999999998,764.3333333333335,2480.0,790.5000000000001,0.0,32780.0,15960.0,2.9664817383263986,100.0,2199.865,2.41,1095.0,6520.0,77.7,0.1,204068.0,186660.0,0.9488188976377954,100.0,2199.865,1.335,20103.0,3480.0,4414.0,0.2,397756.0,217600.0,1.910952380952381,300.0,2199.91,1.5433333333333332,1033.6666666666667,2400.0,372.7,0.0,32780.0,15960.0,2.942209893666204,100.0,2199.865,2.35,1998.0,2800.0,180.6,0.1,204068.0,186660.0,0.9251968503937008,93.8,2199.9325,1.325,19370.0,2720.0,4644.1,0.2,396820.0,216788.0,1.8484126984126985,300.0,2199.955,1.54,999.0,1400.0,870.1999999999998,0.0,32780.0,15956.0,2.9342733857296963,5.67521648992905,5.738299092622718,5.710837540938451,5.621234931488758,5.775240139885428,5.709965318190834,5.63522531164187,5.614692684045564,5.685203894416111,5.624126577624399,5.620877657283131,5.556419391750787,5.262401518439207
100.0,2199.865,2.39,523.0,5560.0,44.6,0.1,204068.0,187184.0,0.956,100.0,2199.9325,1.25,21420.0,1600.0,5176.2,0.2,397852.0,217720.0,1.6869731800766283,293.8,2200.0,1.49,2194.6666666666665,1640.0,1118.0,0.0,33168.0,16460.0,2.8439928791983515,100.0,2199.865,2.36,873.0,4600.0,61.4,0.1,204068.0,187184.0,0.9440000000000001,93.8,2199.9325,1.275,21300.5,2440.0,4760.7,0.2,396944.0,216784.0,1.7347892720306517,300.0,2199.91,1.5566666666666666,794.0,2800.0,760.0,0.0,33168.0,16464.0,2.961743806414442,100.0,2199.865,2.33,1147.0,5600.0,70.7,0.1,204068.0,187188.0,0.932,100.0,2199.9325,1.34,20160.5,2840.0,4388.5,0.2,396848.0,216812.0,1.9077394636015328,300.0,2199.955,1.5399999999999998,1085.0,1720.0,441.8,0.0,33168.0,16464.0,2.9343575955444594,100.0,2199.865,2.39,1739.0,3600.0,157.9,0.1,204068.0,187188.0,0.956,100.0,2199.9325,1.335,19323.5,3480.0,4580.5,0.2,396820.0,216788.0,1.8521072796934868,300.0,2199.955,1.5366666666666664,1061.3333333333333,1720.0,887.7,0.0,33168.0,16460.0,2.929479546763972,5.694965273699792,5.727158740805602,5.73723277982058,5.5797718539200565,5.708950600807244,5.660992923763899,5.572896971322056,5.60963159762425,5.653192470249162,5.6540078345066895,5.655799703218043,5.580626564716778,5.2946150198916575
100.0,2199.865,2.59,402.0,4880.0,41.9,0.1,204068.0,187184.0,1.036,93.3,2199.9325,1.26,21231.5,1960.0,5107.7,0.2,396944.0,216932.0,1.695216572504708,300.0,2199.955,1.4799999999999998,2318.6666666666665,1240.0,1162.4,0.0,33168.0,16460.0,2.817549286450202,100.0,2199.865,2.55,837.0,5520.0,64.0,0.1,204068.0,187184.0,1.02,100.0,2199.9325,1.275,21125.0,2160.0,4727.6,0.2,396812.0,216784.0,1.7347892720306517,300.0,2199.955,1.5633333333333337,847.3333333333335,2600.0,796.6,0.0,33168.0,16464.0,2.9618851991327166,100.0,2199.865,2.49,906.0,3480.0,65.3,0.1,204068.0,187188.0,0.996,100.0,2200.0,1.335,20166.5,2320.0,4415.6,0.2,396980.0,216812.0,1.890498084291188,300.0,2199.91,1.5466666666666666,1109.6666666666667,2400.0,385.0,0.0,33168.0,16464.0,2.9377306097607363,100.0,2200.0,2.47,1631.0,3920.0,127.7,0.1,204068.0,187188.0,0.988,100.0,2199.9325,1.285,18552.5,3480.0,4370.799999999998,0.2,397728.0,217576.0,1.8076628352490418,293.8,2199.865,1.5433333333333332,1014.0,1720.0,858.7,0.0,33168.0,16460.0,2.9328996918863397,5.6259061078256725,5.6776470224653375,5.641112837346131,5.51427525327922,5.667847564470757,5.620567870984167,5.6212373705599665,5.5791746084796685,5.688176864771634,5.658672735714597,5.580132756744348,5.577068025874394,5.322457070913768
100.0,2200.0,2.46,558.0,6800.0,51.5,0.1,204340.0,187712.0,0.9959514170040484,100.0,2199.9325,1.045,20943.5,2240.0,5026.6,0.2,382884.0,203140.0,0.9288888888888888,293.8,2200.0,1.4933333333333332,2207.6666666666665,1320.0,1127.6,0.0,33536.0,16516.0,2.82723394701392,100.0,2199.865,2.44,984.0,6040.0,70.3,0.1,204340.0,187712.0,0.9878542510121456,100.0,2199.9325,1.33,20852.0,2280.0,4710.7,0.2,383052.0,203172.0,1.5106944444444443,293.8,2199.91,1.5533333333333337,868.3333333333335,2720.0,787.4,0.0,33536.0,16780.0,2.9318590031432414,100.0,2200.0,2.44,970.0,3360.0,65.2,0.1,204200.0,187452.0,0.9878542510121456,100.0,2199.9325,1.365,19572.5,3160.0,4294.2,0.2,383140.0,203232.0,1.5597222222222222,300.0,2199.955,1.5433333333333332,1261.6666666666667,1680.0,717.3,0.0,33536.0,16780.0,2.922616374794192,100.0,2199.865,2.4,1847.0,2640.0,149.8,0.1,204200.0,187452.0,0.97165991902834,100.0,2199.9325,1.3,18825.0,4960.0,4521.5,0.2,382988.0,203228.0,1.4123611111111112,300.0,2200.0,1.54,1098.3333333333333,1920.0,882.8,0.0,33536.0,16776.0,2.9177144140098785,5.363521150231664,5.163210016172743,4.9470678162426776,18.58254216631048,4.868690800113646,4.859346888932599,5.425256687647521,4.794307413235423,4.818842720080427,5.459876273057087,5.399212917431594,5.347152531908384,4.600694022491776
100.0,2200.0,2.65,2808.0,5600.0,252.7,0.4,623116.0,562964.0,1.0311284046692608,200.0,2200.0,1.285,11342.5,3160.0,2984.9,0.9,1570196.0,1200944.0,1.604876686088275,293.8,2199.955,2.1366666666666667,1241.0,840.0,210.2,0.0,42088.0,10864.0,2.8519582241680457,100.0,2199.865,2.62,4980.0,5600.0,897.9,0.4,623116.0,561568.0,1.0194552529182879,200.0,2199.9325,1.275,12311.5,3720.0,2562.600000000001,0.9,1570132.0,1200660.0,1.5899513129539469,300.0,2199.865,2.2133333333333334,453.0,1440.0,41.3,0.0,42088.0,10868.0,2.9549578277256847,100.0,2200.0,2.67,5128.0,4960.0,900.0,0.4,623116.0,559976.0,1.038910505836576,193.3,2199.865,1.29,9146.5,4480.0,1912.5,0.9,1575172.0,1205108.0,1.60599409370261,300.0,2199.91,1.9866666666666664,1476.333333333333,1920.0,56.7,0.0,42088.0,10868.0,2.6630125022982165,93.8,2199.865,2.72,5264.0,4280.0,914.3,0.4,623116.0,560008.0,1.058365758754864,193.8,2199.9325,1.4,8096.0,5200.0,1572.8000000000004,0.9,1578112.0,1208116.0,1.7659430122116688,300.0,2199.91,2.1533333333333333,750.3333333333335,1320.0,54.6,0.0,42088.0,10860.0,2.882253027900349,5.654701142229378,5.50896372071928,5.580028386644966,5.623826267859154,5.654257631434821,5.6764273317516025,5.674650935609202,5.652050537705172,5.663610774362147,5.710339892594051,5.487619798284528,5.719387376504214,5.635284712022735
100.0,2200.0,1.4,2482.0,9000.0,372.0,0.4,623116.0,591636.0,0.9655172413793104,200.0,2199.9325,1.29,15060.0,3440.0,3601.9,0.9,1607236.0,1238268.0,1.5103980986333927,293.8,2199.91,2.1766666666666663,1335.6666666666667,1040.0,366.7,0.0,42088.0,10864.0,2.874872922560113,100.0,2199.865,1.42,2348.0,9840.0,317.7,0.4,623116.0,590240.0,0.9793103448275862,200.0,2199.9325,1.26,10929.5,2960.0,2342.8,0.9,1608656.0,1239692.0,1.4699940582293525,293.8,2199.955,2.23,595.6666666666666,1840.0,47.6,0.0,42088.0,10868.0,2.9444119077086284,100.0,2199.865,1.39,2841.0,8240.0,346.0,0.4,623116.0,588648.0,0.9586206896551724,200.0,2199.865,1.525,13782.0,3720.0,2753.5,0.9,1629632.0,1259816.0,1.815210932857992,300.0,2199.955,2.01,1586.333333333333,2120.0,42.3,0.0,42088.0,10868.0,2.662261315417256,100.0,2200.0,1.2,5610.0,13280.0,643.3,0.4,623116.0,588680.0,0.8275862068965517,193.8,2199.9325,1.37,10437.0,6360.0,1902.3,0.9,1629632.0,1259584.0,1.6102198455139631,300.0,2199.955,2.2066666666666666,736.3333333333335,1200.0,64.4,0.0,42088.0,10860.0,2.921245137906648,5.655489515686381,6.010061483812232,5.755976076539108,6.04424229877931,6.0574416917025244,6.087030731407517,5.887561922245929,5.976124171307008,5.424687310689574,5.991443894401871,5.763009445413371,6.0610307724278085,6.097486114591034
100.0,2200.0,1.16,6013.0,10360.0,670.8,0.5,623116.0,616676.0,0.9508196721311476,200.0,2199.9325,0.8,6631.0,2320.0,2098.4,1.2,1962408.0,1593560.0,2.1368184955141483,293.8,2199.91,2.0033333333333334,1487.0,640.0,210.0,0.0,42428.0,11484.0,2.7514940871147986,100.0,2200.0,1.15,6240.0,9640.0,666.1,0.5,623116.0,616792.0,0.942622950819672,193.3,2199.9325,1.145,5842.5,3760.0,1230.9,1.2,1967528.0,1598828.0,2.565389924085576,300.0,2199.955,2.106666666666667,559.0,1640.0,45.2,0.0,42428.0,11488.0,2.8873736473549325,100.0,2199.865,1.13,6804.0,9360.0,687.0,0.5,623116.0,616984.0,0.9262295081967212,200.0,2200.0,0.815,3843.0,3360.0,918.2,1.2,1995520.0,1626568.0,1.896652864044168,300.0,2199.91,1.6866666666666663,2170.0,1360.0,33.7,0.0,42428.0,11488.0,2.308993823809794,100.0,2199.865,1.12,7041.0,8440.0,743.7,0.5,623116.0,617016.0,0.918032786885246,200.0,2200.0,0.835,2870.0,3920.0,651.3,1.2,2014132.0,1645176.0,1.813664596273292,293.8,2199.955,2.02,857.0,1400.0,77.7,0.0,42428.0,11480.0,2.765505289054884,5.727785863755923,6.110596132913195,6.25446779439054,5.98698062042021,5.654318312198454,5.7847748077401056,5.888350678983501,6.161893583082901,6.0583907873933285,6.25413382317427,6.1483361991749845,6.01096714894955,6.071620584380352
100.0,2199.865,1.16,5889.0,10600.0,644.3,0.5,623116.0,616676.0,0.9586776859504132,200.0,2199.9325,0.84,6150.0,2520.0,1742.6999999999996,1.2,2029728.0,1661788.0,2.2464539007092204,300.0,2200.0,2.0066666666666664,1933.333333333333,1280.0,229.1,0.0,42428.0,11484.0,2.741499847421422,100.0,2199.865,1.16,6351.0,11080.0,681.2,0.5,623116.0,616792.0,0.9586776859504132,200.0,2199.865,0.87,6420.5,3240.0,1335.6,1.3,2037240.0,1669316.0,2.3096926713947994,293.8,2200.0,2.123333333333333,930.3333333333335,1480.0,88.2,0.0,42428.0,11488.0,2.9027036924015865,100.0,2200.0,1.14,6842.0,9360.0,731.4,0.5,623116.0,616984.0,0.9421487603305784,193.3,2199.9325,0.865,3993.0,3200.0,978.3,1.3,2069528.0,1721268.0,2.1371158392434992,300.0,2199.955,1.8033333333333332,2704.6666666666665,1760.0,73.4,0.0,42428.0,11488.0,2.4796170277693013,100.0,2199.865,1.13,7007.0,8320.0,747.0,0.5,623116.0,617016.0,0.9338842975206609,200.0,2199.865,0.8500000000000001,3281.5,4840.0,624.2,1.3,2090900.0,1721268.0,1.9917257683215133,300.0,2199.91,2.0766666666666667,1247.3333333333333,1920.0,136.0,0.0,42428.0,11480.0,2.8386847726579187,5.5582214556663345,5.755209893537384,6.058745678544197,6.246608662959902,5.756084340863812,5.671469370942409,5.584991604386032,5.632864858959093,5.566489355177014,5.736597522983705,5.683245086825462,5.925195092960585,5.963587174641164
100.0,2199.865,2.45,491.0,6880.0,118.4,0.1,202724.0,184808.0,1.004098360655738,200.0,2199.9325,1.1800000000000002,24782.0,2640.0,4804.7,0.7999999999999999,1040848.0,1026484.0,2.0087912087912088,300.0,2199.91,1.593333333333333,3641.666666666666,1600.0,1457.4,0.7,930024.0,917368.0,2.7334325223175213,100.0,2199.865,2.49,390.0,5200.0,103.9,0.1,202724.0,184812.0,1.0204918032786887,200.0,2200.0,1.125,25149.5,2440.0,4699.700000000002,0.7999999999999999,1042176.0,1027832.0,1.9091051805337518,300.0,2199.91,1.843333333333333,3197.666666666666,2440.0,933.9,0.7,930024.0,917372.0,2.7964032985219425,100.0,2199.865,2.45,485.0,5560.0,98.9,0.1,202724.0,184812.0,1.004098360655738,200.0,2199.9325,1.145,24112.5,3920.0,4082.8,0.7999999999999999,1043492.0,1029096.0,1.942386185243328,300.0,2199.955,1.663333333333333,2060.333333333333,2560.0,1051.0,0.7,930024.0,917100.0,2.8616887410778538,100.0,2199.865,2.36,761.0,6960.0,198.7,0.1,202724.0,184808.0,0.9672131147540984,200.0,2199.865,1.125,23089.0,4440.0,3877.9,0.7999999999999999,1043756.0,1029568.0,1.9166405023547881,300.0,2199.955,1.6366666666666667,2247.0,2160.0,708.1,0.7,930024.0,917364.0,2.8140828908726685,5.760594804641109,5.4513589958460615,5.486862577604772,5.522722833448971,5.508269579530062,5.474968183169789,5.579912871456748,5.51316045960218,5.444401856807746,5.559930215317963,5.462123951378188,5.353885717445904,5.165236101915441
100.0,2199.865,2.5,162.0,6120.0,11.2,0.1,203196.0,185600.0,0.9960159362549802,200.0,2200.0,0.705,26117.0,2160.0,5051.7,0.7999999999999999,1063816.0,1049716.0,1.5595848595848594,300.0,2200.0,1.586666666666667,3765.0,1520.0,1381.0,0.7,930024.0,917368.0,2.6214676268739976,100.0,2199.865,2.47,375.0,7720.0,47.1,0.1,203196.0,185604.0,0.9840637450199204,200.0,2199.9325,0.705,26107.0,2280.0,4895.200000000002,0.7999999999999999,1063824.0,1049744.0,1.5595848595848594,300.0,2200.0,1.6900000000000002,3108.333333333333,2320.0,816.0,0.7,930024.0,917372.0,2.7387354889486457,100.0,2199.865,2.46,344.0,5160.0,18.0,0.1,203196.0,185604.0,0.9800796812749004,193.8,2200.0,0.73,25016.5,3840.0,4247.0,0.7999999999999999,1064348.0,1049952.0,1.6145299145299146,300.0,2200.0,1.66,1951.333333333333,2600.0,992.3,0.7,930024.0,917100.0,2.7429816505183564,100.0,2199.865,2.52,370.0,5120.0,39.5,0.1,203196.0,185600.0,1.0039840637450201,200.0,2200.0,0.75,24153.0,4800.0,4074.5,0.7999999999999999,1064480.0,1050160.0,1.6584859584859584,300.0,2199.865,1.63,2173.333333333333,2760.0,719.3,0.7,930024.0,917364.0,2.6922479288164167,5.381087495964925,5.371763983194756,5.433063938277097,5.382856393695575,5.4120491154488,5.378323954599288,5.375928030210914,5.391280139077562,5.386557779175999,5.85488385308365,5.416685288396771,5.588060092963077,5.07998895415933
100.0,2200.0,2.45,312.0,6960.0,22.9,0.1,204068.0,186656.0,0.9645669291338584,200.0,2199.865,0.64,39017.0,3440.0,7875.1,0.7999999999999999,1066984.0,1052620.0,1.3816078658183923,300.0,2199.955,1.6266666666666667,4377.666666666667,1240.0,1419.7,0.7,930024.0,917368.0,2.5636693258212726,100.0,2200.0,2.43,326.0,7440.0,48.4,0.1,204068.0,186660.0,0.9566929133858268,193.8,2199.9325,0.64,39172.0,2440.0,5903.299999999998,0.7999999999999999,1067784.0,1053440.0,1.381145170618855,300.0,2200.0,1.64,2570.0,2120.0,746.5999999999998,0.7,930024.0,917372.0,2.7008422900799585,100.0,2199.865,2.37,1607.0,6480.0,91.2,0.1,204068.0,186660.0,0.9330708661417324,200.0,2199.9325,0.6799999999999999,35984.0,3560.0,5760.9,0.7999999999999999,1070948.0,1056552.0,1.4662810873337189,300.0,2199.91,1.8166666666666664,2492.6666666666665,2320.0,1376.9,0.7,930024.0,917100.0,2.9181536507506936,100.0,2200.0,2.44,384.0,6560.0,41.8,0.1,204068.0,186656.0,0.9606299212598424,200.0,2200.0,0.6950000000000001,31840.5,5960.0,4656.9,0.8999999999999999,1071740.0,1057288.0,1.4978600347021398,300.0,2199.955,1.7633333333333336,2760.666666666666,2240.0,823.6,0.7,930024.0,917364.0,2.8206596015573586,5.376032829562032,5.300534605614918,5.293593059629549,5.256513871213748,5.329001192496901,5.381155836375216,5.457604002372296,5.485071576656946,5.449216022612023,5.6235373242700915,5.352598010356114,5.4667493134952565,5.167307726781336
100.0,2199.865,2.57,183.0,6800.0,13.1,0.1,204068.0,187184.0,1.028,200.0,2200.0,0.53,27551.5,2480.0,5857.3,0.8999999999999999,1080316.0,1066084.0,1.2851862803075105,300.0,2199.865,1.6766666666666667,4901.0,1040.0,1597.8,0.7,930024.0,917368.0,2.64127518864289,100.0,2200.0,2.56,186.0,5720.0,30.6,0.1,204068.0,187188.0,1.024,200.0,2200.0,0.525,27306.0,2840.0,4743.9,0.8999999999999999,1080588.0,1066376.0,1.273950325251331,300.0,2199.91,1.7166666666666668,2800.0,2360.0,739.3,0.7,930364.0,917740.0,2.721673121334517,100.0,2200.0,2.58,335.0,6120.0,20.5,0.1,204068.0,187188.0,1.032,200.0,2199.865,0.61,24173.0,3600.0,3478.1,0.8999999999999999,1089956.0,1075824.0,1.48418095801301,300.0,2199.955,1.8966666666666665,2752.666666666666,1680.0,1623.0,0.7,930024.0,917100.0,3.0342236117499346,100.0,2199.865,2.5,498.0,6200.0,55.3,0.1,204068.0,187184.0,1.0,200.0,2199.9325,0.61,24067.5,4600.0,4314.8,0.8999999999999999,1091012.0,1076560.0,1.4822590183323476,300.0,2199.955,1.906666666666667,3257.0,3000.0,952.2,0.7,930024.0,917364.0,3.0747324192285217,5.565940972091762,5.325658247543883,5.439261413788555,5.424762098080535,5.560049733534464,5.474104785182166,5.875712300042712,5.838798194324768,5.4973625873429635,5.494773323058349,5.612391321841457,5.7192231102192315,5.625180001695666
100.0,2199.865,2.54,317.0,6800.0,23.6,0.1,204340.0,188240.0,1.0,200.0,2200.0,0.45,28830.5,2520.0,5019.4,0.8999999999999999,1091008.0,1076644.0,1.1623422159887795,300.0,2199.91,1.58,4046.0,1640.0,1408.4,0.7,928148.0,915928.0,2.9221686535556497,100.0,2199.865,2.6,124.0,5520.0,31.7,0.1,204340.0,188244.0,1.0236220472440944,193.8,2199.865,0.4500000000000001,28549.0,2720.0,5042.200000000002,0.8999999999999999,1091016.0,1076672.0,1.1570827489481066,293.8,2199.955,1.5133333333333334,1859.0,2280.0,745.0999999999998,0.7,928148.0,916128.0,2.5283417935702195,100.0,2199.865,2.53,411.0,4680.0,31.1,0.1,204340.0,188244.0,0.996062992125984,200.0,2200.0,0.49,27035.5,3640.0,3882.7,0.8999999999999999,1091012.0,1076616.0,1.2545582047685833,300.0,2199.91,1.5266666666666666,1822.333333333333,2360.0,571.1999999999998,0.7,928148.0,915752.0,2.9141981735008216,100.0,2200.0,2.42,427.0,5000.0,42.0,0.1,204340.0,188240.0,0.9527559055118109,200.0,2199.9325,0.525,25564.0,4400.0,4436.1,0.8999999999999999,1091408.0,1077088.0,1.3516830294530155,300.0,2199.955,1.45,1947.666666666667,2040.0,342.4,0.7,928148.0,915944.0,2.740509413514007,5.1927273357258334,5.111600733454918,5.00610839660684,5.037007673784813,5.29624018766656,5.318383525995199,5.395322487038177,5.5635728011225725,5.295156999613536,5.2435964765916605,5.2760472580324915,5.080255902505816,5.434909140378513
100.0,2200.0,2.46,303.0,5480.0,24.9,0.1,204484.0,188504.0,0.9609375,200.0,2200.0,0.4500000000000001,28530.0,2440.0,4929.7,0.8999999999999999,1091008.0,1076644.0,1.1418330773169485,300.0,2199.955,1.4566666666666668,2872.0,1840.0,916.8,0.7,928148.0,915928.0,2.417413804469642,100.0,2199.865,2.48,211.0,6600.0,35.7,0.1,204484.0,188508.0,0.96875,200.0,2200.0,0.4450000000000001,28625.0,2640.0,5044.6,0.8999999999999999,1091016.0,1076672.0,1.1259600614439325,300.0,2200.0,1.6,1908.666666666667,1760.0,629.5999999999998,0.7,928148.0,916128.0,2.5725603013338856,100.0,2200.0,2.51,320.0,6880.0,23.3,0.1,204484.0,188508.0,0.98046875,200.0,2199.9325,0.485,27026.5,3640.0,3792.7,0.8999999999999999,1091012.0,1076616.0,1.2222222222222219,300.0,2200.0,1.4933333333333334,1873.0,1920.0,525.3,0.7,928148.0,915752.0,2.4977813460409553,100.0,2200.0,2.53,222.0,4200.0,26.8,0.1,204484.0,188504.0,0.98828125,200.0,2199.9325,0.525,25662.0,5120.0,4502.3,0.8999999999999999,1095632.0,1081312.0,1.3338453661034306,300.0,2199.955,1.62,1987.0,2080.0,349.5,0.7,928148.0,915944.0,2.6916588970613624,4.8445005221582775,4.93872328210372,5.083797411635495,5.111317202660851,5.254908061991428,5.215670498067671,5.192334757575318,5.1244373221532955,5.3566882132367235,5.065394381426503,5.411072833730131,5.497943316307572,5.100573040669593
100.0,2199.865,2.01,1531.0,18520.0,297.7,0.1,150040.0,135072.0,0.9757281553398056,200.0,2199.9325,1.56,13348.0,2320.0,9932.7,0.4,602424.0,598300.0,1.8575060879530152,300.0,2199.955,1.6833333333333331,4546.0,1040.0,1222.9,0.0,206032.0,85496.0,2.6895468250888137,100.0,2200.0,2.0,1781.0,15520.0,327.7,0.1,156632.0,141568.0,0.9708737864077671,200.0,2199.865,1.555,13448.5,2520.0,10681.8,0.4,602420.0,598360.0,1.8510958315427584,300.0,2199.955,1.78,3615.333333333334,2320.0,758.6,0.0,206032.0,85492.0,2.8450060204396417,100.0,2199.865,2.0,1861.0,15200.0,339.0,0.1,157028.0,141828.0,0.9708737864077671,200.0,2199.9325,1.605,13419.0,3800.0,9800.6,0.4,602428.0,598296.0,1.9127274029508663,293.8,2199.955,1.7766666666666666,3740.333333333334,2440.0,1234.0,0.0,206032.0,85492.0,2.8374804708879404,100.0,2199.865,1.99,1928.0,14160.0,315.5,0.1,139252.0,124436.0,0.9660194174757282,200.0,2199.865,1.635,13676.0,5080.0,7053.1,0.4,602424.0,598556.0,1.948717948717949,300.0,2199.91,1.7766666666666666,2922.0,2160.0,998.2,0.0,206032.0,85496.0,2.8389084594640313,5.7786220838816496,6.068560953667727,5.771207568200379,5.849972162749858,6.050761923026018,5.815285418488537,6.030362086224711,5.375377540611195,5.7857959232618565,5.770741635929165,5.396223004915441,5.72697519560132,5.035378023692432
100.0,2200.0,2.5,196.0,6040.0,14.2,0.1,203196.0,185604.0,0.9960159362549802,193.8,2199.865,1.55,13536.5,2280.0,9905.8,0.4,602488.0,598564.0,1.8390919118955271,293.8,2199.865,1.6933333333333334,6120.333333333332,1080.0,1484.1,0.0,207308.0,86784.0,2.7100888053752987,100.0,2200.0,2.48,415.0,7000.0,40.2,0.1,203196.0,185604.0,0.9880478087649404,200.0,2200.0,1.555,13531.0,2520.0,10654.5,0.4,602488.0,598360.0,1.8454613386471197,300.0,2199.91,1.7700000000000002,3749.333333333334,2320.0,749.2,0.0,207944.0,87404.0,2.837259498341022,100.0,2199.865,2.5,382.0,6080.0,35.3,0.1,203196.0,185604.0,0.9960159362549802,200.0,2199.9325,1.6,13539.5,3760.0,9896.2,0.4,602492.0,598560.0,1.9004376756929864,300.0,2199.955,1.7766666666666666,3838.333333333334,2000.0,1231.7,0.0,207308.0,86780.0,2.841918186111479,100.0,2200.0,2.52,336.0,2880.0,23.8,0.1,203196.0,185604.0,1.0039840637450201,200.0,2199.9325,1.63,13649.5,5160.0,6991.8,0.4,602488.0,598556.0,1.9363057324840764,300.0,2199.91,1.7833333333333332,3817.0,2440.0,1219.7,0.0,207308.0,86784.0,2.8535460930882235,5.788624861940839,5.813548000937977,5.804157026597644,5.828247616323887,5.794400549598493,5.8045299355484214,5.7784082994653065,5.765562332893218,5.729753558909705,5.732344891764944,5.761651720445923,5.693758743954028,5.457835055393618
100.0,2200.0,2.51,315.0,5560.0,20.4,0.1,203652.0,186132.0,0.9766536964980544,200.0,2199.9325,1.545,13710.0,2480.0,9977.2,0.4,602520.0,598564.0,1.8225421348314603,300.0,2200.0,1.6833333333333331,6218.0,1360.0,1498.5,0.0,207848.0,87492.0,2.6951806717124644,100.0,2199.865,2.46,427.0,5920.0,41.5,0.1,203652.0,186132.0,0.9571984435797666,200.0,2199.9325,1.555,13616.5,2360.0,10642.1,0.4,602520.0,598360.0,1.8344101123595504,300.0,2200.0,1.7866666666666668,3762.333333333334,2200.0,759.6,0.0,207848.0,87488.0,2.859360046576596,100.0,2199.865,2.49,424.0,3880.0,39.5,0.1,203652.0,186132.0,0.9688715953307394,200.0,2199.9325,1.61,13704.5,3920.0,9975.5,0.4,602524.0,598560.0,1.9012640449438198,293.8,2199.955,1.7733333333333334,3856.333333333334,2440.0,1243.0,0.0,207848.0,87488.0,2.8375128997678667,100.0,2199.865,2.47,320.0,3680.0,22.4,0.1,203652.0,186132.0,0.9610894941634244,200.0,2200.0,1.645,13648.5,5000.0,6998.4000000000015,0.4,602520.0,598556.0,1.9431179775280896,300.0,2199.955,1.78,3889.333333333334,3160.0,1208.1,0.0,207848.0,87492.0,2.8491408067446113,5.706877989541904,5.842535910256569,5.83892650234855,5.784361146016798,5.823923610652073,5.8558767208808495,5.801452610662901,5.808401386128554,5.772222741414236,5.765278739116306,5.725625505449938,5.655092161774935,5.431186255105749
100.0,2199.865,2.49,290.0,6440.0,17.5,0.1,203920.0,186660.0,0.9803149606299212,200.0,2200.0,1.555,13579.5,2360.0,9831.6,0.4,602520.0,598564.0,1.8082737487231868,300.0,2200.0,1.6833333333333331,6179.333333333332,1320.0,1443.3000000000004,0.0,207848.0,87492.0,2.6951806717124644,100.0,2199.865,2.44,1172.0,8840.0,100.5,0.1,203920.0,186660.0,0.9606299212598424,200.0,2199.865,1.5499999999999998,13690.0,2440.0,10651.9,0.4,602520.0,598360.0,1.8026557711950968,300.0,2200.0,1.78,3743.0,1360.0,751.1,0.0,207848.0,87488.0,2.8599479202877034,100.0,2199.865,2.51,342.0,4560.0,31.1,0.1,203920.0,186660.0,0.9881889763779528,200.0,2199.9325,1.625,13503.5,3800.0,9856.7,0.4,602572.0,598560.0,1.8917943479741235,293.8,2199.955,1.78,3834.0,2480.0,1217.1999999999996,0.0,207848.0,87488.0,2.846323472455092,100.0,2199.865,2.49,343.0,5240.0,19.1,0.1,203784.0,186396.0,0.9803149606299212,200.0,2200.0,1.67,13625.0,5080.0,6920.3,0.4,602568.0,598556.0,1.9450119169220288,300.0,2199.955,1.78,3826.333333333334,2360.0,1200.6,0.0,207848.0,87492.0,2.8491408067446113,5.8245503182394875,5.794850408572469,5.83411008772893,5.801275353383904,5.810922049173287,5.792943862852565,5.756859416518108,5.7246707596887605,5.812000354476835,5.771701935377232,5.696746348561495,5.68966562343188,5.4110368142144765
100.0,2199.865,2.44,207.0,4200.0,11.2,0.1,204200.0,187452.0,0.9838709677419356,200.0,2199.9325,1.535,13708.5,2600.0,9874.6,0.4,602636.0,598564.0,1.793996001930103,300.0,2199.955,1.6900000000000002,6159.333333333332,880.0,1498.4,0.0,207848.0,87496.0,2.709659972191408,100.0,2199.865,2.35,374.0,7480.0,38.5,0.1,204200.0,187452.0,0.9475806451612904,200.0,2199.9325,1.545,13650.5,2520.0,10623.9,0.4,602632.0,598624.0,1.8062659405804091,300.0,2200.0,1.7733333333333334,3737.333333333334,2440.0,722.7,0.0,207848.0,87492.0,2.8375128997678667,100.0,2199.865,2.41,236.0,3640.0,26.5,0.1,204200.0,187452.0,0.9717741935483872,200.0,2199.865,1.585,13534.0,3840.0,9850.4,0.4,602636.0,598560.0,1.853794719790446,300.0,2199.91,1.7833333333333334,3818.666666666666,3080.0,1234.5,0.0,207848.0,87492.0,2.85634778811258,100.0,2199.865,2.39,307.0,2640.0,18.3,0.1,204200.0,187452.0,0.9637096774193548,200.0,2200.0,1.635,13839.0,5000.0,7070.3,0.4,602632.0,598556.0,1.9135934376507893,300.0,2199.955,1.7833333333333332,3818.0,1720.0,1227.2,0.0,207848.0,87496.0,2.8577369628398896,5.820565558457383,5.86696315971736,5.807943885641606,5.806526107618214,5.842878472644342,5.802678109532852,5.836657307813282,5.824527737243803,5.751052165896383,5.7507363190507625,5.80631291253372,5.703281426834064,5.466666747373363
93.8,2199.865,2.56,255.0,5120.0,14.8,0.1,204340.0,188244.0,1.0078740157480317,200.0,2200.0,1.545,13853.5,2440.0,9999.2,0.4,602636.0,598564.0,1.8333807424263973,300.0,2199.955,1.6900000000000002,6179.666666666668,1680.0,1489.1,0.0,207848.0,87496.0,2.7215370743933005,100.0,2200.0,2.46,129.0,3920.0,17.3,0.1,204340.0,188244.0,0.968503937007874,200.0,2200.0,1.56,13669.0,2480.0,10634.5,0.4,602632.0,598624.0,1.8523680841985493,300.0,2199.91,1.7833333333333332,3739.0,3080.0,761.3,0.0,207848.0,87492.0,2.8535460930882235,100.0,2199.865,2.49,246.0,4560.0,18.9,0.1,204340.0,188244.0,0.9803149606299212,200.0,2199.9325,1.595,13622.0,3840.0,9898.4,0.4,602636.0,598560.0,1.8938273360830609,300.0,2199.91,1.7833333333333334,3808.0,3040.0,1203.2,0.0,207848.0,87488.0,2.8696971086252216,100.0,2199.865,2.43,269.0,3320.0,14.9,0.1,204340.0,188244.0,0.9566929133858268,200.0,2200.0,1.63,14971.0,5120.0,7008.799999999998,0.4,602632.0,598556.0,1.935997724363533,300.0,2199.91,1.78,3798.0,2720.0,1243.9,0.0,207848.0,87492.0,2.8653111437129413,5.808896069243321,5.872696357811263,5.746215390544264,5.771948530709087,5.757404979900705,5.7928180181823015,5.709884451194844,5.7416879408848525,5.717261378038768,5.721829857400437,5.698894203632952,5.709890066490227,5.3517474296778085
100.0,2199.865,2.52,245.0,6880.0,15.8,0.1,204616.0,189036.0,1.0202429149797572,200.0,2199.9325,1.54,13650.0,2400.0,9811.3,0.4,602636.0,598564.0,1.8317827238245183,300.0,2199.955,1.6900000000000002,6131.333333333332,1400.0,1516.0,0.0,207848.0,87496.0,2.7204420163483234,100.0,2199.865,2.52,335.0,5520.0,33.3,0.1,204616.0,188772.0,1.0202429149797572,200.0,2199.9325,1.535,13656.5,2480.0,10561.3,0.4,602632.0,598624.0,1.8261647462964288,293.8,2199.865,1.7633333333333334,3702.333333333334,1600.0,742.3,0.0,207848.0,87492.0,2.825272997687084,100.0,2199.865,2.56,259.0,5240.0,22.9,0.1,204616.0,188772.0,1.0364372469635628,193.8,2200.0,1.615,13704.0,3720.0,9985.7,0.4,602636.0,598560.0,1.9250697774278964,300.0,2200.0,1.7766666666666666,3797.333333333334,1880.0,1220.0,0.0,207848.0,87492.0,2.8565064915826546,100.0,2199.865,2.52,426.0,5600.0,32.3,0.1,204616.0,188772.0,1.0202429149797572,200.0,2199.865,1.625,14849.0,5160.0,6974.8,0.4,602632.0,598556.0,1.9355542832605737,300.0,2199.865,1.7833333333333332,3815.333333333334,2440.0,1200.3,0.0,207848.0,87496.0,2.8698526845289827,5.77641823091735,5.78846384758879,5.803481709095898,5.866046336843147,5.803998512041229,5.807554676144582,5.696585175823724,5.678272461767668,5.712241213124956,5.722413492859634,5.725173743618719,5.72864560777255,5.381826258403066
100.0,2199.865,2.45,322.0,6480.0,18.9,0.1,204756.0,189036.0,0.9760956175298806,200.0,2200.0,1.545,14676.0,2480.0,9591.8,0.4,602636.0,598564.0,1.8327224851439348,300.0,2200.0,1.6933333333333334,6168.333333333332,880.0,1488.0,0.0,207848.0,87496.0,2.7149507664796104,100.0,2199.865,2.42,131.0,4080.0,21.8,0.1,204756.0,189036.0,0.9641434262948207,200.0,2199.9325,1.55,14755.0,2520.0,10393.6,0.4,602632.0,598624.0,1.8390919118955271,300.0,2199.865,1.7700000000000002,3670.0,2320.0,734.2,0.0,207848.0,87492.0,2.829910141206676,100.0,2199.865,2.45,241.0,4920.0,20.5,0.1,204756.0,189036.0,0.9760956175298806,200.0,2200.0,1.59,13670.5,3840.0,9948.3,0.4,602636.0,598560.0,1.8876988221898017,300.0,2199.955,1.7733333333333334,3783.666666666666,2040.0,1213.3,0.0,207848.0,87492.0,2.8428168573362065,100.0,2199.865,2.38,306.0,3600.0,20.9,0.1,204756.0,189036.0,0.9482071713147412,200.0,2199.9325,1.67,13697.5,5240.0,6985.4000000000015,0.4,602636.0,598556.0,1.9872611464968155,300.0,2199.91,1.7766666666666666,3843.0,2320.0,1224.3,0.0,207848.0,87496.0,2.847222143679818,5.7819024187064105,5.933006300984517,5.791783758019059,5.751369302605736,5.792849543747639,5.8076227170860175,5.778015828195403,5.8005180647721515,5.704231980619451,5.650740200259119,5.7686815951769566,5.7199540033580005,5.3650984259469885
100.0,2199.865,2.63,86851.0,17760.0,8287.5,0.1,68112.0,66208.0,0.9006849315068493,100.0,2199.9325,1.035,11518.5,2160.0,10595.3,0.4,690728.0,510856.0,1.5935059988573606,293.8,2200.0,1.86,2742.6666666666665,1000.0,501.0,0.0,224012.0,94836.0,2.7587498632833864,100.0,2199.865,2.61,88736.0,17400.0,7369.4,0.1,68112.0,66208.0,0.8938356164383562,100.0,2199.865,1.025,11378.5,1600.0,9520.9,0.4,690744.0,510888.0,1.5822700438011807,300.0,2199.91,1.9433333333333331,1434.666666666667,2400.0,224.1,0.0,224012.0,94640.0,2.8756972547303947,100.0,2200.0,2.63,91917.0,17400.0,8811.5,0.1,68112.0,66208.0,0.9006849315068493,100.0,2199.865,1.05,11668.5,3640.0,8871.6,0.4,690872.0,511004.0,1.6330222814701962,293.8,2199.955,1.9833333333333332,970.6666666666665,1560.0,153.5,0.0,224012.0,94836.0,2.92950891392322,100.0,2199.865,2.64,92013.0,16120.0,9351.8,0.1,68112.0,66208.0,0.904109589041096,100.0,2199.9325,1.065,12233.0,5000.0,7541.3,0.4,690852.0,510992.0,1.6272138640258997,300.0,2199.91,1.9566666666666668,1334.6666666666667,2480.0,146.39999999999995,0.0,224012.0,94836.0,2.8936344744613365,5.581723854698984,5.5657143074420095,5.57357432795232,5.593065818827988,5.627439185755955,5.565304453617497,5.58123332435995,5.6293677702754525,5.578520312648335,5.565550330064582,5.573637437055403,5.570981887851933,5.5832421185851535
100.0,2199.865,2.61,88918.0,19680.0,8756.8,0.1,68112.0,66208.0,0.8907849829351535,100.0,2199.9325,0.975,12649.0,2520.0,10117.5,0.4,676852.0,497292.0,1.0332208987737606,300.0,2200.0,1.903333333333333,2656.6666666666665,1160.0,486.3,0.0,224012.0,94836.0,2.8711594497667234,100.0,2200.0,2.63,90296.0,18800.0,7763.3,0.1,68112.0,66208.0,0.8976109215017064,100.0,2199.9325,1.07,11549.0,2480.0,9471.5,0.4,676888.0,497276.0,1.083201574083834,300.0,2199.955,1.9433333333333331,1340.0,2200.0,253.4,0.0,224012.0,94640.0,2.9302827541549754,100.0,2199.865,2.61,94889.0,17520.0,9174.4,0.1,68112.0,66208.0,0.8907849829351535,100.0,2200.0,0.86,12922.5,3760.0,8347.6,0.4,676836.0,497212.0,0.9608938547486032,300.0,2200.0,1.97,933.3333333333335,2240.0,158.2,0.0,224012.0,94836.0,2.966063897790101,100.0,2199.865,2.63,97909.0,16080.0,9977.7,0.1,68112.0,66208.0,0.8976109215017064,100.0,2199.9325,1.155,12611.0,5000.0,6985.7,0.4,676880.0,497340.0,1.1561961983064544,300.0,2199.955,1.96,1241.3333333333333,1240.0,103.1,0.0,224012.0,94836.0,2.952789561506916,5.902197847325285,5.98532632085964,5.878337697499478,5.9311072344024955,5.943878204048662,5.8720132201164725,5.916778846127858,5.896026942243402,5.873916395800285,5.879194983705065,5.993487061132192,5.872009201650134,5.850059485057397
100.0,2200.0,2.67,87469.0,17560.0,8320.6,0.1,68112.0,66208.0,0.902027027027027,100.0,2199.865,1.085,11570.0,2240.0,10362.8,0.4,676852.0,497292.0,1.1096696786772149,300.0,2199.955,1.91,2499.333333333333,1400.0,304.7999999999999,0.0,224012.0,94836.0,2.8189088073612143,100.0,2199.865,2.67,90361.0,18520.0,7461.6,0.1,68112.0,66208.0,0.902027027027027,100.0,2199.9325,0.845,11528.0,2520.0,9477.5,0.4,676888.0,497276.0,0.9441340782122905,300.0,2200.0,1.913333333333333,1370.3333333333333,2760.0,204.5,0.0,224012.0,94640.0,2.8265196990644865,100.0,2199.865,2.65,91851.0,17840.0,8837.5,0.1,68112.0,66208.0,0.8952702702702703,200.0,2200.0,2.41,13958.0,3800.0,9269.4,0.4,577848.0,544336.0,1.9989314236436575,300.0,2199.955,1.9666666666666668,999.6666666666665,2720.0,173.2,0.0,224012.0,94836.0,2.8979539651890183,100.0,2200.0,2.66,93212.0,15960.0,9504.6,0.1,68112.0,66208.0,0.8986486486486487,200.0,2200.0,2.39,14387.0,5480.0,7130.1,0.4,601984.0,571456.0,1.9988939297364177,300.0,2199.955,1.9433333333333331,1250.0,1840.0,119.3,0.0,224012.0,94836.0,2.866581885144372,5.845501217676048,5.838123462846602,5.8391280820829286,5.858350430389156,5.922823309009755,5.884625958058346,5.894487325058257,5.876673680843427,5.893360986409889,5.886969853278548,5.817912022710062,5.843758120851263,5.815069324572552
100.0,2200.0,2.64,86979.0,20400.0,8603.0,0.1,68112.0,66208.0,0.8949152542372881,200.0,2199.865,2.275,14189.5,2920.0,10833.0,0.4,596704.0,565248.0,1.8925561797752808,293.8,2199.955,1.8666666666666665,2788.666666666666,1280.0,404.5,0.0,224012.0,94836.0,2.861363308288725,100.0,2199.865,2.67,90092.0,19520.0,7825.4,0.1,68112.0,66208.0,0.9050847457627118,200.0,2199.9325,2.385,13709.5,2520.0,10024.7,0.4,577848.0,544600.0,1.9625960969840333,293.8,2199.91,1.9666666666666668,1279.6666666666667,2440.0,186.9,0.0,224012.0,94640.0,3.0107251006010385,100.0,2199.865,2.68,95366.0,14560.0,9150.2,0.1,68112.0,66208.0,0.9084745762711864,200.0,2199.9325,2.18,14693.0,3840.0,9294.2,0.4,601984.0,575080.0,1.83238468361916,300.0,2199.91,1.9866666666666664,981.3333333333335,2240.0,140.2,0.0,224012.0,94836.0,3.034088654343861,100.0,2199.865,2.69,98865.0,16680.0,9992.9,0.1,68112.0,66208.0,0.9118644067796609,200.0,2200.0,2.25,14936.0,5080.0,7441.700000000002,0.4,601984.0,577196.0,1.8900798344175045,300.0,2199.91,1.9766666666666663,1289.6666666666667,2480.0,172.6,0.0,224012.0,94836.0,3.0238255372822613,5.809562799046375,5.786547050454858,5.941033777180339,5.903998453099398,5.9437928764641335,5.913819197688133,5.9073975809075305,5.915342707825433,5.89278032262512,5.94384645585791,5.950195632967348,5.936922012252718,5.941012363493037
100.0,2200.0,1.32,1314.0,11000.0,128.6,0.1,109612.0,87004.0,0.9924812030075189,193.3,2199.9325,2.23,2650.0,1480.0,661.9000000000002,0.2,828860.0,228436.0,2.7242788293636937,300.0,2199.91,1.8766666666666667,3476.666666666666,1360.0,1167.3,0.7,896920.0,875104.0,2.8130223643074865,100.0,2200.0,1.31,2777.0,10120.0,469.1,0.1,109600.0,88524.0,0.9849624060150376,200.0,2199.9325,1.275,2382.0,1680.0,319.8,0.2,828860.0,220856.0,1.3454983585946776,300.0,2199.865,1.8466666666666665,3035.333333333333,2000.0,951.8,0.7,896920.0,875096.0,2.782190377959838,100.0,2199.865,1.27,2272.0,11200.0,534.1,0.1,109612.0,89304.0,0.9548872180451128,193.8,2200.0,1.88,1527.5,600.0,166.79999999999995,0.2,838048.0,244276.0,2.2183418313892576,300.0,2200.0,1.8966666666666667,2763.666666666666,2280.0,893.8,0.7,896920.0,874840.0,2.8447436056199717,100.0,2199.865,1.31,2654.0,11080.0,488.0,0.1,109612.0,88700.0,0.9849624060150376,200.0,2200.0,1.94,871.5,1040.0,182.5,0.2,828076.0,234052.0,2.2999930152965007,300.0,2200.0,1.906666666666667,2692.333333333333,2320.0,1722.6,0.7,896920.0,875360.0,2.857550832415428,6.074911316951857,6.180607745324856,6.230083560187666,6.113393680759453,6.121408998599804,6.311205486617463,6.1434512782224635,6.1449693389870665,6.132465550894125,6.1899243168314735,6.0553208157520055,6.034169527047522,5.326712029979657
100.0,2199.865,1.3,1428.0,11360.0,136.3,0.1,109828.0,87100.0,0.9923664122137404,200.0,2200.0,1.62,9208.0,2040.0,1986.7,0.3,830204.0,393956.0,2.2221304706853844,300.0,2199.955,1.83,3776.333333333334,1440.0,1174.5,0.7,896920.0,875104.0,2.8044922175434555,100.0,2200.0,1.29,1737.0,10360.0,254.1,0.1,109828.0,88652.0,0.9847328244274808,193.8,2199.9325,1.6749999999999998,8672.0,2400.0,1923.2,0.3,828936.0,422692.0,2.3008074135241765,300.0,2199.955,1.8233333333333333,2676.333333333333,2040.0,868.6,0.7,896920.0,875096.0,2.8076882402707275,100.0,2200.0,1.27,1996.0,10480.0,471.4,0.1,109828.0,89396.0,0.9694656488549618,193.3,2200.0,1.46,6397.5,3560.0,2247.8,0.5,830532.0,602496.0,1.9444444444444444,300.0,2199.91,1.8733333333333333,2314.333333333333,2520.0,800.3,0.7,896920.0,874840.0,2.8761206208660206,100.0,2199.865,1.29,2215.0,10920.0,371.9,0.1,109844.0,88824.0,0.9847328244274808,200.0,2200.0,1.475,5781.5,4840.0,1999.9,0.5,831988.0,604152.0,1.9682539682539684,293.8,2199.91,1.866666666666667,2419.6666666666665,2800.0,1633.5,0.7,896920.0,875360.0,2.8584694902707275,5.8032943060402,6.3247443672632935,5.772464832150247,5.636202384325228,5.692934451885209,6.313256507820996,5.7722954449848976,5.742052740541335,5.7874947711893245,5.714180772132977,5.570089890816155,5.590179823353259,5.951007374655568
100.0,2200.0,1.39,3613.0,11560.0,360.5,0.1,111508.0,88208.0,0.9788732394366196,200.0,2199.9325,1.4449999999999998,14834.0,1840.0,2522.9,0.6,831916.0,812428.0,1.7498395121168353,300.0,2199.955,1.8100000000000005,3847.333333333334,1280.0,1157.8,0.7,896920.0,875104.0,2.833160307796549,100.0,2199.865,1.37,4598.0,11000.0,273.0,0.1,111492.0,89760.0,0.9647887323943664,193.8,2200.0,1.435,13796.0,2600.0,1917.0,0.6,848416.0,828656.0,1.7398892633606164,300.0,2199.955,1.8066666666666664,2788.0,2360.0,781.9,0.7,896920.0,875096.0,2.843234504302077,100.0,2200.0,1.35,5587.0,12000.0,666.0,0.1,111492.0,90508.0,0.9507042253521129,200.0,2199.9325,1.555,8411.0,4480.0,1289.1,0.6,856384.0,836580.0,1.9025437329481625,300.0,2199.91,1.8533333333333333,2464.6666666666665,2280.0,778.7,0.7,896920.0,874840.0,2.9022208507500613,100.0,2200.0,1.35,6504.0,11360.0,518.9,0.1,111492.0,89932.0,0.9507042253521129,193.3,2199.9325,1.545,11045.0,5240.0,1836.3,0.6,856912.0,837368.0,1.8802359171882523,300.0,2199.955,1.85,2521.333333333333,2040.0,1252.0,0.7,896920.0,875360.0,2.896969364827095,5.739775393059263,5.733471776121816,5.697618779475719,5.586396233892544,5.577649409440024,5.6923918178814725,5.593952573710316,5.576471527195042,5.602167435960249,5.555892864044495,5.340522039470455,5.477489212443733,5.44233678279809
100.0,2200.0,1.21,2700.0,11600.0,339.8,0.1,111628.0,88224.0,1.0083333333333333,200.0,2199.9325,1.095,14761.0,2280.0,2682.6,0.6,874632.0,854956.0,1.4554002760524498,300.0,2200.0,1.8266666666666669,4154.333333333333,1280.0,1243.1,0.7,896920.0,875104.0,2.6149400444219517,100.0,2200.0,1.23,3493.0,12400.0,237.2,0.1,111604.0,89776.0,1.025,200.0,2199.9325,1.135,14355.0,2560.0,2542.0,0.6,874632.0,854816.0,1.4913733609385784,300.0,2199.91,1.89,3398.333333333333,2200.0,1015.9,0.7,896920.0,875096.0,2.7353245895186684,100.0,2199.865,1.26,4255.0,13040.0,596.1,0.1,111604.0,90524.0,1.05,193.8,2200.0,1.415,6562.5,760.0,2032.7,0.6,874632.0,855036.0,1.833247066942719,300.0,2199.955,1.9733333333333332,3074.666666666666,2600.0,931.3,0.7,896920.0,874840.0,2.85628127811516,100.0,2199.865,1.25,4756.0,9920.0,447.8,0.1,111604.0,89948.0,1.0416666666666667,193.3,2199.9325,1.46,7888.5,5440.0,1211.0,0.6,830492.0,811176.0,1.88216011042098,300.0,2199.955,1.9533333333333336,3174.333333333333,2200.0,1764.7,0.7,896920.0,875360.0,2.8204738107287453,5.6436026175448575,5.70426900197196,5.657905887888843,5.576206392810015,5.535740569513831,5.689326607487987,5.521216253323791,5.5670271378006575,5.499208974885828,5.529508704334722,5.234347803105783,5.319355497433224,5.443633470975204
100.0,2199.865,1.17,1739.0,14480.0,256.5,0.1,112180.0,88276.0,0.9915254237288136,200.0,2199.9325,1.435,13994.0,1880.0,2316.2000000000007,0.6,852416.0,833084.0,1.8053048128342248,300.0,2199.91,1.8166666666666669,4230.0,2040.0,1382.6,0.7,896920.0,875104.0,2.8526061737315347,93.3,2200.0,1.17,2123.0,9520.0,186.6,0.1,112164.0,89828.0,0.9915254237288136,200.0,2199.865,1.455,10667.5,2800.0,1551.1999999999996,0.6,859084.0,839680.0,1.829347593582888,300.0,2199.955,1.7999999999999998,2933.666666666666,2440.0,1067.4,0.7,896920.0,875096.0,2.8368231173731533,100.0,2199.865,1.17,2320.0,11920.0,445.0,0.1,112156.0,90576.0,0.9915254237288136,200.0,2200.0,1.555,11731.0,4440.0,2158.7,0.6,862120.0,842588.0,1.954866310160428,300.0,2200.0,1.8733333333333333,2501.0,2480.0,821.1,0.7,896920.0,874840.0,2.9356233943481054,93.3,2200.0,1.17,2531.0,10640.0,327.8,0.1,112164.0,90000.0,0.9915254237288136,200.0,2199.9325,1.585,10655.0,4960.0,1843.7,0.6,863044.0,843640.0,2.016128342245989,300.0,2200.0,1.86,2547.333333333333,2400.0,1794.6,0.7,896920.0,875360.0,2.9101738118175984,5.737314203546615,5.76701523975837,5.744897902619913,5.621948057534101,5.631418160507214,5.723936877354705,5.633106083384685,5.616383286954691,5.755988609535907,5.732238194698784,5.697619228178287,5.588558260891008,5.466351845498918
100.0,2200.0,1.29,5347.0,14880.0,507.4,0.1,112516.0,88352.0,0.9923076923076924,200.0,2200.0,1.19,12962.5,2080.0,2322.4,0.7,899340.0,879964.0,1.4528406774635885,287.1,2199.955,1.7899999999999998,4119.666666666667,1400.0,1202.8,0.7,896920.0,875104.0,2.622850678733032,93.3,2199.865,1.28,6451.0,11720.0,420.5,0.1,112492.0,89904.0,0.9846153846153846,200.0,2200.0,1.1,12874.5,3120.0,2275.2,0.7,899340.0,879960.0,1.368343030797169,300.0,2199.955,1.8066666666666664,3147.333333333333,2120.0,883.0,0.7,896920.0,875096.0,2.6771493212669686,100.0,2199.865,1.26,7584.0,13040.0,819.4,0.1,112492.0,90652.0,0.9692307692307692,200.0,2199.9325,1.395,13048.5,3800.0,2457.2,0.7,899340.0,879964.0,1.6631582848460142,300.0,2199.91,1.89,2630.333333333333,2000.0,849.7,0.7,896920.0,874840.0,2.7850678733031677,100.0,2200.0,1.27,8975.0,12960.0,712.6,0.1,112492.0,90076.0,0.9769230769230768,200.0,2200.0,1.545,10456.0,4800.0,2114.5,0.7,899340.0,879960.0,1.8392691694770784,300.0,2199.91,1.87,2754.0,2720.0,1740.5,0.7,896920.0,875360.0,2.754072398190045,5.672155826511463,5.549789471866256,5.588429300081748,5.485239254832879,5.416295637456392,5.6644856251367255,5.497478555720584,5.473194478026088,5.408547891264551,5.355026596663327,5.2619405201892855,5.233955188652091,5.500426634499759
100.0,2199.865,1.3,4313.0,12280.0,498.7,0.1,113092.0,88456.0,0.9923664122137404,200.0,2199.865,1.445,8956.5,2200.0,1422.5,0.6,836320.0,816748.0,1.7231151932644468,300.0,2199.91,1.5933333333333335,3834.333333333334,1400.0,817.0,0.7,895044.0,874020.0,2.5959716336466827,100.0,2199.865,1.28,4924.0,13040.0,373.8,0.1,113068.0,90008.0,0.9770992366412212,200.0,2199.9325,1.48,7957.0,2920.0,1034.6,0.6,836320.0,816744.0,1.766092613853808,300.0,2199.91,1.6366666666666667,2916.0,1920.0,702.9,0.7,895044.0,874072.0,2.7207764177798808,93.8,2200.0,1.24,6337.0,11400.0,727.5,0.1,113068.0,90756.0,0.9465648854961832,200.0,2200.0,1.575,7272.0,4080.0,2111.4,0.6,836936.0,817424.0,1.895943360122465,300.0,2199.955,1.6866666666666668,2595.0,1720.0,653.0999999999998,0.7,895044.0,873700.0,2.79143559848273,100.0,2199.865,1.24,6982.0,11200.0,617.0,0.1,113068.0,90180.0,0.9465648854961832,193.8,2200.0,1.525,11514.0,4680.0,1972.5,0.6,836936.0,817420.0,1.8271718331419824,293.8,2199.91,1.6766666666666667,2673.0,2640.0,1024.0,0.7,895044.0,874148.0,2.7788944579488173,5.763609944952729,5.654136225591844,5.669609525051116,5.6798180633703135,5.660796158701266,5.764570890133017,5.580942226389023,5.49423373575005,5.558016549628519,5.553755144118041,5.547529033436992,5.404072325905646,5.798191966817497
100.0,2200.0,1.25,3363.0,9560.0,480.8,0.1,113260.0,88460.0,1.1160714285714284,200.0,2200.0,1.23,6501.0,2320.0,2142.2000000000007,0.7,906500.0,886956.0,1.5239599789362823,300.0,2199.91,1.596666666666667,4206.0,1720.0,862.0,0.7,895044.0,874020.0,2.619934143870314,93.3,2199.865,1.28,4442.0,11840.0,330.0,0.1,113236.0,90008.0,1.1428571428571428,200.0,2199.9325,1.16,6384.0,2600.0,1946.0,0.7,908216.0,888800.0,1.4544120965921916,300.0,2199.955,1.5933333333333335,2697.0,1960.0,550.7,0.7,895044.0,874072.0,2.6735455660427667,100.0,2200.0,1.27,5045.0,11680.0,703.6,0.1,113196.0,90756.0,1.1339285714285714,200.0,2200.0,1.145,9348.0,5560.0,1534.1,0.7,947552.0,928060.0,1.4497856014443693,300.0,2199.955,1.6366666666666667,2406.333333333333,1920.0,603.2,0.7,895044.0,873700.0,2.7141357382818754,93.3,2199.865,1.26,6140.0,12400.0,609.6,0.1,113196.0,90180.0,1.125,193.8,2199.865,1.325,10223.5,5320.0,2593.3,0.7,947552.0,928056.0,1.6555706010682314,300.0,2200.0,1.6333333333333335,2453.333333333333,3440.0,885.5,0.7,895044.0,874148.0,2.7142923798858845,5.954407328754456,5.6374330014896055,5.650675725741088,5.569156405413692,5.851942260310545,5.633738589851369,5.566854340974456,5.652110455521747,5.6129162037262175,5.468528696537128,5.533754720484059,5.463779108718847,5.207294565553496
100.0,2199.865,1.17,2864.0,11960.0,384.0,0.1,113476.0,88472.0,1.0353982300884956,200.0,2199.9325,1.625,9947.5,2400.0,1562.0,0.7,947552.0,928060.0,1.8612112738244169,300.0,2199.955,1.51,3485.0,1080.0,702.6,0.7,895044.0,874020.0,2.3962969769519993,100.0,2199.865,1.16,4141.0,13320.0,356.2,0.1,113436.0,90024.0,1.0265486725663715,200.0,2199.9325,1.505,9796.0,2520.0,1378.8000000000004,0.7,947552.0,928056.0,1.7426595040105963,300.0,2199.91,1.51,2596.6666666666665,2360.0,548.4,0.7,895044.0,874072.0,2.413509129841008,100.0,2199.865,1.09,3527.0,13800.0,610.0,0.1,113404.0,90772.0,0.9646017699115046,200.0,2199.9325,1.65,32235.5,4240.0,5147.299999999998,0.6,832640.0,813348.0,1.9101847082198835,293.8,2200.0,1.6266666666666667,2174.333333333333,2480.0,576.2,0.7,895044.0,873700.0,2.5911620104196524,100.0,2199.865,1.09,4035.0,11080.0,469.5,0.1,113404.0,90196.0,0.9646017699115046,200.0,2199.9325,1.65,9760.0,4120.0,1717.0,0.6,834588.0,815144.0,1.945397012289352,293.8,2199.91,1.6033333333333333,2528.333333333333,2560.0,815.0,0.7,895044.0,874148.0,2.555686972062518,5.596694351433707,5.3640587833265565,5.290207589373986,5.363782635321543,5.40491691449115,5.4487583878307415,5.425145526992472,5.2304457170654635,5.127749978824359,5.283892111528899,5.336423826136606,4.923224695335914,5.208918158511983
100.0,2200.0,1.1,9953.0,11840.0,687.1,0.1,103956.0,101396.0,0.9322033898305084,200.0,2200.0,1.25,9299.0,2040.0,1410.1,0.6,973880.0,739620.0,1.8067070578231288,300.0,2199.865,1.7400000000000002,1072.6666666666667,1240.0,374.8,0.0,75736.0,58528.0,2.9128182753837204,100.0,2200.0,1.08,10884.0,12360.0,759.6,0.1,103952.0,101396.0,0.9152542372881356,200.0,2199.865,1.27,12849.5,2360.0,2086.6,0.6,973880.0,739620.0,1.827859268707483,293.3,2199.955,1.7666666666666668,640.6666666666666,2040.0,207.2,0.0,75608.0,58720.0,2.9571926134753364,100.0,2199.865,1.08,11141.0,10560.0,959.4,0.1,103952.0,101612.0,0.9152542372881356,200.0,2200.0,1.23,12876.5,3520.0,2425.5,0.6,973880.0,739620.0,1.785554846938776,300.0,2199.955,1.7933333333333332,423.0,1480.0,114.0,0.0,75608.0,58528.0,3.0009609791023406,100.0,2199.865,1.04,11924.0,9480.0,919.9,0.1,103952.0,101396.0,0.8813559322033899,200.0,2200.0,1.31,11841.5,4000.0,2330.5,0.6,973880.0,739688.0,1.8974277210884352,300.0,2199.955,1.7733333333333334,561.3333333333334,1480.0,160.8,0.0,75608.0,58716.0,2.9695145507972733,5.817430368077995,5.628585713925256,5.737982937989178,5.734025781372366,5.705651584471385,5.722746820013441,5.627971872049692,5.749035311478402,5.763960110683698,5.698892520503745,5.6258758476700725,5.539737015096329,5.430658050170245
100.0,2200.0,1.06,11089.0,12600.0,783.9,0.1,104088.0,101648.0,0.8833333333333334,200.0,2200.0,1.255,7780.0,2360.0,1304.7,0.7,975228.0,950160.0,1.7903225806451613,300.0,2200.0,1.7233333333333334,1445.0,1200.0,356.9,0.0,76196.0,58828.0,2.8387780854069815,100.0,2200.0,1.05,12078.0,11080.0,817.3,0.1,104084.0,101656.0,0.8750000000000001,200.0,2199.9325,1.225,9615.5,2360.0,1285.2,0.7,975228.0,950296.0,1.7435483870967745,300.0,2199.955,1.7766666666666666,1011.6666666666665,1840.0,72.3,0.0,76196.0,59032.0,2.9208965682253214,100.0,2199.865,1.05,11560.0,13200.0,958.0,0.1,104084.0,101612.0,0.8750000000000001,200.0,2199.9325,1.39,9915.0,4040.0,2112.8,0.7,975228.0,950364.0,1.9822580645161287,300.0,2199.955,1.78,947.3333333333335,1960.0,99.7,0.0,76396.0,59004.0,2.9350140427034916,100.0,2200.0,1.02,12615.0,10400.0,952.8,0.1,104084.0,101652.0,0.8500000000000001,200.0,2199.9325,1.365,7970.0,5200.0,1924.4,0.7,975228.0,950228.0,1.958064516129032,293.8,2199.955,1.7733333333333334,1173.0,1880.0,184.3,0.0,76196.0,59028.0,2.9162935238355665,5.711015892649213,5.68966930963155,5.752903834081642,5.728944733512987,5.717084391842422,5.568924291295048,5.697785313223131,5.580504398329903,5.480850194582242,5.605996332969941,5.652452341363301,5.6153321917606815,5.509369910143155
93.8,2199.865,1.12,8482.0,12160.0,615.6,0.1,104088.0,101648.0,0.9411764705882354,200.0,2200.0,1.175,9210.0,1840.0,1474.8,0.7,975228.0,950160.0,1.8821044546851,300.0,2200.0,1.7,1532.666666666667,1480.0,655.1,0.0,76396.0,58996.0,2.909816912773852,100.0,2200.0,1.11,9333.0,10720.0,603.5,0.1,104084.0,101656.0,0.9327731092436976,200.0,2199.9325,1.19,10600.0,2800.0,1508.0,0.7,975228.0,950296.0,1.9065540194572452,300.0,2199.955,1.7133333333333332,904.6666666666665,1880.0,380.1,0.0,76396.0,59200.0,2.934006951151324,100.0,2199.865,1.07,10115.0,10720.0,813.0,0.1,104084.0,101612.0,0.8991596638655464,200.0,2199.9325,1.24,7485.5,4000.0,2053.6,0.7,975228.0,950376.0,1.98399897593446,293.8,2199.955,1.7233333333333334,706.3333333333335,1840.0,139.8,0.0,76396.0,59004.0,2.954486320083363,100.0,2200.0,1.04,11441.0,10960.0,818.9,0.1,104084.0,101652.0,0.8739495798319329,200.0,2199.9325,1.26,5530.5,5040.0,1750.0,0.7,975228.0,950376.0,2.016385048643113,300.0,2199.865,1.7033333333333331,997.0,1600.0,212.5,0.0,76396.0,59196.0,2.9164857132872464,5.824706297876753,5.6538994388907575,5.65186509707409,5.704376901315856,5.6745283162745475,5.561558885169548,5.609548365127917,5.634332252533777,5.658093545251714,5.643261170752922,5.562324780542946,5.50228149485747,5.449997544482387
100.0,2199.865,1.09,10240.0,11520.0,692.6,0.1,104088.0,101648.0,0.9316239316239318,200.0,2199.9325,1.28,7949.5,2400.0,2240.1,0.7,975228.0,950376.0,1.7492104507608384,300.0,2199.955,1.7166666666666668,1810.666666666667,2040.0,684.0999999999998,0.0,76396.0,58996.0,2.8797251532041925,100.0,2200.0,1.07,11170.0,12560.0,767.6,0.1,104084.0,101656.0,0.9145299145299146,200.0,2200.0,1.255,7719.5,2920.0,2019.0,0.7,975228.0,950376.0,1.7088716623600342,300.0,2199.955,1.7533333333333332,979.6666666666665,1320.0,273.5,0.0,76396.0,59504.0,2.939377723415641,100.0,2200.0,1.08,10875.0,12120.0,869.6,0.1,104084.0,101612.0,0.9230769230769232,200.0,2199.9325,1.4249999999999998,9200.0,3720.0,1999.0,0.7,975228.0,950376.0,1.9455928797014068,293.8,2199.955,1.7666666666666668,773.0,1400.0,169.8,0.0,76756.0,59308.0,2.9618865854021346,100.0,2200.0,1.07,10471.0,10760.0,741.0,0.1,104084.0,101652.0,0.9145299145299146,200.0,2200.0,1.415,5443.0,4680.0,1321.9,0.7,975228.0,950376.0,1.9458799885156477,300.0,2199.955,1.75,1063.3333333333333,1600.0,270.7,0.0,76396.0,59500.0,2.9285558002939625,5.626048365391386,5.742601470638218,5.787600013215722,5.719145429013106,5.761703789400923,5.520185717069781,5.667112338857452,5.580940557288367,5.456464090951037,5.575067490608296,5.6618152394873285,5.610839522249699,5.349667186340566
100.0,2199.865,1.05,9339.0,10880.0,709.3,0.1,104304.0,101912.0,0.9051724137931036,200.0,2199.865,1.19,8437.0,2320.0,1761.1,0.7,975228.0,950376.0,1.9121935483870969,300.0,2199.955,1.7333333333333334,1622.0,1560.0,725.8,0.0,76756.0,59300.0,2.823302013329534,100.0,2199.865,1.04,11922.0,11840.0,818.9,0.1,104208.0,101772.0,0.8965517241379312,200.0,2199.9325,1.155,7212.5,2560.0,1203.0,0.7,975228.0,950376.0,1.856322580645161,300.0,2200.0,1.7866666666666664,1154.3333333333333,1760.0,659.6,0.0,76756.0,59504.0,2.9039220660082985,93.8,2199.865,1.05,11857.0,12040.0,952.6,0.1,104208.0,101772.0,0.9051724137931036,200.0,2200.0,1.24,6554.0,4600.0,1302.3,0.7,975228.0,950376.0,1.9921935483870967,300.0,2199.955,1.8033333333333332,894.6666666666665,2120.0,99.6,0.0,76756.0,59308.0,2.9339242899138935,93.8,2199.865,1.04,11967.0,10480.0,787.3,0.1,104084.0,101652.0,0.8965517241379312,200.0,2199.9325,1.2,7623.0,5120.0,1176.0,0.7,975228.0,950376.0,1.927935483870968,293.8,2199.955,1.7833333333333334,1220.6666666666667,2280.0,188.0,0.0,76756.0,59500.0,2.892719489057689,5.758762761884132,5.739013438495332,5.818515235233715,5.719989398445363,5.769958166332012,5.551481800589997,5.707063595235144,5.688559981519671,5.811415073785344,5.706649949344765,5.599376843160906,5.5448177374777,5.526786472802648
100.0,2200.0,1.04,11657.0,11600.0,739.6,0.1,104568.0,102172.0,0.8595041322314051,200.0,2200.0,1.32,10039.5,2000.0,2116.6,0.7,975228.0,950376.0,1.7585592174429767,300.0,2199.955,1.71,1675.666666666667,1280.0,568.9000000000002,0.0,77144.0,59804.0,2.825495653647897,100.0,2199.865,1.03,12153.0,10680.0,789.4,0.1,104564.0,102172.0,0.8512396694214877,193.8,2199.865,1.335,9968.5,2680.0,2148.9,0.7,975228.0,950376.0,1.7748777254651005,293.8,2199.955,1.7700000000000002,1007.0,2360.0,204.2,0.0,77144.0,60008.0,2.9204563016019427,100.0,2199.865,1.04,10920.0,11320.0,967.5,0.1,104564.0,102172.0,0.8595041322314051,200.0,2199.865,1.4049999999999998,8766.5,4040.0,1242.8000000000004,0.7,975228.0,950376.0,1.870229007633588,300.0,2199.955,1.78,869.6666666666665,1880.0,177.1,0.0,77144.0,59812.0,2.9380864149109494,100.0,2199.865,1.03,12303.0,9840.0,841.6,0.1,104564.0,102172.0,0.8512396694214877,193.8,2200.0,1.4,12141.5,4560.0,2151.6,0.7,975228.0,950376.0,1.865886547515656,300.0,2199.955,1.7666666666666666,1092.0,1240.0,145.1,0.0,77144.0,60004.0,2.912765498953648,5.647642431381997,5.646138634446223,5.672051706207102,5.7364083525299465,5.663011226772858,5.598527894492836,5.546667192786762,5.6749700458063295,5.684327683732432,5.561840941180527,5.503393610944197,5.486602390707576,5.346068305670366
100.0,2199.865,1.1,10141.0,11800.0,681.1,0.1,104504.0,102192.0,0.9243697478991598,200.0,2199.9325,1.135,12249.5,2560.0,2325.8,0.7,975228.0,950376.0,1.7176978417266189,300.0,2200.0,1.7466666666666668,1907.333333333333,1240.0,568.1,0.0,77144.0,59804.0,2.9077075004759183,100.0,2200.0,1.07,11004.0,12000.0,757.0,0.1,104500.0,102192.0,0.8991596638655464,200.0,2199.9325,1.145,12717.0,2760.0,2373.9,0.7,975228.0,950376.0,1.732086330935252,300.0,2199.955,1.78,1091.3333333333333,1800.0,136.0,0.0,77144.0,60008.0,2.9654587259661147,100.0,2200.0,1.0,13846.0,17240.0,1143.6,0.1,104500.0,102192.0,0.8403361344537815,200.0,2200.0,1.275,13844.5,4000.0,2391.0,0.7,975228.0,950376.0,1.9255827338129496,300.0,2199.91,1.7833333333333332,1134.6666666666667,1480.0,232.4,0.0,77512.0,59868.0,2.976229357034076,100.0,2200.0,1.03,12937.0,11080.0,840.5,0.1,104500.0,102192.0,0.8655462184873951,200.0,2199.9325,1.295,10105.5,4240.0,1863.8,0.7,975228.0,950376.0,1.9640287769784173,293.8,2199.865,1.78,1291.6666666666667,2280.0,238.6,0.0,77144.0,60004.0,2.9625005948981533,5.632190000446829,5.810754066816712,5.817036281242608,5.771564126939454,5.7917849534519386,5.471395436917831,5.711262755570202,5.565066734284742,5.5224527834595944,5.58433807045343,5.653374563651682,5.6685427668552935,5.689800276073318
100.0,2199.865,1.08,10631.0,11760.0,709.9,0.1,104504.0,102192.0,0.878048780487805,200.0,2200.0,1.335,10412.0,2040.0,2298.8,0.7,975228.0,950376.0,1.882493638676845,293.8,2199.955,1.6733333333333331,1775.333333333333,1520.0,599.5,0.0,77512.0,59860.0,2.7521038609548776,100.0,2200.0,1.09,11512.0,12520.0,749.8,0.1,104500.0,102192.0,0.8861788617886179,193.8,2199.865,1.35,11004.0,2320.0,2412.1,0.7,975228.0,950376.0,1.9024936386768447,300.0,2199.91,1.7700000000000002,1181.3333333333333,1640.0,269.5,0.0,77512.0,60324.0,2.900840839570911,100.0,2200.0,1.07,11465.0,13560.0,953.6,0.1,104500.0,102192.0,0.8699186991869919,200.0,2200.0,1.285,9043.5,3920.0,1354.1,0.7,975228.0,950376.0,1.822595419847328,300.0,2199.91,1.78,871.6666666666665,1840.0,156.9,0.0,77512.0,60128.0,2.918566132419898,100.0,2199.865,1.04,12569.0,11120.0,803.7,0.1,104500.0,102192.0,0.8455284552845529,200.0,2199.9325,1.38,11298.5,4680.0,2301.2,0.7,975228.0,950376.0,1.9521628498727732,300.0,2199.91,1.7699999999999998,1105.3333333333333,1440.0,160.2,0.0,77512.0,60320.0,2.895489209342975,5.811940833088343,5.45397646620321,5.549659583983649,5.552126195709436,5.574555691595066,5.579067455130901,5.4851727749061014,5.7633430159159245,5.776796434736962,5.658337846958253,5.392070488814816,5.330748856992939,5.239429591609049
100.0,2200.0,1.12,9901.0,11360.0,594.7,0.1,104504.0,102192.0,0.8960000000000001,200.0,2200.0,1.3250000000000002,13365.0,1680.0,2725.1,0.7,975228.0,950376.0,2.123655913978495,300.0,2199.91,1.6766666666666663,3047.333333333333,880.0,1058.5,0.0,78404.0,60928.0,2.746087614232132,100.0,2200.0,1.13,11502.0,10360.0,688.2,0.1,104500.0,102192.0,0.904,200.0,2200.0,1.26,14553.0,2480.0,2496.0,0.7,975228.0,950376.0,2.0193292370711724,293.8,2199.91,1.8033333333333332,1152.0,2040.0,195.6,0.0,78404.0,61132.0,2.9340075015023728,100.0,2199.865,1.07,10910.0,11880.0,857.6,0.1,104500.0,102192.0,0.8560000000000001,200.0,2200.0,1.19,10644.5,4480.0,2190.6,0.7,976384.0,951432.0,1.9046338965693803,300.0,2199.955,1.82,927.6666666666665,2400.0,169.5,0.0,78404.0,60936.0,2.963793162995352,100.0,2199.865,1.03,13731.0,10480.0,916.1,0.1,104500.0,102192.0,0.8240000000000001,200.0,2200.0,1.23,7896.0,4840.0,1218.0,0.7,976248.0,951168.0,1.9688940092165896,300.0,2199.955,1.8,1281.3333333333333,1240.0,149.0,0.0,78404.0,61128.0,2.923734035131345,5.744994618171148,5.6769081440458296,5.669248977894758,5.707344670121055,5.757378843631864,5.653626175985108,5.686759660611731,5.6560640336023535,5.7091002098819805,5.656081032466044,5.5233933440366085,5.521305846902383,5.464997345540262
100.0,2199.865,1.12,8890.0,12880.0,618.4,0.1,104636.0,102192.0,0.868217054263566,200.0,2199.9325,1.125,14084.0,2640.0,2468.9,0.7,977180.0,952224.0,1.7213933270676691,300.0,2199.955,1.7499999999999998,2111.0,1120.0,807.5999999999998,0.0,78404.0,60928.0,2.8992713892784936,93.8,2199.865,1.13,11552.0,11360.0,660.9,0.1,104632.0,102192.0,0.8759689922480619,200.0,2200.0,1.15,9386.5,2400.0,1443.4,0.7,977448.0,952488.0,1.7589873120300752,300.0,2199.91,1.7,1111.6666666666667,2040.0,336.3,0.0,78404.0,61132.0,2.8379260095812313,100.0,2199.865,1.08,13282.0,11600.0,927.9,0.1,104632.0,102192.0,0.8372093023255814,193.8,2200.0,1.26,5640.5,3880.0,1862.1,0.7,977580.0,952752.0,1.9302749060150373,300.0,2199.955,1.72,748.3333333333335,920.0,134.2,0.0,78404.0,60936.0,2.872822820087797,93.3,2199.865,1.09,12759.0,11160.0,827.2,0.1,104632.0,102192.0,0.8449612403100776,200.0,2199.9325,1.245,7915.5,4920.0,1314.7,0.7,977580.0,952752.0,1.905956296992481,293.8,2199.91,1.6900000000000002,1247.6666666666667,1600.0,144.7,0.0,78404.0,61128.0,2.8176870252645765,5.729572345557548,5.6275191216821945,5.597474957423403,5.561905607837583,5.627521745103606,5.550909133646476,5.539904273269938,5.677192099949219,5.664379478950125,5.623705682593586,5.440069848644365,5.4452326201022485,5.533732042064235
100.0,2200.0,1.14,10979.0,11920.0,711.8,0.1,104636.0,102192.0,0.8906249999999999,200.0,2200.0,1.34,13947.5,2040.0,2455.6,0.7,977580.0,952752.0,2.1083802376485306,300.0,2199.955,1.68,1954.0,1560.0,1248.4,0.0,78404.0,60928.0,2.7582993385710446,100.0,2200.0,1.14,12765.0,10440.0,752.1,0.1,104632.0,102192.0,0.8906249999999999,200.0,2199.9325,1.25,14175.5,2400.0,2397.0,0.7,977580.0,952752.0,1.9664165103189493,300.0,2199.91,1.7866666666666668,1286.6666666666667,1760.0,218.6,0.0,78404.0,61132.0,2.9154999328498516,100.0,2199.865,1.07,13968.0,10520.0,1004.9,0.1,104632.0,102192.0,0.8359375,200.0,2200.0,1.215,8069.0,3160.0,1239.4,0.7,977580.0,952752.0,1.9195747342088805,300.0,2199.955,1.8033333333333332,907.3333333333335,1720.0,86.8,0.0,78404.0,60936.0,2.9461665659414447,100.0,2199.865,1.09,12910.0,10800.0,829.6,0.1,104632.0,102192.0,0.8515625,200.0,2200.0,1.24,10130.0,5280.0,1893.0,0.7,977580.0,952752.0,1.962414008755472,300.0,2200.0,1.7766666666666666,1365.3333333333333,2280.0,165.6,0.0,78404.0,61128.0,2.892398183588504,5.742022510540375,5.5808761237570925,5.7144092925599645,5.657088609123902,5.693034443836775,5.555570938389901,5.585114413835903,5.646856199194106,5.645895844367732,5.6114776597493305,5.525324851438173,5.431702191047587,5.492457922993141
100.0,2200.0,0.62,1783.0,4600.0,101.8,0.2,290704.0,286536.0,0.984126984126984,200.0,2199.9325,1.64,1092.5,560.0,283.7,0.6,871676.0,847752.0,1.934366708560257,300.0,2200.0,2.36,6656.666666666668,2040.0,1514.7,0.1,198604.0,186228.0,2.8727694813069533,100.0,2199.865,0.62,1899.0,6680.0,155.7,0.2,290704.0,286540.0,0.984126984126984,193.3,2200.0,1.725,909.0,600.0,180.4,0.6,878540.0,854612.0,2.036936182097472,300.0,2199.955,1.9433333333333331,3327.333333333333,2320.0,1220.5,0.0,111224.0,99364.0,2.917364604404412,100.0,2200.0,0.62,2012.0,6640.0,212.3,0.2,290704.0,286540.0,0.984126984126984,200.0,2200.0,1.74,802.0,320.0,157.0,0.6,890552.0,866496.0,2.0552995391705067,287.6,2199.91,1.94,3492.0,1960.0,1023.0,0.0,111224.0,99824.0,2.9129786394921315,93.8,2199.865,0.62,2097.0,2880.0,133.2,0.2,290704.0,286536.0,0.984126984126984,200.0,2199.9325,1.355,765.0,680.0,127.3,0.6,893584.0,869728.0,1.553065214355537,300.0,2199.91,2.373333333333333,5788.333333333332,1560.0,1546.8,0.1,199588.0,189316.0,2.8885664622385456,5.731928157778414,5.766869678246251,5.928465557134002,5.769852477878715,5.6818462885927525,5.7346775327655495,5.695205399446998,5.809524927480448,5.826172272715782,5.821766986372171,5.821502633091908,5.800282917135353,5.671511116150942
100.0,2199.865,0.62,1592.0,6160.0,130.8,0.2,290704.0,286536.0,0.984126984126984,200.0,2199.865,1.24,11360.5,2440.0,2106.2000000000007,0.6,909956.0,886032.0,1.6855833242387863,300.0,2200.0,1.9,4723.333333333333,1320.0,1454.4,0.0,111224.0,99152.0,2.8529632456776466,100.0,2199.865,0.62,1621.0,5840.0,134.6,0.2,290704.0,286540.0,0.984126984126984,200.0,2200.0,1.23,11267.5,2600.0,1988.6,0.6,910616.0,886556.0,1.6651751609734804,300.0,2199.91,2.276666666666667,1846.333333333333,2040.0,761.5999999999998,0.0,111864.0,100004.0,2.9427393387362737,100.0,2199.865,0.62,1772.0,6040.0,187.9,0.2,290704.0,286540.0,0.984126984126984,200.0,2199.9325,1.275,10352.0,3560.0,1527.5,0.6,910748.0,886824.0,1.7278729673687656,300.0,2200.0,2.28,1915.333333333333,2200.0,568.5,0.0,111864.0,100464.0,2.947368968365904,100.0,2200.0,0.62,1897.0,4440.0,176.8,0.2,290704.0,286536.0,0.984126984126984,200.0,2199.9325,1.3,9769.0,5120.0,1678.0,0.6,911008.0,887152.0,1.7643239113827351,300.0,2200.0,1.9333333333333331,3558.0,2160.0,1185.8,0.0,111224.0,101172.0,2.902878388865565,5.730505085105174,5.7479412021333625,5.701983000407152,5.757998777408327,5.783517023481586,5.799715682144886,5.798566406405448,5.795390589136424,5.8063796001254335,5.789152694672287,5.793118247310408,5.767936447792325,5.671438246490883
100.0,2200.0,0.62,1747.0,5800.0,116.1,0.2,290704.0,286536.0,0.984126984126984,200.0,2200.0,1.175,11859.5,2120.0,2152.7,0.6,929888.0,905832.0,1.6326445293836596,293.8,2200.0,2.2333333333333334,2857.333333333333,1480.0,862.1,0.0,112500.0,100416.0,2.9036656306136988,100.0,2199.865,0.62,1866.0,6600.0,140.1,0.2,290704.0,286540.0,0.984126984126984,200.0,2199.9325,1.185,11628.5,2560.0,1992.5,0.6,930020.0,906092.0,1.6546225513616817,293.8,2200.0,2.263333333333333,1760.0,2520.0,729.1999999999998,0.0,116416.0,102032.0,2.9607615000984917,100.0,2199.865,0.62,2013.0,6240.0,215.8,0.2,290704.0,286540.0,0.984126984126984,193.8,2200.0,1.24,10529.0,3640.0,1569.1,0.6,930680.0,906888.0,1.7421763019589105,300.0,2199.91,2.2566666666666664,1798.666666666667,2000.0,499.6,0.0,112404.0,101172.0,2.95071991251696,100.0,2199.865,0.62,2165.0,4440.0,175.9,0.2,290704.0,286536.0,0.984126984126984,200.0,2199.9325,1.27,9898.0,4800.0,1639.9,0.6,930676.0,906952.0,1.7914476827520307,293.8,2199.955,2.25,1884.333333333333,2160.0,741.6,0.0,112500.0,102436.0,2.9243049913974266,5.565944018286609,5.551422179677224,5.763354991883434,5.576274217403277,5.791388688794307,5.81075504771434,5.790097342846111,5.609353447891027,5.595420237612291,5.5997246601660455,5.600536232728285,5.520255815391432,5.607526061718222
100.0,2199.865,0.62,1587.0,7040.0,116.7,0.2,290704.0,286536.0,0.984126984126984,200.0,2199.9325,1.155,11865.0,1600.0,2147.7,0.6,931344.0,907416.0,1.59929141896355,293.8,2199.955,1.93,6328.333333333332,1200.0,1947.4,0.1,173932.0,162092.0,2.58740192167609,100.0,2200.0,0.62,1686.0,7200.0,131.3,0.2,290704.0,286540.0,0.984126984126984,200.0,2200.0,1.165,11590.0,2640.0,2079.9,0.6,931736.0,907676.0,1.621269440941572,300.0,2200.0,2.373333333333333,5904.333333333332,2440.0,1596.9,0.0,105656.0,93788.0,2.8972538587495382,100.0,2200.0,0.62,1887.0,5840.0,200.3,0.2,290704.0,286540.0,0.984126984126984,200.0,2199.9325,1.24,10447.5,4000.0,1587.5,0.6,931868.0,907944.0,1.7419083648591844,293.8,2199.955,2.37,6036.0,3160.0,1477.9,0.0,105656.0,94248.0,2.8938640282410626,100.0,2199.865,0.62,1964.0,4240.0,155.1,0.2,290704.0,286536.0,0.984126984126984,200.0,2199.9325,1.255,9877.5,5000.0,1628.3000000000004,0.6,932132.0,908272.0,1.7693508677115233,293.3,2199.91,2.083333333333333,4757.666666666667,2200.0,1496.5,0.1,182540.0,172572.0,2.772971660480766,5.689388542918603,5.701849497995897,5.572564508505909,5.723246310339675,5.71200307598172,5.749017057977506,5.778597685775528,5.779740532911331,5.77278957117728,5.749575615589732,5.757799476258379,5.68721431856596,5.340311944861352
100.0,2199.865,0.62,1456.0,7280.0,106.4,0.2,290704.0,286536.0,0.984126984126984,200.0,2200.0,1.16,11805.0,1880.0,2178.1,0.6,932136.0,908208.0,1.602603917821309,300.0,2199.955,2.3366666666666664,7799.666666666668,1920.0,2709.7,0.1,200764.0,189056.0,2.853627111698405,100.0,2199.865,0.62,1545.0,6720.0,122.2,0.2,290704.0,286540.0,0.984126984126984,200.0,2200.0,1.175,11468.5,2560.0,2070.1,0.6,932132.0,908204.0,1.6298375537505971,300.0,2199.955,2.263333333333333,1970.0,2400.0,776.1,0.0,112404.0,100712.0,2.935381458156127,100.0,2199.865,0.62,1671.0,5520.0,176.2,0.2,290704.0,286540.0,0.984126984126984,200.0,2199.9325,1.24,10395.5,4000.0,1578.3,0.6,932924.0,909000.0,1.7335164835164834,300.0,2199.91,2.2533333333333334,2012.333333333333,2520.0,566.4,0.0,112404.0,101172.0,2.9220830945936425,100.0,2199.865,0.62,1846.0,5040.0,137.7,0.2,290704.0,286536.0,0.984126984126984,200.0,2199.865,1.265,9820.5,5280.0,1617.5,0.6,933188.0,909328.0,1.7771141901576684,300.0,2199.91,2.3633333333333333,6068.666666666668,2040.0,1534.1,0.0,105656.0,95596.0,2.8842838761657865,5.698017825445759,5.713631247696209,5.7201504806987336,5.730502557097278,5.728987234811053,5.737362004710668,5.740984223834803,5.777631722334981,5.782864614801916,5.766384235717242,5.76824948607952,5.749852475591892,5.5398761854318375
93.8,2199.865,0.62,1640.0,6240.0,110.2,0.2,290704.0,286536.0,0.984126984126984,200.0,2200.0,1.155,11799.0,2480.0,2061.3,0.7,945756.0,921672.0,1.6280427223050171,300.0,2200.0,2.1666666666666665,6781.666666666668,1280.0,1823.4,0.1,183980.0,172132.0,2.716864699135635,100.0,2199.865,0.62,1736.0,6400.0,135.0,0.2,290704.0,286540.0,0.984126984126984,200.0,2200.0,1.165,11460.5,2600.0,1928.4,0.7,946544.0,922460.0,1.6507699950322898,293.8,2200.0,2.18,5346.666666666667,2480.0,1736.2,0.0,112404.0,100716.0,3.2448179604942187,100.0,2199.865,0.62,1910.0,6240.0,205.6,0.2,290704.0,286540.0,0.984126984126984,187.1,2199.9325,1.22,10464.5,3760.0,1637.7,0.7,953408.0,929328.0,1.746274217585693,300.0,2200.0,2.2066666666666666,5670.333333333332,1880.0,1322.9999999999998,0.0,112404.0,101176.0,3.288285014576138,100.0,2199.865,0.62,2064.0,3720.0,155.3,0.2,290704.0,286536.0,0.984126984126984,200.0,2200.0,1.245,9885.0,4720.0,1618.3,0.7,956840.0,933088.0,1.7853949329359164,293.8,2199.865,2.276666666666667,5535.333333333332,2160.0,1444.4,0.1,188788.0,178916.0,2.830812070233295,5.749048089950273,5.751906697075431,5.605662018660199,5.783765958966447,6.218784071372068,6.2454602673944475,6.246248868386253,5.817261542079213,5.826217764339599,5.822506546738424,5.811058309626472,5.7905482329366205,5.519142339682219
100.0,2199.865,0.62,1630.0,6280.0,127.1,0.2,290704.0,286536.0,0.984126984126984,200.0,2199.9325,1.155,11675.5,2400.0,2023.6,0.7,956580.0,932496.0,1.6151074743527114,300.0,2199.955,2.2533333333333334,3078.666666666666,1360.0,895.3999999999999,0.0,112404.0,100504.0,2.9010528524957158,100.0,2199.865,0.62,1721.0,6200.0,131.1,0.2,290704.0,286540.0,0.984126984126984,200.0,2199.9325,1.16,11544.0,2400.0,2173.6,0.7,957896.0,933812.0,1.626343429408891,300.0,2199.91,2.27,1775.0,2480.0,737.2,0.0,112404.0,100716.0,2.9114841015986843,100.0,2199.865,0.62,1850.0,6200.0,194.6,0.2,290704.0,286540.0,0.984126984126984,200.0,2199.865,1.225,10729.5,3880.0,1610.2,0.7,957896.0,933816.0,1.7260014655593552,300.0,2199.91,2.26,1804.0,1880.0,483.7,0.0,112404.0,101176.0,2.8979094409652,100.0,2200.0,0.62,2015.0,5480.0,174.4,0.2,290704.0,286536.0,0.984126984126984,200.0,2199.9325,1.255,10016.0,5000.0,1670.4,0.7,957896.0,933880.0,1.7760136785539813,300.0,2199.955,2.2966666666666664,1985.333333333333,2600.0,729.4,0.0,112404.0,102524.0,2.9565759557871907,5.6029434740580015,5.550058014066327,5.760284045006451,5.524552513579424,5.714850128908738,5.735980632392183,5.727383575810179,5.440714658972166,5.448512361629177,5.460901794172009,5.507137044048784,5.581576097613682,5.606579163240324
100.0,2199.865,0.62,1493.0,5360.0,101.4,0.2,290704.0,286536.0,0.984126984126984,200.0,2200.0,1.16,11781.0,2200.0,2135.4,0.7,957900.0,933816.0,1.6173382173382174,300.0,2199.91,2.1766666666666667,2704.333333333333,1880.0,806.3000000000002,0.0,112404.0,100504.0,2.7866495076405284,100.0,2199.865,0.62,1596.0,5720.0,119.2,0.2,290704.0,286540.0,0.984126984126984,200.0,2199.865,1.165,11695.5,2560.0,2205.1,0.7,957896.0,933812.0,1.6284493284493284,300.0,2199.91,2.2066666666666666,1640.0,2400.0,729.1999999999998,0.0,112404.0,100716.0,2.9161669766208482,100.0,2199.865,0.62,1807.0,4960.0,186.2,0.2,290704.0,286540.0,0.984126984126984,200.0,2200.0,1.23,10628.5,3800.0,1608.3,0.7,957896.0,933816.0,1.727960927960928,300.0,2199.865,2.203333333333333,1716.0,2240.0,491.0,0.0,112404.0,101176.0,2.911141850992707,100.0,2199.865,0.62,1924.0,6680.0,142.8,0.2,290704.0,286536.0,0.984126984126984,200.0,2199.9325,1.255,10061.0,4600.0,1746.3000000000004,0.7,957896.0,933880.0,1.7722832722832722,293.8,2199.91,2.243333333333333,1818.0,2280.0,651.7,0.0,112404.0,102524.0,2.875524207644492,5.560561702472458,5.566075221498562,5.7230452018096925,5.526435465754688,5.5240779533006155,5.492894687101562,5.4924201268227515,5.4084757811474065,5.434064334470514,5.483024359952278,5.433086653366973,5.50915697130228,5.511208584408445
100.0,2199.865,0.75,4584.0,15880.0,439.4,0.2,290704.0,286536.0,0.9375,200.0,2199.9325,1.145,11922.0,2360.0,2106.8,0.7,957900.0,933816.0,1.5879120879120878,300.0,2199.91,2.236666666666667,2879.666666666666,1760.0,925.6,0.0,138984.0,126984.0,3.180881006864989,100.0,2199.865,0.75,5124.0,13560.0,630.9,0.2,290704.0,286540.0,0.9375,193.3,2200.0,1.155,11704.0,2520.0,2227.5,0.7,957896.0,933812.0,1.6043956043956042,300.0,2199.955,2.3833333333333333,5999.666666666668,2200.0,1818.4,0.1,201256.0,189512.0,2.882085434717013,100.0,2199.865,0.73,6239.0,14240.0,565.3,0.2,290704.0,286540.0,0.9125,200.0,2199.9325,1.22,10603.5,4080.0,1623.6,0.7,957896.0,933816.0,1.7142857142857144,300.0,2199.955,2.373333333333333,5937.0,2520.0,1272.5,0.1,200984.0,189708.0,2.8684490710806503,100.0,2200.0,0.73,7099.0,11760.0,567.3,0.2,290704.0,286536.0,0.9125,200.0,2199.9325,1.24,10022.0,5240.0,1714.3000000000004,0.7,957896.0,933880.0,1.7527472527472527,293.8,2199.91,2.07,3018.0,2000.0,1427.2,0.1,167976.0,158056.0,2.938107042969744,5.486237492421669,5.4933085886913275,5.4993633959480634,5.447295759082941,5.4025041344840075,5.381396028250045,5.370643971845814,5.351944416216829,5.363635628363987,5.425653637896767,5.369309630133546,5.452487770385279,5.519417810132913
100.0,2199.865,0.75,4413.0,15440.0,385.5,0.2,290704.0,286536.0,0.9375,200.0,2199.9325,1.145,11937.0,2000.0,2054.8,0.7,957900.0,933816.0,1.5952380952380951,300.0,2199.955,2.186666666666667,7103.0,1160.0,1953.2,0.0,105812.0,94096.0,3.3459970887918487,100.0,2200.0,0.74,5214.0,14120.0,615.8,0.2,290704.0,286540.0,0.925,200.0,2199.9325,1.165,11563.0,2520.0,2066.9,0.7,957896.0,933812.0,1.6284493284493284,300.0,2199.955,2.1366666666666667,2084.333333333333,2400.0,809.4000000000002,0.0,112356.0,100760.0,2.8551135055486485,100.0,2199.865,0.73,6475.0,12920.0,597.9,0.2,290704.0,286540.0,0.9125,200.0,2199.865,1.235,10487.5,3680.0,1615.4,0.7,957896.0,933816.0,1.7446886446886447,300.0,2199.955,2.11,2111.6666666666665,2240.0,612.9,0.0,112356.0,101220.0,2.8291849284389685,100.0,2199.865,0.73,7333.0,10360.0,576.5,0.2,290704.0,286536.0,0.9125,200.0,2199.865,1.255,9911.5,4520.0,1672.6,0.7,957896.0,933880.0,1.7835164835164834,300.0,2199.91,1.8966666666666667,3859.0,2160.0,1350.5,0.0,246872.0,91536.0,2.8285255586950937,5.640038785919793,5.59040236053966,5.442022048434198,5.538457975786352,5.390527797849795,5.3083671947194455,5.327212709944241,5.467205390060082,5.448808436136812,5.423024847109515,5.416892041720416,5.3998900220010055,5.4296487002594125
100.0,2199.865,0.76,4437.0,14680.0,396.4,0.2,290704.0,286536.0,0.9620253164556962,200.0,2199.9325,1.15,11685.0,2200.0,1997.8,0.7,957900.0,933816.0,1.5948028673835126,300.0,2199.955,1.9633333333333336,5588.666666666668,1320.0,1759.9,0.1,172016.0,160492.0,2.565441453327475,100.0,2199.865,0.75,5121.0,14120.0,570.4,0.2,290704.0,286540.0,0.9493670886075948,200.0,2199.9325,1.16,11426.0,2280.0,2052.0,0.7,959216.0,935396.0,1.621505376344086,300.0,2199.91,2.3633333333333333,5346.333333333333,3240.0,1557.6,0.0,112928.0,101484.0,3.5163189538137587,100.0,2199.865,0.73,6302.0,13720.0,552.8,0.2,290704.0,286540.0,0.9240506329113924,200.0,2199.9325,1.21,10473.0,3600.0,1574.6999999999996,0.7,962780.0,938832.0,1.6978494623655913,300.0,2199.91,2.36,5549.666666666668,2520.0,1417.4999999999998,0.0,112928.0,101944.0,3.512440547105163,100.0,2199.865,0.72,7366.0,11920.0,593.9,0.2,290704.0,286536.0,0.9113924050632912,200.0,2199.865,1.25,9839.0,5320.0,1625.6999999999996,0.7,962780.0,938896.0,1.757885304659498,300.0,2199.91,2.263333333333333,5361.666666666667,2200.0,1625.9,0.1,185224.0,175724.0,2.8742739950308325,5.066223597915702,5.035900151673751,5.512421005949164,5.042009630669073,5.935581302881785,5.944469112686963,5.937324316600928,5.048756526331969,5.029205134839294,5.024754216856006,5.040033346084091,5.031490587663057,5.16214550279447
100.0,2199.865,0.75,4354.0,14360.0,397.1,0.2,290704.0,286536.0,0.7894736842105263,200.0,2200.0,1.145,11688.0,2040.0,2049.5,0.7,961068.0,936984.0,1.6059545733578882,300.0,2199.955,2.2466666666666666,7415.333333333332,1200.0,1901.9,0.1,201704.0,190060.0,3.349525300381422,100.0,2199.865,0.75,4958.0,13840.0,573.0,0.2,290704.0,286540.0,0.7894736842105263,193.8,2199.9325,1.16,11347.5,2400.0,2044.9,0.7,962780.0,938828.0,1.6337016574585634,293.8,2199.91,2.24,1591.0,1880.0,665.5,0.0,112928.0,101484.0,2.8995222548244404,100.0,2199.865,0.73,6215.0,13640.0,567.6,0.2,290704.0,286540.0,0.768421052631579,193.8,2199.9325,1.22,10458.0,3920.0,1540.7,0.7,962780.0,938832.0,1.7279312461632903,300.0,2199.91,2.2266666666666666,1622.333333333333,2080.0,451.9,0.0,112928.0,101944.0,2.8815509940656945,100.0,2200.0,0.72,7217.0,11560.0,627.7,0.2,290704.0,286536.0,0.7578947368421053,193.8,2200.0,1.24,9863.0,4880.0,1660.1999999999996,0.7,963968.0,939952.0,1.7667894413750769,300.0,2199.91,2.3433333333333333,5795.333333333332,2240.0,1587.2,0.0,112928.0,103292.0,3.489167336233249,5.346318517810904,5.2889093256500415,5.988759783942744,5.318412391295796,5.010656891575577,5.038015707526519,5.027146142309127,5.263152562406685,5.285129920694665,5.274377232522622,5.271963078432821,5.307372823103352,5.8096844379443775
100.0,2199.865,1.41,5142.0,11960.0,590.6,0.1,108720.0,87856.0,0.986013986013986,200.0,2200.0,1.355,20976.0,3200.0,5081.4000000000015,0.7,998548.0,980084.0,1.1487470449172577,300.0,2199.91,1.6033333333333335,3705.333333333334,1640.0,1583.9,0.0,54936.0,46148.0,2.8446060981272248,100.0,2200.0,1.37,1245.0,11640.0,226.3,0.1,108776.0,87860.0,0.9927536231884059,200.0,2200.0,1.935,42369.0,2440.0,8935.8,0.7999999999999999,1003720.0,985436.0,1.6822975517890773,300.0,2199.955,1.6233333333333333,2612.333333333333,2560.0,621.9000000000002,0.0,54936.0,46160.0,2.8897597977244,100.0,2199.865,1.39,6237.0,8880.0,602.1,0.1,108736.0,87612.0,0.9720279720279721,200.0,2199.9325,1.355,19746.5,2240.0,4675.0,0.7,998680.0,980088.0,1.1541371158392435,300.0,2199.955,1.643333333333333,2521.333333333333,2600.0,1283.2,0.0,54932.0,46092.0,2.91082113309226,100.0,2199.865,1.38,6803.0,9000.0,718.7,0.1,108720.0,86136.0,0.965034965034965,200.0,2200.0,1.36,18830.5,1800.0,4381.5999999999985,0.7,999456.0,980876.0,1.1594799054373524,300.0,2199.955,1.643333333333333,2571.6666666666665,2000.0,981.0,0.0,54932.0,46152.0,2.91082113309226,5.060138857330196,5.033065174511834,5.000430477648413,5.001646238837579,5.6185174023624365,4.94352855274117,4.9693762393335374,4.969170242611583,4.972103343789364,4.913610725296746,5.60513777046246,4.636388748101363,4.745580174287472
100.0,2200.0,1.23,933.0,12520.0,202.5,0.1,110980.0,89460.0,1.0,200.0,2199.9325,1.89,30577.5,1400.0,7341.8,0.7999999999999999,1004496.0,986552.0,1.6470921985815603,300.0,2199.955,1.596666666666667,4193.0,1200.0,1717.0,0.0,58608.0,49860.0,2.8721819124125423,100.0,2199.865,1.23,826.0,11600.0,103.7,0.1,110988.0,89468.0,1.0,200.0,2200.0,1.765,59268.0,2040.0,12572.7,0.7999999999999999,1003720.0,985700.0,1.6880555555555556,300.0,2200.0,1.62,2980.333333333333,3080.0,819.0,0.0,58608.0,49872.0,2.903018916817828,100.0,2200.0,1.22,1347.0,8640.0,184.7,0.1,110980.0,89204.0,0.9918699186991871,200.0,2199.9325,1.96,28474.0,3240.0,6781.9,0.7999999999999999,1003588.0,985768.0,1.7083687943262411,293.8,2199.955,1.6233333333333333,3039.0,2280.0,1408.6,0.0,58604.0,49804.0,2.9074242031614417,100.0,2199.865,1.22,1877.0,9880.0,251.4,0.1,110980.0,87736.0,0.9918699186991871,200.0,2200.0,1.985,29264.0,6040.0,7205.0,0.7999999999999999,1003720.0,985768.0,1.7298345153664303,300.0,2199.865,1.6233333333333333,3051.333333333333,2360.0,1183.3,0.0,58604.0,49864.0,2.9074242031614417,5.629926602915965,5.67688508074894,5.653161167876997,5.6279546257493855,5.624126829283575,5.620472542942804,5.638174310924961,5.614411239952188,5.565741527547544,5.545138402367357,5.470451690749165,5.521278682656653,5.428916125951465
100.0,2199.865,1.18,1380.0,14680.0,257.7,0.1,111172.0,89784.0,0.9915966386554622,200.0,2199.9325,1.7999999999999998,58655.0,3480.0,13878.3,0.7999999999999999,1003588.0,985764.0,1.7268055555555557,300.0,2200.0,1.5599999999999998,4451.0,1120.0,1723.7,0.0,59388.0,50656.0,2.780656691149636,100.0,2199.865,1.18,1365.0,12480.0,266.4,0.1,111172.0,89788.0,0.9915966386554622,200.0,2199.865,1.89,30116.5,1960.0,6800.1,0.7999999999999999,1003588.0,985700.0,1.7014307458143074,300.0,2199.955,1.606666666666667,3006.666666666666,2320.0,832.5,0.0,59388.0,50668.0,2.853529466094332,100.0,2199.865,1.16,2358.0,9600.0,356.1,0.1,111156.0,89528.0,0.9747899159663864,200.0,2200.0,1.86,54224.5,4680.0,13335.0,0.7999999999999999,1004496.0,986556.0,1.7831944444444443,300.0,2199.91,1.6,3051.0,2880.0,1411.6,0.0,59384.0,50600.0,2.8419104427289525,100.0,2199.865,1.15,2749.0,7720.0,338.8,0.1,111148.0,88060.0,0.9663865546218487,200.0,2200.0,1.86,51893.0,4720.0,11934.8,0.7999999999999999,1004496.0,986556.0,1.779375,300.0,2199.955,1.606666666666667,3051.666666666666,2320.0,1166.4,0.0,59384.0,50660.0,2.853529466094332,5.62380490960507,5.616332303656215,5.633226385772837,5.629741059101477,5.6562435854276405,5.595761048605522,5.6046586341884295,5.6047056939229565,5.584390072444896,5.608772604260231,5.436352255309156,5.539114574381615,5.402673913271772
100.0,2199.865,1.33,4125.0,14040.0,553.0,0.1,112332.0,90024.0,0.9779411764705882,200.0,2200.0,1.6949999999999998,56268.0,1640.0,14120.6,0.7999999999999999,1004496.0,986552.0,1.5800440044004398,293.8,2199.955,1.5399999999999998,4755.0,1120.0,1749.4,0.0,59292.0,50740.0,2.7582586786114214,100.0,2199.865,1.31,5186.0,13160.0,843.6,0.1,112324.0,90008.0,0.9632352941176472,200.0,2200.0,1.975,36400.5,3840.0,8008.700000000002,0.7999999999999999,1003588.0,985700.0,1.733968253968254,300.0,2199.91,1.626666666666667,2869.333333333333,2440.0,811.6999999999998,0.0,59292.0,50752.0,2.9165376676986585,100.0,2199.865,1.3,6821.0,11560.0,626.5,0.1,112308.0,89772.0,0.9558823529411764,200.0,2200.0,1.965,36740.5,3800.0,8248.6,0.7999999999999999,1003720.0,985768.0,1.8402860286028604,300.0,2199.865,1.6333333333333335,2868.333333333333,2000.0,1298.6999999999996,0.0,59288.0,50684.0,2.9282765737874104,100.0,2200.0,1.28,8478.0,10600.0,558.8,0.1,112308.0,88296.0,0.9411764705882352,200.0,2199.9325,1.98,26794.5,3920.0,6559.799999999998,0.7999999999999999,1003588.0,985768.0,1.852101210121012,293.8,2200.0,1.6333333333333335,2893.0,1920.0,1195.6,0.0,59288.0,50744.0,2.9312435500516,5.715231210427544,5.773712173074893,5.7388737836631964,5.723330046626954,5.547675553499054,5.710161389203937,5.7796126454750745,5.7469439761313605,5.744296221994243,5.7039433494433025,5.6100725561834714,5.596703331323845,5.680611140061375
100.0,2199.865,1.3,4351.0,16000.0,501.4,0.1,112404.0,90056.0,0.9923664122137404,200.0,2199.9325,1.94,32584.5,2000.0,7905.5999999999985,0.7999999999999999,1004496.0,986552.0,1.7034343434343433,300.0,2199.91,1.5933333333333335,4291.0,1560.0,1641.6,0.0,59292.0,50748.0,2.8581124703788565,100.0,2199.865,1.29,5235.0,14680.0,798.3,0.1,112396.0,90032.0,0.9847328244274808,200.0,2199.865,1.69,59736.0,3160.0,13105.5,0.7999999999999999,1003588.0,985700.0,1.5811111111111107,300.0,2199.91,1.64,2819.333333333333,2440.0,811.3,0.0,59292.0,50760.0,2.9398372938036594,100.0,2199.865,1.28,6968.0,12680.0,615.1,0.1,112396.0,89796.0,0.9770992366412212,200.0,2200.0,2.1,47733.5,5560.0,10359.7,0.7999999999999999,1003720.0,985768.0,1.842077922077922,300.0,2199.955,1.6366666666666667,2814.333333333333,1800.0,1271.8000000000004,0.0,59288.0,50692.0,2.9325380237306664,100.0,2199.865,1.25,8740.0,12200.0,541.4,0.1,112380.0,88324.0,0.9541984732824428,200.0,2199.9325,2.05,49252.5,5080.0,11031.6,0.7999999999999999,1003588.0,985768.0,1.7989033189033192,300.0,2199.865,1.6333333333333335,2839.666666666666,2680.0,1256.7,0.0,59288.0,50752.0,2.9281327373870543,5.663891356789019,5.535713842606045,5.487036022527992,5.5174798107538425,5.821363798630202,5.502879014108354,5.528511000446227,5.438685007246889,5.4537429668471376,5.4282123738282,5.276461192032226,5.2824506323657845,5.258702983845113
100.0,2200.0,1.25,4915.0,13680.0,602.4,0.1,112948.0,90156.0,0.9541984732824428,193.8,2200.0,1.99,40658.5,2280.0,9309.2,0.7999999999999999,1003720.0,985764.0,1.9111111111111108,300.0,2199.955,1.6,4280.666666666667,1480.0,1625.3,0.0,59292.0,50744.0,2.9012047446498808,100.0,2200.0,1.25,5726.0,16000.0,843.6,0.1,112932.0,90140.0,0.9541984732824428,200.0,2200.0,1.6949999999999998,56872.0,2240.0,12472.5,0.7999999999999999,1004496.0,986488.0,1.4954876273653566,300.0,2199.91,1.643333333333333,2811.666666666666,2480.0,794.7,0.0,59292.0,50756.0,2.976743416699749,100.0,2200.0,1.22,7309.0,11960.0,735.5,0.1,112924.0,89904.0,0.931297709923664,200.0,2199.865,1.9,53972.5,4080.0,13226.4,0.7999999999999999,1003720.0,985768.0,1.8193206678180769,300.0,2199.955,1.643333333333333,2772.666666666666,2360.0,1261.4,0.0,59288.0,50688.0,2.9799523620484316,93.8,2200.0,1.23,8870.0,10680.0,629.4,0.1,112900.0,88428.0,0.9389312977099236,200.0,2200.0,1.92,46366.0,6440.0,10472.2,0.7999999999999999,1003588.0,985768.0,1.8363615428900404,300.0,2199.955,1.6466666666666665,2738.333333333333,2320.0,1189.7,0.0,59288.0,50748.0,2.984319174275506,5.823964086795077,5.81216614664532,5.761769091715139,5.791650113394248,5.417902731260632,5.806542311201723,5.872077461670347,5.849196410330964,5.871554678925617,5.857230041249102,5.7917433008698405,5.826273681480143,5.615396529738654
100.0,2199.865,1.27,3242.0,15120.0,566.5,0.1,113124.0,90176.0,0.9477611940298508,193.3,2199.9325,1.885,30222.5,2480.0,7248.200000000002,0.7999999999999999,1003720.0,985764.0,1.828628841607565,293.8,2199.955,1.57,4579.333333333333,1160.0,1628.7,0.0,59292.0,50740.0,2.81187607058782,93.3,2199.865,1.29,4367.0,13480.0,730.4,0.1,113100.0,90160.0,0.9626865671641792,200.0,2200.0,1.935,56466.0,3400.0,11209.3,0.7999999999999999,1004496.0,986488.0,1.7670735524256649,300.0,2199.91,1.6133333333333333,3014.333333333333,2240.0,815.6,0.0,59292.0,50756.0,2.87467279576071,100.0,2199.865,1.26,6015.0,10600.0,571.1,0.1,113076.0,89924.0,0.9402985074626864,200.0,2200.0,2.085,50907.0,4160.0,11084.3,0.7999999999999999,1003720.0,985768.0,2.0396453900709224,300.0,2199.955,1.63,2871.333333333333,2400.0,1281.0,0.0,59288.0,50688.0,2.916586860754645,100.0,2199.865,1.25,6876.0,9440.0,548.7,0.1,113068.0,88456.0,0.9328358208955224,200.0,2199.865,1.83,50515.5,5240.0,11680.9,0.7999999999999999,1003588.0,985768.0,1.7657446808510635,300.0,2199.91,1.643333333333333,2783.333333333333,2200.0,1220.0,0.0,59288.0,50748.0,2.9342080061290936,5.760216402064002,5.785617272826022,5.664143456444219,5.688911475939952,5.641434187223571,5.703155885209335,5.815040420042468,5.747805984422568,5.804628526419702,5.8354395246389155,5.927337173480476,5.752948022170117,5.751376658464505
100.0,2200.0,1.11,2620.0,13240.0,447.9,0.1,113404.0,90192.0,0.973684210526316,200.0,2200.0,2.02,50194.5,3000.0,11048.3,0.7999999999999999,1003588.0,985764.0,1.9128531546622,300.0,2200.0,1.5533333333333337,4587.333333333333,920.0,1666.9,0.0,59292.0,50744.0,2.819655623996373,93.3,2199.865,1.09,2211.0,11120.0,385.4,0.1,113364.0,90176.0,0.9561403508771932,200.0,2199.9325,1.805,51596.5,1840.0,10680.2,0.7999999999999999,1004496.0,986488.0,1.6884488448844883,300.0,2200.0,1.6333333333333335,2823.666666666666,2400.0,733.9,0.0,59292.0,50756.0,2.9700373272354312,93.3,2199.865,1.08,2903.0,9320.0,384.5,0.1,113356.0,89932.0,0.9473684210526316,200.0,2199.9325,1.875,48739.5,3040.0,11631.6,0.7999999999999999,1003720.0,985768.0,1.7659631490787269,300.0,2199.955,1.63,2811.0,2440.0,1254.0,0.0,59288.0,50688.0,2.968860342334465,100.0,2199.865,1.07,3475.0,9440.0,442.9,0.1,113332.0,88460.0,0.9385964912280704,200.0,2199.9325,1.965,27045.5,3000.0,6621.8,0.7999999999999999,1003720.0,985768.0,1.8500279173646008,293.8,2199.865,1.6333333333333335,2799.0,2680.0,1143.1999999999996,0.0,59288.0,50748.0,2.9700373272354312,5.7766582425410995,5.980662054415847,5.81684441810183,5.900654046216569,5.754577841485339,5.791584378267224,5.835079169229681,5.7223355124800905,5.793610001135888,5.756932945857956,5.742429094804145,5.71122551321818,5.5395468304613615
100.0,2199.865,1.11,1934.0,10080.0,405.0,0.1,113524.0,90192.0,0.973684210526316,200.0,2200.0,1.755,54805.0,2520.0,13293.5,0.7999999999999999,1003720.0,985764.0,1.6394499449944997,300.0,2200.0,1.5099999999999998,4769.0,1600.0,1779.8000000000004,0.0,59292.0,50744.0,2.7049080663980694,93.3,2199.865,1.16,2997.0,11720.0,531.0,0.1,113484.0,90176.0,1.0175438596491229,200.0,2199.9325,1.805,51596.5,1840.0,10680.2,0.7999999999999999,1004496.0,986488.0,1.6884488448844883,300.0,2200.0,1.643333333333333,2788.0,2560.0,764.1,0.0,59292.0,50756.0,2.977211751846577,100.0,2199.865,1.14,4262.0,10560.0,475.7,0.1,113452.0,89940.0,1.0,200.0,2199.9325,2.02,39367.5,1600.0,8752.3,0.7999999999999999,1003588.0,985768.0,1.8937293729372937,300.0,2199.955,1.62,2910.0,2360.0,1273.7,0.0,59288.0,50688.0,2.9308071941969462,100.0,2200.0,1.13,5100.0,11240.0,450.9,0.1,113436.0,88472.0,0.9912280701754386,200.0,2199.9325,1.925,50657.5,4920.0,11293.1,0.7999999999999999,1004496.0,986556.0,1.801188118811881,293.8,2200.0,1.6366666666666667,2851.333333333333,1760.0,1153.9,0.0,59288.0,50748.0,2.9559471365638768,5.626429101314208,5.790886256707164,5.656145814921053,5.692482555556065,5.754577841485339,5.785115445330613,5.911588433885834,5.815862153278147,5.870887908427442,5.9068886854729605,5.558096616587552,5.800296532199909,5.646094381933949
100.0,2199.865,2.43,374.0,6960.0,31.9,0.1,202872.0,185076.0,0.972,200.0,2200.0,1.33,21786.5,2840.0,4524.3,1.4,1737080.0,1719240.0,1.66494960806271,300.0,2200.0,1.7100000000000002,1624.333333333333,1280.0,303.5,0.0,171264.0,53952.0,2.960027100271003,100.0,2200.0,2.47,415.0,5560.0,37.4,0.1,202872.0,185072.0,0.988,200.0,2199.9325,1.33,22183.5,2680.0,4466.700000000002,1.4,1737080.0,1719372.0,1.66494960806271,300.0,2199.91,1.7266666666666666,930.3333333333335,1760.0,161.90000000000003,0.0,171264.0,53880.0,2.9856378173710816,100.0,2200.0,2.39,530.0,5880.0,50.4,0.1,202872.0,185076.0,0.956,200.0,2199.9325,1.34,24165.0,3160.0,4790.6,1.4,1737080.0,1719368.0,1.6609182530795072,300.0,2199.865,1.7266666666666666,1040.3333333333333,2160.0,260.0,0.0,171264.0,53888.0,2.987105748717062,100.0,2200.0,2.46,540.0,5760.0,35.6,0.1,202872.0,185076.0,0.9840000000000001,200.0,2200.0,1.365,26679.0,4920.0,5532.4,1.4,1737080.0,1719288.0,1.6696528555431132,293.8,2200.0,1.72,875.6666666666665,2520.0,449.1,0.0,171264.0,53884.0,2.973915989159892,5.570044727080343,5.718517811943986,5.691383244769363,5.731275837058482,5.676275990818884,5.733798820803273,5.675556116983343,5.804826937334437,5.621552420664184,5.6858661363955925,5.6822775547240365,5.666111916330062,4.859639139307928
100.0,2200.0,2.47,303.0,3400.0,30.7,0.1,203052.0,185340.0,0.9919678714859438,200.0,2199.9325,1.26,48568.5,2520.0,11458.8,1.4,1737080.0,1719240.0,1.7552083333333333,300.0,2199.955,1.6866666666666663,2093.333333333333,1680.0,354.9,0.0,171408.0,54124.0,2.9166968841049914,100.0,2199.865,2.5,291.0,5920.0,27.1,0.1,203052.0,185336.0,1.004016064257028,200.0,2199.865,1.265,49049.0,2440.0,10865.8,1.4,1737080.0,1719372.0,1.7604166666666663,293.3,2199.91,1.72,974.0,2200.0,158.29999999999995,0.0,171408.0,54052.0,2.969286359530262,100.0,2199.865,2.45,486.0,6200.0,45.0,0.1,203052.0,185340.0,0.9839357429718876,200.0,2199.9325,1.21,46827.0,4120.0,10228.9,1.4,1737080.0,1719368.0,1.7149305555555556,300.0,2200.0,1.72,1086.6666666666667,2240.0,271.79999999999995,0.0,171408.0,54060.0,2.970754290876242,100.0,2199.865,2.49,538.0,5480.0,38.0,0.1,203052.0,185340.0,1.0,200.0,2199.865,1.215,42108.0,4800.0,11343.8,1.4,1737080.0,1719288.0,1.7201388888888889,300.0,2199.955,1.7166666666666668,910.3333333333335,1800.0,442.5,0.0,171408.0,54056.0,2.962244106009136,5.664617488427697,5.810673789992919,5.7689110515691535,5.748413342576,5.7791896660269835,5.7568351078373565,5.80180835895588,5.8060949138239595,5.7321654580841015,5.806239532158174,5.8180120626595855,5.779284489766387,5.0570601050576185
93.8,2199.865,2.48,355.0,5560.0,33.6,0.1,203196.0,185604.0,0.9880478087649404,200.0,2199.865,1.32,23380.5,2400.0,4916.6,1.4,1737080.0,1719240.0,1.7356164383561643,300.0,2199.91,1.6900000000000002,1760.333333333333,1400.0,327.7,0.0,171408.0,54124.0,2.9407566311204016,100.0,2199.865,2.5,397.0,6320.0,33.2,0.1,203196.0,185600.0,0.9960159362549802,200.0,2199.9325,1.32,23149.5,2760.0,4650.5,1.4,1737080.0,1719372.0,1.7356164383561643,300.0,2199.955,1.71,1064.6666666666667,1680.0,173.2,0.0,171408.0,54052.0,2.9761177339073366,100.0,2199.865,2.47,465.0,4920.0,43.5,0.1,203196.0,185604.0,0.9840637450199204,193.8,2200.0,1.32,23574.5,5400.0,4554.8,1.4,1737080.0,1719368.0,1.7356164383561643,300.0,2199.955,1.7033333333333331,1247.3333333333333,2120.0,269.8,0.0,171408.0,54060.0,2.9681307878406926,100.0,2200.0,2.5,558.0,4160.0,44.3,0.1,203196.0,185604.0,0.9960159362549802,200.0,2199.9325,1.395,28355.0,7840.0,5862.1,1.4,1737080.0,1719288.0,1.8171993911719941,300.0,2199.955,1.7033333333333334,1037.0,2200.0,474.1,0.0,171408.0,54056.0,2.964330699645025,5.667296693654783,5.733817328465376,5.8243724201299045,5.781202007018199,5.8279689244165285,5.788064431461374,5.828797338417183,5.8266248088376225,5.7636517851873075,5.803690998070163,5.762099423695452,5.722239967668649,5.240392741933012
100.0,2200.0,2.45,510.0,7080.0,49.1,0.1,203652.0,186132.0,0.9959349593495936,200.0,2199.9325,1.325,29164.0,2160.0,6119.8,1.4,1737080.0,1719240.0,1.8011083743842369,293.8,2199.955,1.653333333333333,2259.0,1200.0,371.0,0.0,171408.0,54124.0,2.921217060239184,100.0,2199.865,2.49,334.0,5360.0,29.3,0.1,203652.0,186128.0,1.0121951219512195,200.0,2199.9325,1.32,28751.5,2800.0,5417.0,1.4,1737080.0,1719372.0,1.7961822660098523,300.0,2200.0,1.68,1254.0,1840.0,188.6,0.0,171408.0,54052.0,2.965770863038108,100.0,2200.0,2.44,513.0,6440.0,46.7,0.1,203652.0,186132.0,0.9918699186991871,200.0,2200.0,1.31,23974.0,4040.0,4403.8,1.4,1737080.0,1719368.0,1.7992051052395883,300.0,2199.955,1.67,1509.0,2280.0,295.7999999999999,0.0,171408.0,54060.0,2.9524509482855623,100.0,2199.865,2.47,637.0,5920.0,47.3,0.1,203652.0,186132.0,1.0040650406504066,200.0,2199.9325,1.375,29151.0,6800.0,5848.6,1.4,1737080.0,1719288.0,1.8632445141065832,300.0,2199.955,1.6766666666666667,1199.6666666666667,2280.0,482.3,0.0,171408.0,54056.0,2.9586786644565475,5.743225496349808,5.611396937235791,5.915519237676432,5.868127073334395,5.937667897955159,5.656245807717996,5.95605905250136,5.716869224633474,5.924885896463954,5.9620784538935965,5.926597303692766,5.902703080858218,4.813808420290809
100.0,2200.0,2.45,350.0,3440.0,36.4,0.1,203652.0,186132.0,0.9533073929961092,200.0,2200.0,1.37,55375.5,2640.0,12029.7,1.4,1737080.0,1719240.0,1.7816388051520966,300.0,2200.0,1.63,2602.6666666666665,1400.0,399.0,0.0,171408.0,54124.0,2.8872364777149118,100.0,2200.0,2.51,324.0,4760.0,25.5,0.1,203652.0,186128.0,0.9766536964980544,200.0,2199.9325,1.375,55576.5,2400.0,11432.8,1.4,1737080.0,1719372.0,1.7928747602082762,300.0,2199.91,1.6766666666666667,1266.0,1240.0,207.0,0.0,171408.0,54052.0,2.9609164941060686,100.0,2199.865,2.42,489.0,5200.0,47.3,0.1,203652.0,186132.0,0.9416342412451362,200.0,2200.0,1.205,55839.5,4960.0,10224.6,1.4,1737080.0,1719368.0,1.620663195395999,300.0,2199.91,1.656666666666667,1560.666666666667,2040.0,310.1,0.0,171408.0,54060.0,2.9295524508643145,100.0,2199.865,2.51,494.0,3840.0,41.1,0.1,203652.0,186132.0,0.9766536964980544,200.0,2199.9325,1.165,49415.0,5560.0,12791.5,1.4,1737080.0,1719288.0,1.5879967114277886,300.0,2199.91,1.67,1246.3333333333333,2360.0,500.9,0.0,171408.0,54056.0,2.9489699265924703,5.517305192456666,5.800007326804416,5.678687245024025,5.658042617691628,5.708011200310532,5.8896952422892275,5.723688007452407,5.967862404548737,5.5951923504471806,5.6629584153059875,5.6447505058846135,5.616327265340678,4.970529951635816
93.3,2199.865,2.31,229.0,2280.0,49.3,0.1,98760.0,96168.0,1.0131578947368425,100.0,2200.0,0.475,48.5,720.0,2.0,0.1,291096.0,95128.0,0.6129032258064515,300.0,2199.955,2.1733333333333333,1863.0,1760.0,994.1,0.0,49948.0,29956.0,2.933718826213516,100.0,2199.865,2.3,237.0,2480.0,58.0,0.1,98764.0,96172.0,1.0087719298245614,100.0,2199.9325,0.515,46.0,600.0,3.0,0.1,291136.0,95088.0,0.6645161290322581,300.0,2199.865,2.1833333333333336,1106.6666666666667,2240.0,492.3,0.0,48748.0,28748.0,2.9339388293743207,87.5,2200.0,2.29,239.0,3400.0,55.0,0.1,98628.0,96168.0,0.8841698841698842,100.0,2200.0,0.72,59.0,800.0,4.9,0.1,291044.0,95112.0,0.8474018086111486,300.0,2199.955,2.17,1201.3333333333333,2360.0,222.6,0.0,47552.0,27536.0,2.9550705966147137,93.3,2200.0,2.32,248.0,4680.0,60.7,0.1,98632.0,96168.0,0.8957528957528957,100.0,2200.0,0.76,51.0,720.0,3.8,0.1,291048.0,95096.0,0.8831421244432447,300.0,2199.91,2.16,1300.6666666666667,2240.0,380.4,0.0,47552.0,27540.0,2.9412258493140846,5.465542505592317,5.762523822305452,5.593658902963019,5.5771056835680834,6.028493616046015,5.815586011342387,5.757602633272972,5.544468718045568,5.770012269449262,5.668986003202696,5.810911989905937,4.391053816682375,5.3818102250639175
100.0,2199.865,1.03,10447.0,14680.0,703.4,0.1,104084.0,101656.0,0.8728813559322035,200.0,2199.865,0.89,52100.0,1920.0,10422.4,0.7,917100.0,884344.0,1.6406896551724135,300.0,2199.955,2.0466666666666664,3379.0,1400.0,1162.1,0.0,51764.0,31952.0,2.7916935470974313,100.0,2200.0,1.02,10657.0,12240.0,799.1,0.1,104088.0,101660.0,0.8644067796610171,200.0,2200.0,0.89,51283.5,2600.0,10874.5,0.7,917100.0,884340.0,1.6406896551724135,300.0,2199.865,2.1533333333333338,1567.666666666667,2160.0,529.0,0.0,51764.0,31960.0,2.937142818469299,100.0,2199.865,1.01,11316.0,10640.0,836.6,0.1,104084.0,101656.0,0.8559322033898306,200.0,2199.9325,0.92,50651.5,3680.0,10518.2,0.7,917100.0,884472.0,1.6979310344827587,293.8,2199.91,2.15,1651.333333333333,2040.0,259.0,0.0,51764.0,31956.0,2.932687772277628,100.0,2200.0,0.99,12028.0,10160.0,887.0,0.1,104088.0,101656.0,0.8389830508474576,200.0,2199.865,0.94,49936.0,5240.0,10951.9,0.7,917100.0,884544.0,1.7351724137931035,300.0,2199.955,2.1266666666666665,1827.666666666667,2360.0,474.6,0.0,51764.0,31960.0,2.8996539737094467,5.467320843316811,5.449150073654993,5.545125702754637,5.4069484846882325,5.5476776254256235,5.486684497101014,5.450833281184091,5.515814542969523,5.4385676482650345,5.377894762734815,5.460993608039047,5.373186497869325,5.3084383651011935
100.0,2199.865,1.0,10821.0,12800.0,715.8,0.1,104300.0,101912.0,0.8403361344537815,200.0,2199.865,0.885,51919.5,2640.0,10382.8,0.7,917100.0,884344.0,1.6857619577308118,293.8,2199.91,2.03,3397.666666666666,1000.0,1161.4,0.0,51764.0,31952.0,2.7861841385702037,100.0,2199.865,0.99,11513.0,10960.0,813.0,0.1,104304.0,101916.0,0.8319327731092437,200.0,2200.0,0.895,51921.0,2040.0,11088.9,0.7,917100.0,884340.0,1.7030033370411568,300.0,2199.955,2.143333333333333,1777.666666666667,2120.0,540.8000000000002,0.0,51764.0,31960.0,2.9228647192164576,100.0,2199.865,0.97,12195.0,10800.0,960.4,0.1,104208.0,101772.0,0.8151260504201681,200.0,2199.9325,0.905,51203.5,3640.0,10621.0,0.7,917100.0,884472.0,1.7266407119021134,300.0,2200.0,2.1333333333333333,1832.666666666667,1840.0,319.2,0.0,51764.0,31956.0,2.9100979427740468,100.0,2200.0,0.97,12229.0,10800.0,899.7,0.1,104220.0,101656.0,0.8151260504201681,193.8,2199.9325,0.935,50216.0,5320.0,11029.7,0.7,917100.0,884544.0,1.7804968483500183,300.0,2199.955,2.0966666666666662,2146.6666666666665,2880.0,488.9,0.0,51764.0,31960.0,2.8580471322869,5.412968573510693,5.449755124211652,5.484577168021595,5.422139162094372,5.445219754535575,5.5378442561278804,5.439251689165221,5.517719791746887,5.4222331963481025,5.393798826585059,5.4167017718923365,5.292324928127632,5.321858406323376
100.0,2199.865,1.03,10039.0,13600.0,684.5,0.1,104500.0,102192.0,0.8512396694214877,200.0,2199.9325,0.87,54511.5,2400.0,10984.2,0.7,917100.0,884344.0,1.7266009852216748,300.0,2199.91,2.043333333333333,3459.666666666666,1200.0,1157.0,0.0,51764.0,31956.0,2.8088181921206377,100.0,2199.865,1.01,10609.0,12240.0,753.6,0.1,104504.0,102196.0,0.8347107438016529,200.0,2200.0,0.87,54173.5,3440.0,11677.8,0.7,917100.0,884340.0,1.7266009852216748,300.0,2200.0,2.1,1719.666666666667,1680.0,531.1999999999998,0.0,51764.0,31964.0,2.8778570970519795,100.0,2199.865,0.98,11741.0,11360.0,888.1,0.1,104564.0,102172.0,0.8099173553719008,200.0,2200.0,0.88,52682.5,4160.0,10872.2,0.7,917100.0,884472.0,1.7536945812807885,300.0,2199.955,2.11,1842.0,2160.0,289.6,0.0,51764.0,31960.0,2.8910129124754937,100.0,2200.0,0.96,12379.0,10640.0,911.2,0.1,104568.0,102172.0,0.7933884297520661,200.0,2200.0,0.905,52075.5,5560.0,11435.0,0.7,917100.0,884544.0,1.8000821018062398,300.0,2200.0,2.08,2135.6666666666665,2360.0,496.19999999999993,0.0,51764.0,31964.0,2.84826791592615,5.39153823024232,5.549428403871965,5.440938301512578,5.391296052897792,5.435275216585149,5.507543110923717,5.373734029671109,5.485792313463027,5.484861380062409,5.32311099697762,5.387405728409804,5.2802644814857365,5.2571352842684975
100.0,2200.0,1.03,10082.0,14520.0,679.3,0.1,104500.0,102192.0,0.8306451612903226,200.0,2199.9325,0.8300000000000001,54609.0,1640.0,10675.4,0.7,917100.0,884344.0,1.6945652173913044,300.0,2199.955,2.036666666666666,3442.333333333333,1400.0,1163.5,0.0,51764.0,31956.0,2.8036287061054854,93.8,2199.865,1.01,10481.0,11240.0,753.0,0.1,104504.0,102196.0,0.8145161290322581,200.0,2199.9325,0.835,55016.0,2040.0,11656.8,0.7,917100.0,884340.0,1.7032608695652174,300.0,2199.865,2.1300000000000003,1770.666666666667,1960.0,513.0,0.0,51764.0,31964.0,2.9091729431500184,100.0,2200.0,0.98,11872.0,9960.0,907.8,0.1,104500.0,102192.0,0.7903225806451613,200.0,2199.9325,0.8700000000000001,54288.5,3440.0,11106.5,0.7,917100.0,884472.0,1.7717391304347827,300.0,2199.955,2.1166666666666667,1841.333333333333,2040.0,279.3,0.0,51764.0,31960.0,2.891512641954552,100.0,2199.865,0.96,12196.0,10280.0,871.2,0.1,104504.0,102192.0,0.7741935483870968,200.0,2199.9325,0.885,53764.0,4840.0,11751.5,0.7,917100.0,884544.0,1.8016304347826089,300.0,2199.955,2.083333333333333,2114.6666666666665,2360.0,491.5,0.0,51764.0,31964.0,2.8436386941885257,5.335660118609853,5.335602027438687,5.464516594936528,5.180722093334744,5.391563968964365,5.401304694693012,5.365809962119925,5.3859685136450315,5.279048743061397,5.131177000389414,5.314385172158041,5.249701439475041,5.0830465603626385
100.0,2200.0,0.99,10970.0,13440.0,722.1,0.1,104500.0,102192.0,0.7857142857142857,200.0,2200.0,0.7849999999999999,61736.5,2400.0,11567.7,0.7,917100.0,884344.0,1.5876478888527081,300.0,2199.865,2.02,3582.0,1320.0,1179.8000000000004,0.0,51764.0,31956.0,2.759088310026091,100.0,2199.865,1.01,10728.0,11760.0,798.6,0.1,104504.0,102196.0,0.8015873015873016,200.0,2200.0,0.78,62370.5,2280.0,12884.2,0.7,917100.0,884340.0,1.578638879843699,300.0,2200.0,2.1266666666666665,1755.0,2240.0,534.7,0.0,51764.0,31964.0,2.9043884620972724,100.0,2200.0,1.0,10751.0,10760.0,836.0,0.1,104500.0,102192.0,0.7936507936507936,200.0,2199.9325,0.755,69610.0,3480.0,12747.1,0.8999999999999999,1213840.0,1094436.0,1.5153587322262019,293.8,2200.0,2.11,1803.666666666667,1560.0,304.3,0.0,51764.0,31960.0,2.8822236751298536,100.0,2200.0,0.96,11921.0,10240.0,835.8,0.1,104504.0,102192.0,0.7619047619047619,200.0,2199.9325,0.825,70898.5,5680.0,15587.9,0.8999999999999999,1213972.0,1142044.0,1.6809942472593074,300.0,2199.955,2.066666666666667,2116.6666666666665,2680.0,465.7,0.0,51764.0,31964.0,2.821333224365261,5.343667837431795,5.188125935668947,5.259584167684818,5.328730050680963,5.235099211183756,5.536599101428531,5.301513598370937,5.344880766627823,5.6019790308079065,5.2576930937131054,5.362173239340949,5.301720574356599,5.10451665473418
100.0,2199.865,2.35,253.0,7360.0,41.2,0.1,121496.0,119384.0,1.0042735042735045,193.8,2199.9325,1.075,21702.0,2400.0,12094.7,0.7,1003204.0,992768.0,1.224611383294018,300.0,2199.91,1.4,13527.666666666664,1320.0,2437.7,0.1,229132.0,207656.0,1.9880485923057143,100.0,2199.865,2.36,360.0,4640.0,52.0,0.1,121364.0,119120.0,1.0085470085470083,200.0,2199.9325,1.07,21722.0,2720.0,12151.4,0.7,1003208.0,992764.0,1.2186233593419222,293.8,2200.0,1.51,12307.0,2480.0,2671.2,0.1,242580.0,221112.0,2.1410707351880713,100.0,2199.865,2.38,316.0,3680.0,24.7,0.1,121364.0,119120.0,1.017094017094017,200.0,2199.9325,1.12,22821.0,3960.0,11570.1,0.7,1003192.0,992756.0,1.2747535232565173,293.8,2199.955,1.4866666666666666,12711.666666666664,2480.0,3040.5,0.1,233136.0,211616.0,2.110060110033636,100.0,2200.0,2.36,334.0,4080.0,32.3,0.1,121368.0,119120.0,1.0085470085470083,200.0,2200.0,1.145,22264.5,5080.0,9736.1,0.7,1003188.0,992752.0,1.926421130342056,293.3,2199.955,1.4933333333333332,12633.0,1960.0,2428.5,0.1,239376.0,218148.0,2.118832039858197,4.503954367789126,4.5230693972455915,4.713621812528997,4.917976080118966,4.942157960293087,4.9913168997003865,4.996270170579184,5.047915139291541,4.969128066210561,4.963523677306374,4.944797833392559,4.893112738156686,4.860563186829498
100.0,2199.865,2.33,328.0,6680.0,48.1,0.1,125720.0,123608.0,0.966804979253112,200.0,2199.9325,1.105,18990.5,2320.0,13532.5,0.4,539564.0,529356.0,1.2150811499173602,300.0,2199.955,1.51,20158.33333333333,1840.0,3594.5,0.1,267472.0,245932.0,2.256045519203414,93.8,2200.0,2.3,474.0,4680.0,67.6,0.1,125724.0,123608.0,0.9543568464730288,200.0,2199.9325,1.115,18795.5,2120.0,13853.6,0.4,538976.0,528784.0,1.2255940607472835,293.8,2199.91,1.54,19336.666666666668,2360.0,3048.9,0.1,271192.0,249628.0,2.3075121400892726,100.0,2199.865,2.32,467.0,5600.0,29.5,0.1,125724.0,123608.0,0.962655601659751,200.0,2199.9325,1.085,16813.5,3080.0,12518.3,0.4,538976.0,528300.0,1.2028341507031186,300.0,2199.955,1.53,18798.0,2880.0,3848.7,0.1,269720.0,248308.0,2.281768610715979,100.0,2199.865,2.29,446.0,4520.0,41.5,0.1,125728.0,123608.0,0.950207468879668,200.0,2199.9325,1.1800000000000002,20257.5,5160.0,9862.1,0.4,535468.0,525312.0,1.4849473466859386,300.0,2199.91,1.5266666666666666,19100.666666666668,2360.0,2462.5,0.1,270392.0,249032.0,2.277145566619251,4.5687664202573615,5.29374168216514,4.387970642884043,4.251230909840362,4.210255833680047,4.314841016440459,4.299812372664138,4.496934680919941,4.256931281528647,4.220391759628919,4.243203516042727,4.183498942253965,4.19338423697508
100.0,2199.865,0.63,1220.0,6840.0,87.4,0.2,290704.0,286536.0,1.0,193.3,2200.0,1.3050000000000002,7446.5,2400.0,1517.6,0.6,822696.0,803996.0,1.7378787878787878,293.8,2200.0,1.82,1755.0,1080.0,360.4,0.0,27256.0,7940.0,2.872610239083016,100.0,2199.865,0.62,1415.0,5800.0,93.8,0.2,290704.0,286536.0,0.984126984126984,200.0,2199.9325,1.3,7054.0,2640.0,1087.7,0.6,823424.0,804884.0,1.7333333333333334,300.0,2199.955,1.843333333333333,603.0,1440.0,212.6,0.0,27256.0,7940.0,2.9161536872547,100.0,2199.865,0.62,1703.0,5720.0,167.1,0.2,290704.0,286536.0,0.984126984126984,200.0,2199.9325,1.39,4398.0,3800.0,1001.5,0.6,836692.0,818580.0,1.8621212121212118,300.0,2199.91,1.8866666666666667,601.3333333333334,2440.0,2482.5,0.0,27256.0,7940.0,2.9747513140076656,100.0,2200.0,0.62,1667.0,5920.0,103.5,0.2,290704.0,286536.0,0.984126984126984,200.0,2199.865,1.4449999999999998,2847.5,4080.0,598.9000000000002,0.6,840868.0,822776.0,1.9424242424242424,300.0,2199.865,1.846666666666667,1059.6666666666667,1560.0,145.20000000000005,0.0,27256.0,7936.0,2.9159007551240563,5.8880643332430145,5.873584584297247,5.8637924885828205,5.898616820073133,5.9576720610060825,5.942184255873578,5.917422351111672,5.823826111917414,5.909363034541718,5.8779156334496125,5.898418022107342,5.826752125975427,5.743689266870617
100.0,2199.865,0.76,3524.0,13160.0,443.1,0.2,290704.0,286536.0,0.9620253164556962,200.0,2199.9325,1.345,15696.5,2200.0,2410.2000000000007,0.7,1052096.0,1032868.0,1.8684107002360344,300.0,2200.0,1.8066666666666664,2081.6666666666665,1240.0,426.2,0.0,27256.0,7940.0,2.883412824589295,100.0,2200.0,0.75,5054.0,11600.0,217.2,0.2,290704.0,286536.0,0.9493670886075948,200.0,2199.9325,1.315,16452.5,2960.0,2740.2,0.7,1052104.0,1033056.0,1.8239575137686863,300.0,2199.955,1.836666666666667,736.6666666666665,1920.0,233.8,0.0,27256.0,7940.0,2.9056676356633653,100.0,2199.865,0.73,6352.0,13760.0,577.3,0.2,290704.0,286536.0,0.9240506329113924,200.0,2200.0,1.335,11594.5,3920.0,1904.5,0.7999999999999999,1063100.0,1044444.0,1.8365460267505904,300.0,2199.955,1.8866666666666667,620.3333333333334,2240.0,2547.2,0.0,27256.0,7940.0,2.9747589371958494,100.0,2199.865,0.72,7388.0,12200.0,423.8,0.2,290704.0,286536.0,0.9113924050632912,200.0,2200.0,1.71,6010.0,2200.0,953.3,0.7999999999999999,1064712.0,1046112.0,2.4433516915814315,300.0,2199.91,1.8266666666666669,1247.6666666666667,1400.0,154.10000000000005,0.0,27256.0,7936.0,2.8870062594431256,5.841928788075205,5.404743308061012,5.483487944538096,5.607046035714986,5.634929497513295,5.562733960298987,5.574893985599427,5.4475981413681005,5.657855886900785,5.567901746681193,5.635717831266727,5.601392566723247,5.573678538653432
100.0,2200.0,0.77,3505.0,13480.0,407.5,0.2,290704.0,286536.0,0.9625,200.0,2200.0,1.29,5165.0,2160.0,1304.0,0.7999999999999999,1107544.0,1089072.0,1.7569107605368497,300.0,2199.91,1.8033333333333332,2013.666666666667,880.0,376.5,0.0,27256.0,7940.0,2.8578458881933955,100.0,2199.865,0.76,4795.0,12000.0,205.5,0.2,290704.0,286536.0,0.95,200.0,2199.9325,1.29,4955.5,2560.0,1031.8,0.7999999999999999,1108972.0,1090580.0,1.7577584177066163,300.0,2199.91,1.86,647.6666666666666,1280.0,335.9,0.0,27256.0,7940.0,2.938907437087928,100.0,2200.0,0.74,6329.0,12600.0,549.4,0.2,290704.0,286536.0,0.925,193.8,2199.9325,1.565,2580.0,3720.0,529.3,0.7999999999999999,1140228.0,1122116.0,2.1541323287026137,300.0,2199.955,1.8866666666666667,638.3333333333334,2240.0,2473.0,0.0,27256.0,7940.0,2.975212207215275,100.0,2199.865,0.72,7321.0,12400.0,438.6,0.2,290704.0,286536.0,0.8999999999999999,200.0,2200.0,1.39,2131.5,4320.0,353.1,0.7999999999999999,1155116.0,1137332.0,1.8986578761478692,300.0,2199.955,1.83,1267.0,1480.0,153.9,0.0,27256.0,7936.0,2.8932441182818915,5.8344534147138125,5.733588579433548,5.687898064839067,5.661174045167731,5.753252650315366,5.661416805073463,5.699005810566544,5.570451711874443,5.609615004200385,5.517000212107738,5.512936716373472,5.4747279820225545,5.405480711498165
0.0,2199.865,0.66,24.0,0.0,2.1,0.1,255588.0,77856.0,0.8048780487804879,200.0,2199.9325,1.755,26515.5,3360.0,6187.4,0.6,1153444.0,797952.0,1.6859574468085106,300.0,2199.91,2.103333333333333,945.3333333333335,440.0,241.8,0.0,49168.0,31604.0,2.8751632827719784,0.0,2199.865,0.69,25.0,0.0,1.6,0.1,255664.0,78004.0,0.8414634146341463,200.0,2199.9325,1.77,26575.0,2560.0,5916.5,0.6,1153444.0,797960.0,1.70016548463357,287.6,2199.955,1.58,581.6666666666666,440.0,197.7,0.0,49060.0,31332.0,2.3573767215071557,0.0,2199.865,0.63,26.0,40.0,2.9,0.1,255632.0,78020.0,0.7682926829268293,200.0,2199.9325,1.81,25314.0,4960.0,5891.4,0.6,1154352.0,798744.0,1.7374704491725768,300.0,2200.0,2.14,604.0,520.0,175.2,0.0,49168.0,31596.0,2.9254684526423653,0.0,2199.865,0.61,27.0,40.0,4.0,0.1,255716.0,78000.0,0.7439024390243902,200.0,2199.865,1.7999999999999998,24131.5,6240.0,6045.9,0.6,1153444.0,798784.0,1.7285815602836883,300.0,2199.865,1.9766666666666663,484.0,280.0,218.6,0.0,49164.0,31524.0,2.7630809206896156,4.163623031472245,4.02367785638831,5.692728481718756,5.247583205169132,5.628058133233056,5.633495166620502,4.8591419219037055,5.385632179100062,5.672838112193832,4.873380855019152,6.02722162788266,5.961846388369503,5.0195211508103945
100.0,2200.0,2.02,1519.0,18560.0,300.4,0.1,155972.0,140800.0,0.9805825242718448,200.0,2199.9325,1.745,26898.0,2160.0,6169.4,0.6,1154352.0,798740.0,1.679358288770053,300.0,2199.91,1.5633333333333337,1304.3333333333333,1440.0,297.9,0.0,49612.0,31828.0,2.8647330108597715,100.0,2199.865,1.27,1.0,240.0,0.2,0.1,125688.0,112096.0,0.616504854368932,200.0,2200.0,1.77,26658.0,1560.0,6152.9,0.6,1154352.0,798748.0,1.7042899584076054,300.0,2199.91,1.5766666666666669,778.3333333333335,2440.0,146.0,0.0,49608.0,31828.0,2.8856641532697878,100.0,2200.0,2.51,3.0,0.0,0.0,0.1,135772.0,121028.0,1.2184466019417477,200.0,2199.9325,1.805,25337.0,3240.0,6107.5,0.6,1153444.0,797956.0,1.7363042186571596,293.8,2199.955,1.5733333333333333,753.3333333333335,1920.0,171.2,0.0,49612.0,31820.0,2.8952316593161664,100.0,2200.0,1.18,39.0,0.0,0.0,0.1,142624.0,127572.0,0.5728155339805825,193.8,2199.9325,1.805,24201.5,6000.0,6090.7,0.6,1154352.0,799572.0,1.737207367795603,293.8,2199.955,1.6166666666666665,503.33333333333326,2560.0,264.1,0.0,49608.0,31760.0,2.961309100393607,5.5178416445675005,5.843277902536273,5.682785717731693,5.6113823693987195,5.604030622971799,5.622870343588114,5.912450030315515,5.650572160365678,5.591124701007055,5.687691254314309,5.635068687489384,5.626722045744372,5.041250387290004
100.0,2199.865,2.48,1029.0,9520.0,106.5,0.1,203652.0,186128.0,0.9649805447470816,200.0,2199.9325,1.74,26737.0,3560.0,6123.0,0.6,1154352.0,798740.0,1.7920987654320988,293.3,2199.91,1.4466666666666663,2272.0,1400.0,777.0,0.0,50776.0,32828.0,2.7491754671442767,100.0,2199.865,2.51,280.0,4800.0,20.8,0.1,203652.0,186132.0,0.9766536964980544,200.0,2199.9325,1.7599999999999998,26865.5,2880.0,6266.700000000002,0.6,1153576.0,797960.0,1.8116049382716048,300.0,2199.955,1.5033333333333332,1205.0,2320.0,468.1,0.0,50772.0,32828.0,2.8674893793615603,100.0,2199.865,2.47,358.0,5560.0,30.3,0.1,203652.0,186132.0,0.9610894941634244,193.8,2200.0,1.8,25188.5,3480.0,5917.4,0.6,1153444.0,797956.0,1.8523456790123456,300.0,2199.91,1.5033333333333332,1098.3333333333333,1840.0,152.10000000000005,0.0,50776.0,32824.0,2.87425983159872,100.0,2199.865,2.48,357.0,3920.0,18.2,0.1,203652.0,186132.0,0.9649805447470816,200.0,2200.0,1.77,23587.0,7080.0,5811.1,0.6,1153444.0,798784.0,1.8274074074074076,300.0,2199.955,1.54,909.6666666666665,1920.0,284.9,0.0,50772.0,32760.0,2.9359856716939507,5.805458691218097,5.566491900542158,5.9970249413953205,5.937844097050735,5.890700600809272,5.87256566819686,5.717104726439143,5.698883485091335,5.9255531847783205,5.703824181977295,6.023712823763586,5.887742804391865,5.545950769368515
100.0,2199.865,2.47,1181.0,10160.0,107.2,0.1,203920.0,186656.0,0.9724409448818898,200.0,2200.0,1.74,26688.5,3000.0,6268.5,0.6,1153444.0,797952.0,1.9995250212044104,293.8,2200.0,1.4466666666666663,2197.6666666666665,1160.0,671.0,0.0,50776.0,33132.0,2.7622307147347307,100.0,2199.865,2.51,339.0,5880.0,22.7,0.1,203920.0,186660.0,0.9881889763779528,200.0,2199.865,1.7599999999999998,26559.0,2400.0,6069.6,0.6,1153576.0,797960.0,2.0204919423240035,293.8,2199.955,1.5066666666666666,1164.0,2200.0,456.1,0.0,51132.0,33136.0,2.8892741562644475,100.0,2200.0,2.5,307.0,5280.0,26.1,0.1,203920.0,186660.0,0.9842519685039369,200.0,2199.9325,1.8,25351.0,3880.0,5959.3,0.6,1154352.0,798744.0,2.065614927905004,300.0,2199.955,1.5066666666666666,1055.0,1800.0,128.3,0.0,51136.0,33128.0,2.8954384342733857,100.0,2199.865,2.43,1674.0,8040.0,101.8,0.1,203920.0,186660.0,0.9566929133858268,200.0,2200.0,1.77,23624.0,4000.0,5845.1,0.6,1153444.0,798784.0,2.042137404580153,300.0,2199.955,1.5266666666666666,877.0,2360.0,203.1,0.0,51132.0,33068.0,2.9229670355255326,6.037167038775986,5.819970858677012,5.9851359683613765,5.974635554264326,5.897927930814253,5.957271399691429,5.997317788793466,5.969360104318121,5.895372814821893,5.953859347052883,5.847173885086511,5.745507728335512,5.413810911166319
100.0,2200.0,2.45,192.0,4960.0,15.4,0.1,204068.0,187184.0,0.98,200.0,2200.0,1.5,24823.5,2760.0,5670.3,0.6,1153576.0,797952.0,1.9942118863049096,300.0,2199.955,1.4866666666666666,1979.333333333333,1640.0,732.0,0.0,51524.0,33636.0,2.84240857087986,100.0,2199.865,2.39,263.0,4360.0,17.7,0.1,204068.0,187188.0,0.956,200.0,2199.865,1.51,24891.5,4240.0,5616.6,0.6,1153576.0,797960.0,2.0031007751937993,293.8,2199.91,1.4666666666666668,1389.0,1120.0,532.4,0.0,51520.0,33640.0,2.7927570029356086,100.0,2200.0,2.38,294.0,6320.0,23.1,0.1,204068.0,187188.0,0.9520000000000001,200.0,2200.0,1.555,23496.0,3680.0,5516.3,0.6,1153444.0,797956.0,2.0718346253229973,300.0,2200.0,1.46,1332.6666666666667,2760.0,299.9,0.0,51524.0,33632.0,2.7867280309473514,100.0,2199.865,2.38,496.0,4040.0,29.2,0.1,204068.0,187188.0,0.9520000000000001,200.0,2199.9325,1.54,22536.5,7720.0,5700.0,0.6,1153576.0,798784.0,2.0441343669250647,300.0,2200.0,1.4833333333333334,1138.6666666666667,2560.0,435.7,0.0,51520.0,33572.0,2.8230678482262888,5.899349330908227,5.722345944136451,5.870351091089621,5.821256241395941,5.956028283061798,5.817104766834072,5.8410860331341175,5.77517186315976,5.946955994430679,5.814272269709907,5.818343523018943,5.724083835931397,5.330828710266814
100.0,2199.865,2.49,267.0,8240.0,23.6,0.1,204200.0,187184.0,1.046218487394958,193.8,2199.9325,1.47,24959.0,920.0,5591.7,0.6,1153576.0,797952.0,2.0866066066066065,300.0,2199.91,1.4799999999999998,1946.0,1640.0,577.0,0.0,51524.0,33636.0,2.8282491834522148,100.0,2200.0,2.48,323.0,5640.0,24.0,0.1,204200.0,187188.0,1.0420168067226891,200.0,2199.9325,1.475,24956.0,2480.0,5631.7,0.6,1153576.0,797960.0,2.072912912912913,300.0,2199.955,1.4833333333333334,1282.3333333333333,2440.0,481.5,0.0,51520.0,33640.0,2.826074565330838,100.0,2199.865,2.47,286.0,7800.0,23.9,0.1,204200.0,187188.0,1.0378151260504205,200.0,2200.0,1.505,23445.0,3720.0,5516.7,0.6,1154352.0,798744.0,2.1177177177177176,300.0,2199.91,1.4766666666666666,1277.6666666666667,2120.0,242.7,0.0,51524.0,33632.0,2.8227206192035976,100.0,2199.865,2.46,500.0,3000.0,31.1,0.1,204200.0,187188.0,1.0336134453781514,200.0,2199.9325,1.475,21925.0,4920.0,5487.799999999998,0.6,1154352.0,799572.0,2.0457057057057058,300.0,2199.91,1.5033333333333332,1045.6666666666667,2400.0,263.4,0.0,51520.0,33572.0,2.868807118112437,5.925682753774487,5.840317887612656,6.046480484076662,6.027380475334639,5.815559407284602,5.998834611211388,5.9576410620016125,5.897648061608972,5.755142428923506,5.887770262520039,6.029105170392312,5.920957420241897,5.606654678524962
100.0,2200.0,2.41,227.0,7120.0,21.9,0.1,204340.0,187976.0,0.9836734693877552,200.0,2200.0,1.36,23687.0,2480.0,5384.5,0.6,1153444.0,797952.0,2.0091902071563092,300.0,2200.0,1.49,2013.333333333333,1480.0,591.1,0.0,52520.0,34340.0,2.8556212531822287,100.0,2199.865,2.4,229.0,6280.0,19.5,0.1,204340.0,187980.0,0.9795918367346936,200.0,2199.865,1.37,23830.5,2600.0,5482.4,0.6,1153444.0,797960.0,2.005574387947269,300.0,2199.955,1.5,1347.0,2200.0,515.6,0.0,52516.0,34344.0,2.8783485259095016,100.0,2199.865,2.44,1343.0,10240.0,129.1,0.1,204340.0,187980.0,0.9959183673469388,193.8,2199.865,1.405,22650.0,2720.0,5412.5,0.6,1153444.0,797956.0,2.0741996233521656,300.0,2199.91,1.51,1211.0,2960.0,263.7,0.0,52520.0,34336.0,2.8980413895048036,100.0,2199.865,2.42,501.0,3480.0,27.0,0.1,204340.0,187980.0,0.9877551020408162,200.0,2199.9325,1.41,21329.0,5040.0,5337.5,0.6,1153444.0,798784.0,2.0911487758945384,300.0,2199.955,1.5366666666666668,1119.0,2640.0,209.4,0.0,52516.0,34276.0,2.941956146834196,6.075417157914648,5.8793391247120645,6.3691452556043044,6.265002460510539,6.090611295590401,6.254334368364997,5.888326126847947,5.889615942718758,5.9646811914884506,5.9078052720413785,6.107450114015207,5.894484690541705,5.6404770964589455
100.0,2199.865,2.47,168.0,7400.0,17.1,0.1,204484.0,188504.0,0.96484375,200.0,2199.9325,1.3,23309.0,2560.0,5193.8,0.6,1153576.0,797952.0,2.2244444444444444,300.0,2199.91,1.4366666666666668,2498.333333333333,1120.0,738.5999999999998,0.0,52784.0,34764.0,2.790799396681749,100.0,2199.865,2.52,318.0,6000.0,24.5,0.1,204484.0,188508.0,0.984375,200.0,2199.9325,1.31,23306.5,2880.0,5376.6,0.6,1154352.0,798748.0,2.2127777777777777,300.0,2199.955,1.4933333333333334,1389.0,1640.0,539.5,0.0,52780.0,34764.0,2.913197586726999,100.0,2199.865,2.38,1529.0,8760.0,137.7,0.1,204484.0,188508.0,0.9296875,200.0,2199.9325,1.2950000000000002,21520.0,3560.0,5182.0,0.6,1153444.0,797956.0,2.035,300.0,2199.955,1.4766666666666666,1381.333333333333,1920.0,297.0,0.0,52784.0,34756.0,2.8775263951734535,100.0,2200.0,2.52,362.0,4760.0,22.4,0.1,204484.0,188508.0,0.984375,200.0,2200.0,1.26,20285.5,6680.0,5097.0,0.6,1153576.0,798784.0,1.8805555555555555,300.0,2199.955,1.5066666666666666,1042.3333333333333,1840.0,212.8,0.0,52780.0,34696.0,2.9328054298642527,5.778742827525373,5.5586674531925455,6.03669397001415,6.066315999095291,5.669025949980699,5.947300122918477,5.8819520483538446,5.9743956331584185,5.864200442885456,6.072966739635676,5.7551708898101595,5.700904317023936,5.378381038396083
100.0,2199.865,2.46,160.0,7800.0,17.7,0.1,204616.0,188768.0,0.9800796812749004,200.0,2199.865,1.27,23111.5,2720.0,5113.5999999999985,0.6,1154352.0,798740.0,1.8090598290598288,300.0,2199.91,1.4533333333333331,2365.333333333333,1160.0,755.3,0.0,52784.0,34764.0,2.8178602947918576,100.0,2199.865,2.4,342.0,5920.0,30.3,0.1,204616.0,188772.0,0.9561752988047808,200.0,2200.0,1.27,23232.5,2680.0,5470.1,0.6,1153576.0,797960.0,1.7647008547008545,293.8,2199.865,1.4433333333333334,1678.333333333333,2880.0,514.6,0.0,52780.0,34764.0,2.7838598019438843,100.0,2199.865,2.4,345.0,7120.0,29.8,0.1,204616.0,188772.0,0.9561752988047808,200.0,2199.9325,1.26,21780.5,3880.0,5277.5999999999985,0.6,1153576.0,797956.0,1.6523076923076925,300.0,2199.955,1.4399999999999995,1505.333333333333,3040.0,303.7999999999999,0.0,52784.0,34756.0,2.787491403814414,100.0,2200.0,2.43,385.0,4040.0,24.5,0.1,204616.0,188772.0,0.9681274900398408,200.0,2199.865,1.24,20333.0,4840.0,5044.6,0.6,1153576.0,798784.0,1.5901709401709399,300.0,2199.91,1.4666666666666666,1320.3333333333333,2360.0,369.2,0.0,52780.0,34696.0,2.8276906060883915,5.5149411218060935,5.4092166761173495,5.5914395981015845,5.629708278100448,5.8819090237265454,5.767894549511607,5.7328522686128585,5.803479946722084,5.770216294737474,5.790397737247063,5.818342586711892,5.685222016563883,5.3618374229357855
100.0,2200.0,0.62,2255.0,10720.0,256.0,0.2,290704.0,286536.0,0.984126984126984,100.0,2199.9325,1.69,1891.0,80.0,79.19999999999997,0.2,390224.0,206976.0,1.8932724252491693,300.0,2200.0,2.103333333333333,3718.0,1120.0,1310.1999999999996,0.6,915512.0,837680.0,3.0399658969775323,100.0,2200.0,0.62,2335.0,8840.0,229.5,0.2,290704.0,286540.0,0.984126984126984,100.0,2200.0,1.675,1031.5,200.0,85.1,0.2,391860.0,208504.0,1.7379568106312293,300.0,2199.955,2.01,2058.0,2800.0,699.3,0.6,915512.0,841108.0,2.8831398141085405,100.0,2199.865,0.61,2747.0,15400.0,235.0,0.2,290704.0,286536.0,0.9682539682539684,100.0,2200.0,1.52,4400.5,920.0,588.5,0.2,379676.0,198896.0,1.9563492063492065,300.0,2199.91,2.07,2838.0,2400.0,718.8,0.6,915504.0,844560.0,2.9700986870817445,100.0,2199.865,0.61,2756.0,3800.0,236.4,0.2,290704.0,286540.0,0.9682539682539684,100.0,2199.9325,1.385,322.0,480.0,40.1,0.2,389172.0,208392.0,2.2096273291925463,293.8,2199.955,1.9766666666666663,2962.333333333333,2080.0,794.4,0.6,941948.0,865784.0,2.967991492856503,5.7543081940146825,5.550651649069916,5.638379132944349,5.825922475635634,5.682660569138778,5.882911286770941,5.599595040284232,5.535359620656341,6.169144374709936,5.406043530670843,5.898136959953018,5.821909484186986,5.810427369699327
100.0,2199.865,2.34,952.0,6600.0,57.1,0.1,204068.0,187184.0,0.936,100.0,2199.9325,1.27,2210.0,400.0,367.8,0.1,283624.0,101232.0,1.8647280837193343,300.0,2199.955,1.7300000000000002,4962.0,1760.0,1311.1,0.0,207848.0,87488.0,2.7717929963877364,100.0,2200.0,2.37,795.0,6000.0,81.9,0.1,204068.0,187188.0,0.948,100.0,2199.9325,1.295,2507.5,680.0,246.1,0.1,283648.0,101240.0,1.9754674901355291,300.0,2199.91,1.7866666666666664,3731.0,3000.0,1189.2,0.0,207848.0,87552.0,2.8552059388402946,100.0,2199.865,2.28,2235.0,9000.0,234.4,0.1,204068.0,187188.0,0.912,100.0,2200.0,1.205,1980.5,560.0,155.79999999999995,0.1,283636.0,101244.0,1.7632527020072055,293.8,2199.91,1.7833333333333332,3759.333333333334,3320.0,1200.1,0.0,207848.0,87488.0,2.852247962504105,100.0,2199.865,2.37,2148.0,2160.0,150.7,0.1,204068.0,187184.0,0.948,100.0,2200.0,1.22,1379.0,1720.0,232.7,0.1,283704.0,101304.0,1.8027105850060048,300.0,2199.865,1.7633333333333334,4105.666666666667,1760.0,1408.8,0.0,207848.0,87492.0,2.8185086226627263,5.626222093490005,4.722379388675373,5.659136205780443,5.612524348626739,5.616744963987991,5.5196227125971555,7.996714406502384,5.567374885247835,4.774467021458081,5.572104203675336,5.547702864307873,4.768376112367172,5.221226916237276
100.0,2199.865,0.74,5300.0,13240.0,319.2,0.2,290704.0,286540.0,0.925,200.0,2199.9325,1.2999999999999998,50501.5,2720.0,19644.7,1.0,1302824.0,1286644.0,1.7429290972491285,293.8,2199.955,1.71,4155.0,880.0,916.3,0.0,69020.0,48560.0,2.558677851204993,100.0,2200.0,0.72,6287.0,12160.0,483.5,0.2,290704.0,286540.0,0.8999999999999999,200.0,2199.9325,1.305,49863.5,2480.0,19644.5,1.0,1302824.0,1286508.0,1.748547074777218,300.0,2199.91,1.92,1844.666666666667,2360.0,356.1,0.0,69020.0,48564.0,2.9974196109567286,100.0,2199.865,0.7,7030.0,12360.0,421.8,0.2,290704.0,286536.0,0.8749999999999999,200.0,2199.9325,1.365,51224.0,4760.0,19015.300000000007,1.0,1302824.0,1286452.0,1.8399845021309567,300.0,2199.91,1.9333333333333331,1812.666666666667,2480.0,725.5,0.0,69016.0,48560.0,3.0184530898504693,100.0,2199.865,0.68,8408.0,12640.0,935.2,0.2,290704.0,286536.0,0.85,193.8,2199.9325,1.355,51150.0,3440.0,19267.4,1.0,1302824.0,1286644.0,1.8197404106935295,293.8,2199.91,1.8733333333333333,2147.333333333333,1920.0,539.3,0.0,69016.0,48564.0,2.8136391052369336,5.467472969741004,5.465840029065667,5.633811632795768,5.35980005778324,5.398543389083544,5.357795139471525,5.1410282929890565,5.35331531502341,5.355941852631799,5.31952321984293,5.352132458447271,5.440868041542476,5.305093804263231
100.0,2199.865,0.73,5093.0,13520.0,288.7,0.2,290704.0,286540.0,0.9125,200.0,2199.9325,1.305,50286.0,2720.0,19613.7,1.0,1302824.0,1286644.0,1.7627636506997832,300.0,2199.955,1.7233333333333334,3976.333333333334,1520.0,938.0,0.0,69020.0,48560.0,2.649005145651145,100.0,2200.0,0.72,6198.0,11640.0,488.6,0.2,290704.0,286540.0,0.8999999999999999,200.0,2199.9325,1.31,50467.0,1760.0,19733.9,1.0,1302824.0,1286508.0,1.771535580524345,300.0,2199.955,1.8333333333333333,2457.0,2120.0,532.1,0.0,69020.0,48564.0,2.799178577611912,100.0,2199.865,0.7,7003.0,12960.0,437.3,0.2,290704.0,286536.0,0.8749999999999999,200.0,2199.9325,1.335,50737.0,3760.0,18795.4,1.0,1302824.0,1286452.0,1.805933372757737,300.0,2199.955,1.8733333333333333,2260.333333333333,2560.0,953.0,0.0,69016.0,48560.0,2.881548257640442,100.0,2199.865,0.68,8188.0,12240.0,889.4,0.2,290704.0,286536.0,0.85,200.0,2200.0,1.35,50416.0,3960.0,19052.9,1.0,1302824.0,1286644.0,1.825941257638478,300.0,2199.865,1.876666666666667,1965.666666666667,2600.0,543.0,0.0,69016.0,48564.0,2.885223484961956,5.436644588384459,5.4101775684736255,5.475950239775786,5.364686203205099,5.25063122036206,5.4226620247934045,5.362570414741179,5.403841289901679,5.379322031181692,5.386989602964208,5.250160758719037,5.2646849242035785,5.203270072195052
100.0,2199.865,1.22,868.0,11960.0,121.6,0.1,110988.0,88480.0,0.9918699186991871,200.0,2199.9325,1.285,50966.0,2480.0,10017.6,1.0,1335152.0,1300780.0,1.5294117647058822,300.0,2199.91,1.823333333333333,3874.333333333334,1640.0,1635.6,0.0,102724.0,93576.0,2.8313802270785944,100.0,2199.865,1.22,1601.0,11600.0,305.9,0.1,110964.0,88348.0,0.9918699186991871,193.8,2199.9325,1.19,52326.5,2880.0,11380.6,1.0,1329464.0,1295336.0,1.4325980392156863,300.0,2200.0,1.86,2822.0,2160.0,715.7,0.0,102728.0,93584.0,2.8805114067163817,100.0,2199.865,1.21,2217.0,10520.0,192.9,0.1,110956.0,89364.0,0.9837398373983741,200.0,2199.9325,1.29,40904.0,3760.0,8922.4,1.1,1366228.0,1330888.0,1.5496323529411766,300.0,2199.91,1.843333333333333,2957.666666666666,2360.0,932.8,0.0,102724.0,93576.0,2.85486429030741,100.0,2199.865,1.21,2236.0,10400.0,400.8,0.1,110960.0,87980.0,0.9837398373983741,200.0,2199.9325,1.365,35541.5,4600.0,8427.300000000001,1.1,1382808.0,1346736.0,1.649203431372549,300.0,2199.91,1.8533333333333333,2849.0,2520.0,969.8,0.0,102724.0,93512.0,2.87147649074314,5.439346958677803,5.576706460944613,5.458731703726267,5.627519844738703,5.517408248997328,5.471395794399143,5.483552140750632,5.433713063176521,5.457538559971275,5.485362981993605,5.506996243355067,5.436283633658234,5.2492238082159925
100.0,2200.0,1.3,5179.0,12600.0,556.4,0.1,111444.0,88944.0,0.9219858156028371,193.8,2199.9325,1.3,44161.5,2440.0,8862.1,1.1,1420536.0,1387832.0,1.450099901791459,300.0,2199.955,1.7699999999999998,4602.333333333333,1360.0,1661.7,0.0,103264.0,94284.0,2.831338429644985,100.0,2199.865,1.32,4896.0,14600.0,674.8,0.1,111436.0,88824.0,0.9361702127659576,200.0,2200.0,1.255,46429.0,2760.0,9615.6,1.1,1419876.0,1387148.0,1.426495986995835,300.0,2199.91,1.836666666666667,2745.6666666666665,2360.0,705.1,0.0,103268.0,94292.0,2.94007774034724,100.0,2200.0,1.26,6041.0,12360.0,427.9,0.1,111420.0,89848.0,0.8936170212765958,200.0,2199.9325,1.275,41180.0,3600.0,8711.3,1.1,1435368.0,1403108.0,1.4445121744725524,293.8,2199.955,1.836666666666667,2719.6666666666665,2400.0,904.6,0.0,103264.0,94284.0,2.9424306815237107,100.0,2199.865,1.23,6690.0,10880.0,656.3,0.1,111420.0,88204.0,0.8723404255319149,200.0,2200.0,1.3199999999999998,36001.0,4320.0,8207.5,1.1,1457412.0,1424716.0,1.5006265027599983,300.0,2199.955,1.846666666666667,2659.333333333333,2320.0,817.5,0.0,103264.0,94220.0,2.956835967867323,5.506641222420546,5.413255930239606,5.770494354898321,5.893948719630285,5.440100120077805,5.8783724863555245,5.885590056764639,5.856070297912867,5.802516199936846,5.7527640818094055,5.698846210289879,5.659642909964126,5.616552207378846
100.0,2199.865,1.26,5346.0,13320.0,530.7,0.1,112468.0,89088.0,0.9473684210526316,200.0,2199.9325,1.49,24738.0,3600.0,4587.6,1.2999999999999998,1681956.0,1649144.0,1.676717458677686,300.0,2199.955,1.7533333333333332,4557.666666666667,1560.0,1706.3,0.0,103264.0,94284.0,2.799208500750351,93.8,2199.865,1.24,8101.0,13200.0,1089.5,0.1,112464.0,88964.0,0.9323308270676692,200.0,2199.9325,1.56,32836.0,3160.0,6525.0,1.2999999999999998,1681944.0,1649132.0,1.7198476239669418,300.0,2199.955,1.7966666666666669,2865.333333333333,2560.0,741.0,0.0,103268.0,94296.0,2.865258750060512,100.0,2199.865,1.23,8092.0,11720.0,660.0,0.1,112444.0,89988.0,0.924812030075188,200.0,2200.0,1.61,44495.0,1840.0,7548.799999999998,1.2999999999999998,1723408.0,1690564.0,1.7096461776859504,293.8,2199.955,1.8133333333333328,2802.0,2360.0,911.8,0.0,103264.0,94288.0,2.8962208129609013,100.0,2199.865,1.24,8889.0,12240.0,792.0,0.1,112444.0,88344.0,0.9323308270676692,200.0,2199.865,1.545,47131.0,6040.0,9768.0,1.2999999999999998,1721648.0,1687800.0,1.707450929752066,300.0,2200.0,1.8233333333333333,2697.0,2160.0,773.8,0.0,103264.0,94224.0,2.9101595907763307,5.3160535953746555,5.281493191636011,5.515428688953684,5.3978328109756415,5.440058509890324,5.43639976333385,5.548379470755255,5.604320912686528,5.7464032068600215,5.745112425300709,5.700210411653018,5.678154853076824,5.482915440348764
100.0,2199.865,1.29,5434.0,12560.0,520.9,0.1,112708.0,89132.0,0.9772727272727272,200.0,2199.9325,1.21,55528.5,2560.0,10358.3,1.2999999999999998,1698768.0,1665832.0,1.41540487162607,300.0,2199.955,1.83,3970.333333333334,1360.0,1353.1,0.0,103264.0,94288.0,2.9972084931235123,100.0,2199.865,1.27,7398.0,13720.0,1164.7,0.1,112692.0,89004.0,0.962121212121212,200.0,2199.865,1.06,56039.5,1840.0,11693.7,1.2999999999999998,1698864.0,1665820.0,1.2741935483870968,300.0,2199.955,1.8333333333333333,2403.333333333333,2000.0,593.8,0.0,103268.0,94296.0,3.013205418540069,100.0,2200.0,1.23,9200.0,14040.0,708.8,0.1,112684.0,90028.0,0.9318181818181818,200.0,2199.9325,1.41,34540.0,760.0,6566.0,1.2999999999999998,1718668.0,1685944.0,1.7350230414746544,300.0,2199.955,1.833333333333333,2362.333333333333,2240.0,755.4999999999999,0.0,103264.0,94288.0,3.0125662578242087,93.3,2199.865,1.22,10182.0,11160.0,788.9,0.1,112668.0,88384.0,0.9242424242424242,200.0,2200.0,1.36,24679.0,4920.0,4802.8,1.2999999999999998,1736104.0,1703220.0,1.654377880184332,293.8,2199.955,1.836666666666667,2310.6666666666665,2800.0,693.5,0.0,103264.0,94224.0,3.0175913834523493,5.567538878334403,5.709560738273012,5.804025734533334,5.650136641165867,5.857485905273893,6.320500634872861,6.433449808084289,6.220482377440696,5.730614119608124,5.4841095640799296,5.257585866719349,5.283375865444596,5.239703148209603
100.0,2199.865,1.24,5484.0,13480.0,522.1,0.1,112932.0,89176.0,0.9465648854961832,200.0,2199.865,1.49,43471.5,2480.0,7985.2,1.4,1757928.0,1725172.0,1.7951730708161318,300.0,2199.91,1.7766666666666666,4750.666666666667,720.0,1554.5,0.0,103264.0,94288.0,2.8329869462671926,100.0,2200.0,1.23,7020.0,13760.0,1060.4,0.1,112924.0,89056.0,0.9389312977099236,193.8,2199.865,1.475,49723.0,3400.0,10189.6,1.4,1757952.0,1725296.0,1.7770720863766276,300.0,2200.0,1.8433333333333333,2457.0,2360.0,615.9,0.0,103268.0,94296.0,2.961502385789568,100.0,2200.0,1.23,8236.0,11440.0,576.1,0.1,112900.0,90072.0,0.9389312977099236,193.8,2200.0,1.38,41462.0,3280.0,8271.0,1.4,1767260.0,1734792.0,1.706017783423309,300.0,2199.955,1.84,2441.0,2280.0,776.1,0.0,103264.0,94288.0,2.959274221796698,100.0,2200.0,1.22,12159.0,12120.0,964.8,0.1,112884.0,88428.0,0.931297709923664,200.0,2199.9325,1.4,22655.0,2680.0,3950.5,1.4,1784856.0,1752288.0,1.6844236265481105,300.0,2199.91,1.8333333333333333,2429.333333333333,2120.0,714.0,0.0,103264.0,94224.0,2.9457262063221474,5.618366182657686,5.72320415060696,5.64444033873343,5.662810637491405,5.78789955100417,5.972571434112065,5.7612826633401255,5.673403357296323,5.634882948178941,5.613849588052969,5.575451826744008,5.537165492828111,5.519148666373766
100.0,2199.865,1.14,8061.0,13520.0,443.8,0.1,103700.0,101352.0,0.9268292682926828,200.0,2200.0,1.13,24459.5,2440.0,4142.700000000002,0.7999999999999999,1042040.0,1027700.0,1.91679748822606,300.0,2199.955,1.78,5450.666666666667,1640.0,1184.5,0.0,57212.0,43796.0,2.6683468341298497,100.0,2199.865,1.1,9346.0,10320.0,739.9,0.1,103672.0,101296.0,0.8943089430894309,200.0,2200.0,1.1800000000000002,24412.0,2400.0,4171.1,0.7999999999999999,1041112.0,1026620.0,2.0113029827315545,300.0,2200.0,1.89,3409.0,3080.0,996.1,0.0,57212.0,43788.0,2.838827962743132,100.0,2199.865,1.08,10185.0,10520.0,702.2,0.1,103796.0,101352.0,0.878048780487805,200.0,2199.865,1.125,23420.5,4120.0,4470.5,0.7999999999999999,1043360.0,1029060.0,1.9116169544740973,293.8,2199.91,1.9,3366.0,2680.0,1093.5,0.0,57212.0,43784.0,2.8532641789116946,100.0,2199.865,1.05,11320.0,6240.0,799.4,0.1,103672.0,101296.0,0.853658536585366,200.0,2200.0,1.13,22608.5,5960.0,4194.1,0.7999999999999999,1043756.0,1029480.0,1.926844583987441,300.0,2199.91,1.88,3693.666666666666,1880.0,1189.7,0.0,57212.0,43796.0,2.8228140908541075,5.90548873863425,5.51366203876509,5.476043854077117,5.302727523557394,5.7969851347882555,5.266536619755686,5.704528126617862,5.510133948720001,5.3007411792096315,5.331958981393309,5.408034930992479,5.66547879190103,5.483330238699846
100.0,2199.865,1.06,10026.0,12400.0,576.4,0.1,103952.0,101396.0,0.8907563025210085,200.0,2199.9325,0.685,24940.5,2760.0,4444.1,0.7999999999999999,1060520.0,1046180.0,1.515140415140415,293.8,2200.0,1.7233333333333334,4717.333333333333,1320.0,1243.3,0.0,57848.0,44444.0,2.684357590228036,100.0,2200.0,1.03,11766.0,12040.0,957.3,0.1,103952.0,101396.0,0.8655462184873951,200.0,2199.9325,0.6950000000000001,24888.0,2520.0,4259.7,0.7999999999999999,1059196.0,1044836.0,1.5372405372405369,300.0,2199.91,1.84,3108.666666666666,2000.0,1028.4,0.0,57848.0,44436.0,2.873784560019378,100.0,2200.0,1.01,12200.0,11200.0,854.1,0.1,103952.0,101396.0,0.8487394957983194,200.0,2200.0,0.7150000000000001,23855.0,3800.0,4496.3,0.7999999999999999,1063160.0,1048860.0,1.5811965811965814,300.0,2199.955,1.846666666666667,3062.666666666666,2160.0,938.1,0.0,57848.0,44432.0,2.8825564898439398,100.0,2199.865,0.99,13052.0,9000.0,970.8,0.1,103952.0,101396.0,0.8319327731092437,200.0,2200.0,0.74,23252.0,5080.0,4225.5,0.7999999999999999,1063424.0,1049016.0,1.636141636141636,300.0,2199.955,1.8266666666666669,3251.333333333333,3360.0,1114.4,0.0,57848.0,44444.0,2.8508391293816397,5.617262559494076,5.4966164319801685,5.353355416408571,5.417145071993498,5.360223866988669,5.310547365396495,5.300210351387545,5.330215315725762,5.280341776649046,5.272159285280784,5.344194783290412,5.148711227863142,5.014000976194686
100.0,2200.0,1.07,9608.0,11920.0,541.3,0.1,104084.0,101656.0,0.9067796610169492,200.0,2200.0,0.695,25930.0,2160.0,4580.0,0.7999999999999999,1063820.0,1049612.0,1.5374847374847374,293.8,2199.955,1.78,5531.0,1000.0,1221.7,0.0,58488.0,45084.0,2.67704501215412,100.0,2199.865,1.05,10786.0,12160.0,879.1,0.1,104084.0,101656.0,0.8898305084745763,200.0,2199.9325,0.7,25887.5,2520.0,4313.1,0.7999999999999999,1063816.0,1049588.0,1.5484737484737483,300.0,2199.955,1.87,3592.0,2360.0,1183.9,0.0,58488.0,45076.0,2.8172900503860445,100.0,2200.0,1.03,11327.0,10880.0,754.1,0.1,104084.0,101656.0,0.8728813559322035,200.0,2200.0,0.72,24628.0,3800.0,4596.6,0.7999999999999999,1063952.0,1049652.0,1.5925518925518924,300.0,2199.955,1.8833333333333333,3580.666666666666,2440.0,1137.1,0.0,58488.0,45072.0,2.8362016331742788,100.0,2200.0,1.0,12344.0,10240.0,932.9,0.1,104084.0,101656.0,0.8474576271186441,200.0,2199.9325,0.74,23723.5,5520.0,4362.0,0.7999999999999999,1064480.0,1050072.0,1.6365079365079365,300.0,2199.955,1.866666666666667,3820.0,2160.0,1242.0,0.0,58488.0,45084.0,2.8115943266286467,5.383118166932919,5.368812462075393,5.415971646153358,5.340122419989803,5.359014681346706,5.34658313762725,5.316532632576745,5.332260295381794,5.393673885524062,5.385308172274141,5.264419236988916,5.167427601548352,5.032208361716367
100.0,2199.865,1.02,11475.0,11040.0,705.9,0.1,104084.0,101656.0,0.8360655737704918,200.0,2199.9325,0.65,27405.0,2080.0,4591.299999999998,0.7999999999999999,1065008.0,1050668.0,1.4510869565217392,300.0,2199.91,1.72,4722.666666666667,1080.0,1213.1,0.0,59028.0,45792.0,2.6420579027144377,100.0,2199.865,1.01,12004.0,11440.0,950.4,0.1,104084.0,101656.0,0.8278688524590164,200.0,2200.0,0.665,27962.5,2440.0,4528.2,0.7999999999999999,1065004.0,1050644.0,1.483695652173913,293.8,2199.865,1.83,3085.0,2200.0,1093.4,0.0,59028.0,45784.0,2.8169475314566363,100.0,2200.0,1.01,12259.0,9920.0,831.3,0.1,104084.0,101656.0,0.8278688524590164,200.0,2199.9325,0.6950000000000001,25933.5,4480.0,4741.9,0.7999999999999999,1065272.0,1050972.0,1.549407114624506,300.0,2199.91,1.836666666666667,3040.0,2480.0,899.7,0.0,59028.0,45780.0,2.826607912311939,100.0,2200.0,0.97,13345.0,10440.0,1010.7,0.1,104084.0,101656.0,0.7950819672131147,200.0,2200.0,0.7150000000000001,24381.5,4480.0,4517.5,0.7999999999999999,1065272.0,1050864.0,1.5928853754940713,300.0,2199.955,1.7933333333333332,3309.0,1880.0,1097.1,0.0,59028.0,45792.0,2.7572996163206054,5.311496401356027,5.2781724447473435,5.304918287790949,5.284293074292068,5.2842853489049855,5.24801740492823,5.225115871433477,5.268230635751644,5.249835650701635,5.249386637745954,5.180799917078922,5.035061458029695,5.043821920098211
100.0,2200.0,1.08,8879.0,13240.0,530.3,0.1,104084.0,101656.0,0.9000000000000001,200.0,2199.865,0.63,34063.5,2840.0,5058.200000000002,0.7999999999999999,1065272.0,1050932.0,1.390117192219403,300.0,2199.91,1.7166666666666668,5356.666666666667,1120.0,1449.7,0.0,59028.0,45792.0,2.6029270550615666,100.0,2199.865,1.08,9091.0,11040.0,753.9,0.1,104084.0,101656.0,0.9000000000000001,200.0,2199.9325,0.64,34247.5,3280.0,5177.1,0.7999999999999999,1065268.0,1050908.0,1.411622568563489,300.0,2199.955,1.8633333333333333,3736.333333333334,1520.0,1262.4,0.0,59028.0,45784.0,2.8321456648086154,100.0,2199.865,1.06,9796.0,11400.0,648.7,0.1,104084.0,101656.0,0.8833333333333334,200.0,2200.0,0.6699999999999999,30052.0,4080.0,5239.5,0.7999999999999999,1066196.0,1051764.0,1.476621964479884,300.0,2199.955,1.86,3733.666666666666,2800.0,1211.9,0.0,59028.0,45780.0,2.8263317113202437,100.0,2199.865,1.03,10945.0,8880.0,842.7,0.1,104084.0,101656.0,0.8583333333333334,200.0,2200.0,0.7,25411.5,4160.0,4594.4,0.7999999999999999,1066724.0,1052184.0,1.5416213603962787,300.0,2199.91,1.8266666666666669,3951.333333333334,2000.0,1319.1999999999996,0.0,59028.0,45792.0,2.7740290879480733,5.327355574727314,5.281008378135528,5.277707030666959,5.3088851593016,5.335313134409011,5.290709923639094,5.249303813222799,5.296946328800826,5.299587226134725,5.281738687279708,5.212383832496751,5.089130545997447,5.050243619521044
100.0,2199.865,1.02,10733.0,12200.0,635.0,0.1,104564.0,102172.0,0.8793103448275863,200.0,2199.9325,0.645,35071.0,2400.0,5916.0,0.7999999999999999,1069496.0,1055156.0,1.3075471698113206,300.0,2199.955,1.75,5612.333333333332,1240.0,1670.7999999999995,0.0,59028.0,45792.0,2.6607774775466995,100.0,2199.865,1.0,11645.0,12400.0,905.5,0.1,104564.0,102172.0,0.8620689655172414,200.0,2199.9325,0.655,34715.5,1920.0,5432.5,0.7999999999999999,1069492.0,1055132.0,1.3280922431865827,300.0,2199.955,1.81,3147.0,2720.0,1131.1,0.0,59028.0,45784.0,2.7537777891609467,100.0,2199.865,0.98,12683.0,10640.0,898.8,0.1,104564.0,102172.0,0.8448275862068966,193.8,2199.9325,0.7050000000000001,27183.0,3760.0,5002.8,0.8999999999999999,1072532.0,1058100.0,1.4324947589098531,300.0,2199.865,1.8,3092.0,2680.0,929.3,0.0,59028.0,45780.0,2.735532881706109,100.0,2199.865,0.97,13331.0,8520.0,980.0,0.1,104564.0,102172.0,0.8362068965517242,200.0,2199.9325,0.74,23703.5,5400.0,4368.6,0.8999999999999999,1077020.0,1062480.0,1.5069182389937108,300.0,2200.0,1.7733333333333334,3301.333333333333,2040.0,1103.5,0.0,59028.0,45792.0,2.6948666888638453,5.169040133416322,5.186497284716558,5.205085996991329,5.196522618304161,5.26026904413333,5.244433394075758,5.2184762420114765,5.198943704083328,5.177568857615652,5.144621977119586,5.14898247149835,4.943812712429065,4.986741964337662
100.0,2199.865,1.08,9114.0,11840.0,534.2,0.1,104564.0,102172.0,0.907563025210084,200.0,2200.0,0.665,31468.0,2640.0,5505.8,0.8999999999999999,1071740.0,1057268.0,1.4921717171717166,300.0,2199.955,1.7166666666666668,4991.666666666667,1480.0,1345.2,0.0,59028.0,45792.0,2.5932413416036204,100.0,2199.865,1.06,9925.0,10200.0,767.6,0.1,104564.0,102172.0,0.8907563025210085,193.8,2200.0,0.6699999999999999,32560.5,1960.0,5185.5,0.8999999999999999,1071736.0,1057244.0,1.5035353535353535,293.8,2199.955,1.8500000000000003,3112.333333333333,1440.0,1161.4,0.0,59028.0,45784.0,2.8008086466270306,100.0,2200.0,1.0,11552.0,11080.0,832.6,0.1,104564.0,102172.0,0.8403361344537815,200.0,2200.0,0.6399999999999999,36130.5,4240.0,6992.0,0.8999999999999999,1077548.0,1063116.0,1.4371212121212118,300.0,2199.955,1.86,3069.333333333333,1880.0,941.8,0.0,59028.0,45780.0,2.814372150091751,100.0,2200.0,0.98,12634.0,10640.0,926.6,0.1,104564.0,102172.0,0.823529411764706,200.0,2200.0,0.7,25301.5,5880.0,5014.1,0.8999999999999999,1080320.0,1065912.0,1.5709595959595961,293.8,2199.955,1.7733333333333334,3290.333333333333,2800.0,1053.9,0.0,59028.0,45792.0,2.6820102650729867,5.180049930296498,5.170874674380878,5.1355845577438375,5.186247009661273,5.230647197978714,5.177131122902412,5.145868862613441,5.234486132568809,5.21299484646413,5.1887914653475535,5.0970290586747335,4.910875144129373,4.935202885551542
100.0,2199.865,1.02,11021.0,12800.0,637.9,0.1,104564.0,102172.0,0.8644067796610171,200.0,2199.9325,0.58,23651.5,2440.0,4094.1,0.8999999999999999,1076888.0,1062548.0,1.351292811696223,300.0,2200.0,1.7533333333333332,5455.666666666667,1080.0,1352.1,0.0,59028.0,45792.0,2.6758368790192537,100.0,2199.865,0.99,12215.0,11400.0,976.5,0.1,104564.0,102172.0,0.8389830508474576,200.0,2199.9325,0.595,23749.0,2760.0,3956.5,0.8999999999999999,1077544.0,1063052.0,1.385812914579667,300.0,2199.91,1.8033333333333332,3524.0,2680.0,1247.5,0.0,59028.0,45784.0,2.753331973344213,100.0,2199.865,0.98,12703.0,10720.0,879.7,0.1,104564.0,102172.0,0.8305084745762712,200.0,2200.0,0.615,24019.0,3840.0,4278.299999999998,0.8999999999999999,1080452.0,1066284.0,1.4323812102341953,300.0,2199.91,1.8166666666666669,3469.0,2320.0,1214.0,0.0,59028.0,45780.0,2.7726859137507853,93.8,2199.865,0.97,13431.0,10120.0,996.6,0.1,104564.0,102172.0,0.8220338983050848,200.0,2199.865,0.64,23417.0,4880.0,3823.1,0.8999999999999999,1087580.0,1073040.0,1.4901854609449032,300.0,2199.91,1.79,3717.0,2320.0,1256.1999999999996,0.0,59028.0,45792.0,2.7311220557854585,5.150512746066883,5.128137906705775,5.381673267295823,5.103677683277978,5.104607336986458,5.066395856204963,5.178792995941004,5.2113663767332685,5.444539210629504,5.4442648590855445,5.1441045565045656,5.249164123650224,4.967104317334066
100.0,2199.865,1.04,10270.0,12480.0,614.1,0.1,104500.0,102192.0,0.8387096774193549,200.0,2200.0,0.4350000000000001,28449.0,2440.0,4883.9,0.8999999999999999,1091012.0,1076540.0,1.122100122100122,300.0,2199.865,1.7366666666666666,5340.666666666667,1560.0,1432.6,0.0,59368.0,46164.0,2.599587923296613,100.0,2199.865,1.02,11179.0,13640.0,880.4,0.1,104500.0,102192.0,0.8225806451612904,200.0,2199.9325,0.4450000000000001,28282.5,2920.0,4644.9,0.8999999999999999,1091008.0,1076516.0,1.1440781440781442,300.0,2199.91,1.8766666666666667,3699.333333333334,2480.0,1285.6,0.0,59368.0,46156.0,2.8140289677682584,100.0,2199.865,1.02,11654.0,11840.0,834.9,0.1,104500.0,102192.0,0.8225806451612904,200.0,2199.9325,0.485,26616.5,3800.0,4697.2,0.8999999999999999,1091012.0,1076580.0,1.2515262515262515,300.0,2199.955,1.876666666666667,3670.666666666666,2560.0,1196.3,0.0,59368.0,46152.0,2.8126009791921667,100.0,2199.865,0.99,12591.0,10440.0,931.1,0.1,104500.0,102192.0,0.7983870967741935,200.0,2199.9325,0.52,25423.0,4920.0,4123.2,0.8999999999999999,1091012.0,1076472.0,1.343101343101343,300.0,2199.91,1.846666666666667,3952.0,2400.0,1284.3,0.0,59368.0,46164.0,2.7663871889024896,5.088801780821709,5.165500872887078,5.1627164230204174,5.164856084417778,5.218518932145493,5.233811042609573,5.220967989583532,5.274475239984597,5.296164943193528,5.273672418779043,5.2115362269557695,5.1163000877811164,5.090668667411496
100.0,2199.865,1.07,9219.0,11880.0,515.1,0.1,104500.0,102192.0,0.8770491803278689,200.0,2200.0,0.445,28116.0,2480.0,4863.4,0.8999999999999999,1091012.0,1076540.0,1.1514726507713884,300.0,2199.955,1.75,5825.666666666668,1240.0,1497.3000000000004,0.0,59368.0,46164.0,2.62531328320802,100.0,2200.0,1.04,10991.0,11920.0,889.2,0.1,104500.0,102192.0,0.8524590163934427,200.0,2199.9325,0.455,28174.5,2720.0,4628.3,0.8999999999999999,1091008.0,1076516.0,1.1784712482468442,300.0,2199.91,1.8966666666666665,3598.0,2720.0,1260.5,0.0,59368.0,46152.0,2.8520547057298424,100.0,2199.865,0.99,12259.0,11880.0,876.0,0.1,104500.0,102192.0,0.8114754098360656,200.0,2199.9325,0.48,26709.5,3680.0,4838.2,0.8999999999999999,1091012.0,1076580.0,1.2328190743338006,300.0,2199.955,1.9,3508.666666666666,2760.0,1160.5,0.0,59368.0,46148.0,2.8554143980641262,100.0,2199.865,0.97,13014.0,10440.0,974.4,0.1,104500.0,102192.0,0.7950819672131147,200.0,2199.9325,0.51,25283.5,3960.0,4125.6,0.8999999999999999,1091012.0,1076472.0,1.3138148667601683,300.0,2199.955,1.8733333333333333,3787.0,2440.0,1285.6,0.0,59096.0,45896.0,2.8140070002592688,5.045491061041197,5.170924394042135,5.52059168244151,5.208315733797359,5.270634178283906,5.281990603165738,5.213139239843642,5.282847721924174,5.6421873377249785,5.623032512186316,5.279239664147107,5.134436897585874,5.158128510932504
0.0,2199.865,0.65,25.0,120.0,1.2,0.1,255584.0,77900.0,0.7926829268292683,193.8,2200.0,1.93,23891.5,2800.0,4841.3,0.1,136212.0,129540.0,1.8467242371905583,300.0,2200.0,1.7033333333333331,2423.333333333333,2440.0,1141.1,0.1,110240.0,89644.0,2.8553178958287093,0.0,2199.865,0.0,0.0,0.0,0.0,0.1,255608.0,77920.0,0.0,200.0,2199.9325,1.945,23764.5,2520.0,5920.1,0.1,138452.0,131836.0,1.8615313759355208,293.8,2199.955,1.6966666666666663,1900.333333333333,2080.0,635.3000000000002,0.1,109720.0,86664.0,2.856118926070073,0.0,2199.865,0.64,26.0,80.0,1.2,0.1,255608.0,77960.0,0.7804878048780488,200.0,2200.0,2.0,21788.5,3680.0,5416.299999999998,0.1,135348.0,128928.0,1.914104778353483,300.0,2199.91,1.72,1875.666666666667,1320.0,673.3,0.1,111344.0,88480.0,2.8914598528917304,0.0,2199.865,0.63,31.0,40.0,1.9,0.1,255544.0,77876.0,0.7682926829268293,193.8,2200.0,2.03,20444.0,5080.0,4701.5,0.1,136988.0,130244.0,1.943719055843408,300.0,2199.955,1.7633333333333334,1945.0,2040.0,848.2,0.1,111344.0,90796.0,2.947838903185588,5.6223488649408635,6.422275163537487,5.650040033794179,4.891983330553801,6.146882313724826,5.872113325571713,5.640909817605139,5.53116714966824,4.868712674444755,5.8529463323779884,6.0705275265518575,5.493392827896104,5.0045716283963415
100.0,2200.0,1.41,35.0,280.0,1.0,0.1,138852.0,123924.0,0.6844660194174756,200.0,2200.0,1.98,24912.5,2560.0,5076.299999999998,0.1,136760.0,130220.0,1.8374757281553395,300.0,2199.955,2.0933333333333333,5479.333333333333,1280.0,1732.9,0.1,140388.0,119740.0,2.8769412354198427,100.0,2199.865,2.22,2.0,240.0,0.3,0.1,101884.0,91028.0,1.077669902912621,200.0,2200.0,2.02,24661.5,1920.0,5909.299999999998,0.1,135984.0,129436.0,1.8754908306364613,300.0,2199.91,2.1466666666666665,3336.333333333333,2520.0,884.6999999999998,0.1,140796.0,117816.0,2.9437173972728106,100.0,2200.0,2.0,1947.0,14680.0,347.2,0.1,127016.0,113140.0,0.9708737864077671,200.0,2200.0,2.095,22764.0,3760.0,5390.200000000002,0.1,138440.0,131548.0,1.946256742179072,300.0,2199.91,2.1133333333333333,3609.333333333334,2440.0,902.4,0.1,141172.0,118312.0,2.9064549586650807,100.0,2199.865,1.99,2049.0,12680.0,379.3,0.1,149776.0,134808.0,0.9660194174757282,200.0,2200.0,2.115,21288.5,4920.0,4910.4,0.1,145436.0,138680.0,1.9644444444444444,300.0,2199.955,2.14,3526.333333333333,2240.0,809.3,0.1,141836.0,121420.0,2.937997620572893,5.9073818532303575,5.8989622723281965,5.8941920338454805,5.899006542289227,5.872991058374593,5.811942997194513,5.907935291666408,6.088287070150452,5.528759310710512,5.818251485132705,5.82437048862244,5.781424873217808,5.096030010204432
100.0,2200.0,2.48,290.0,5680.0,19.8,0.1,203652.0,186132.0,1.008130081300813,200.0,2200.0,1.97,24129.5,2280.0,4875.4,0.1,163096.0,156348.0,2.2722705314009666,300.0,2199.91,2.0933333333333333,5218.666666666667,1280.0,1820.1,0.1,143124.0,122556.0,2.881584974805313,100.0,2199.865,2.48,572.0,3280.0,27.7,0.1,203652.0,186128.0,1.008130081300813,200.0,2199.9325,1.995,23161.5,2600.0,5537.5,0.1,163360.0,156616.0,2.3085024154589373,300.0,2199.955,2.14,3315.333333333333,2600.0,719.0,0.0,46900.0,23592.0,2.9357306459001373,100.0,2199.865,2.51,349.0,5720.0,24.1,0.1,203652.0,186132.0,1.0203252032520325,200.0,2200.0,1.94,20755.0,4120.0,5261.8,0.1,164828.0,158200.0,2.2091787439613526,300.0,2199.91,2.1333333333333333,3596.0,2360.0,1455.1999999999996,0.0,46900.0,23300.0,2.926721636891128,100.0,2199.865,2.48,560.0,5440.0,46.5,0.1,203652.0,186132.0,1.008130081300813,200.0,2200.0,1.89,19383.0,5080.0,4449.2,0.1,165620.0,158996.0,2.1311111111111107,293.8,2199.91,2.143333333333333,3554.666666666666,2600.0,983.3,0.0,46900.0,26404.0,2.940235150404642,5.951804577732288,5.875426173973586,5.892823907179103,5.822186553431588,5.852861703349565,5.852084071190188,5.7585963604383,5.745457386429517,5.77278269948148,5.772433819916056,5.759127007928817,5.744318117126018,5.057267401851449
100.0,2200.0,2.36,300.0,6200.0,19.7,0.1,204068.0,187188.0,0.9440000000000001,200.0,2200.0,1.94,25657.0,2600.0,5283.6,0.1,140480.0,133568.0,2.5506306306306303,300.0,2200.0,2.11,5181.666666666667,1440.0,1546.0,0.0,46900.0,26308.0,3.4256417498274025,100.0,2200.0,2.38,584.0,4160.0,22.6,0.1,204068.0,187184.0,0.9520000000000001,193.8,2200.0,1.95,24835.5,2480.0,6718.7,0.1,141256.0,134360.0,2.5549549549549546,300.0,2199.91,1.95,3160.333333333333,1680.0,982.0,0.0,53648.0,30792.0,3.1622889600200836,100.0,2199.865,2.37,1775.0,8280.0,114.8,0.1,204068.0,187188.0,0.948,193.3,2199.9325,2.04,21305.0,3720.0,5242.700000000002,0.1,182800.0,176164.0,2.694294294294294,300.0,2200.0,2.0766666666666667,3875.666666666666,2040.0,1178.6,0.0,53648.0,31012.0,3.3688570890604415,100.0,2199.865,2.38,438.0,5000.0,39.0,0.1,204068.0,187188.0,0.9520000000000001,193.8,2199.9325,1.965,19436.0,5240.0,4483.5,0.1,182800.0,176168.0,2.559159159159159,300.0,2200.0,2.0466666666666664,3501.666666666666,1640.0,1022.0,0.0,53648.0,33328.0,3.318301638109584,6.55813435088261,5.918023621306231,6.385360215044644,6.444784889201007,5.8635434625760725,5.857865631670211,6.241770896484888,6.264435377196063,6.337603979049658,5.8225670838823005,5.758325020390237,5.762301022648848,5.0661383579269375
100.0,2199.865,2.44,276.0,4440.0,19.5,0.1,204200.0,187188.0,1.0252100840336136,200.0,2199.9325,2.145,35680.5,2120.0,6706.799999999998,0.1,139252.0,132588.0,2.0185038503850388,300.0,2199.955,2.033333333333333,784.3333333333335,1120.0,546.5999999999998,0.0,53648.0,33232.0,2.9544333723023253,100.0,2199.865,2.48,585.0,5960.0,23.0,0.1,204200.0,187184.0,1.0420168067226891,200.0,2200.0,2.105,39747.0,2520.0,8254.6,0.1,138760.0,132180.0,1.9794059405940596,300.0,2200.0,2.056666666666666,356.66666666666674,1280.0,18.6,0.0,53648.0,30792.0,2.9871585419411506,100.0,2199.865,2.46,418.0,7000.0,25.4,0.1,204200.0,187188.0,1.0336134453781514,200.0,2199.9325,2.09,30318.0,3920.0,6475.3,0.1,141876.0,135136.0,1.9615181518151816,300.0,2199.955,2.0500000000000003,497.0,1480.0,157.1,0.0,53648.0,31012.0,2.976163719250064,100.0,2200.0,2.42,578.0,5320.0,49.8,0.1,204200.0,187188.0,1.0168067226890756,200.0,2200.0,2.1,20137.5,4320.0,4523.2,0.1,140968.0,134352.0,1.9693949394939492,293.8,2199.865,2.053333333333333,394.66666666666674,1840.0,141.7,0.0,53648.0,33328.0,2.9832059727711897,5.987948402439805,5.8600851615283505,5.929582481814129,5.926864254565756,5.842785370162599,5.910490245523717,5.896703675482638,5.951445942393825,5.967626196306149,5.819608100709284,5.822930376255719,5.800257162994387,5.237211329212943
100.0,2199.865,2.48,255.0,5960.0,21.2,0.1,204484.0,188508.0,0.96875,193.8,2199.9325,1.7,25822.5,2040.0,5254.2,0.2,254676.0,247880.0,1.5164125560538118,300.0,2199.91,1.7033333333333331,3470.0,1400.0,1207.1999999999996,0.1,111472.0,91384.0,2.4499035526281654,100.0,2200.0,2.48,705.0,6080.0,32.0,0.1,204484.0,188504.0,0.96875,193.8,2199.9325,1.91,25674.5,2400.0,6068.4,0.2,254544.0,247884.0,1.7046736422521176,293.8,2199.91,2.1366666666666667,3201.333333333333,2280.0,933.7,0.1,126468.0,103980.0,2.9017024666587985,100.0,2200.0,2.54,441.0,5760.0,30.2,0.1,204484.0,188508.0,0.9921875,200.0,2199.9325,2.2,20767.5,3920.0,5193.9,0.2,254544.0,247880.0,1.964484304932736,293.3,2199.91,2.06,3094.666666666666,2520.0,1068.3,0.1,124560.0,102100.0,2.8230113301074,93.8,2200.0,2.51,441.0,2480.0,40.6,0.1,204484.0,188508.0,0.98046875,200.0,2200.0,2.185,19909.0,5000.0,4472.3,0.2,254544.0,247884.0,1.950991529646238,300.0,2199.955,2.12,3152.333333333333,2560.0,839.4,0.1,126468.0,106528.0,2.8848105747669064,6.435750231333191,5.895273367949398,6.4495433890826215,6.43647035249609,5.975755314232996,5.9080478088172805,6.434037632705732,6.471864142342803,6.481698954453945,5.8166729700114175,5.857490413055012,5.836698675039386,5.034510279212007
100.0,2200.0,1.82,216.0,8760.0,18.5,0.1,105808.0,100616.0,1.0,200.0,2199.865,1.535,32026.0,2960.0,6692.3,1.1,1875364.0,1519816.0,1.651250180661945,300.0,2199.91,1.96,6421.0,1480.0,1566.0,0.1,138912.0,118848.0,2.4030083639737763,100.0,2199.865,1.82,364.0,6760.0,26.8,0.1,105540.0,100612.0,1.0,193.8,2199.9325,1.575,31674.5,2720.0,6333.9,1.1,1875364.0,1521468.0,1.694377800260153,300.0,2200.0,2.25,4714.666666666667,2480.0,1340.0,0.1,143760.0,125280.0,2.7502177440684727,100.0,2200.0,1.82,399.0,8600.0,42.7,0.1,105808.0,100876.0,1.0,200.0,2199.9325,1.64,31454.0,4440.0,5641.4,1.1,1875364.0,1519816.0,1.7645324468853878,293.3,2200.0,2.1566666666666667,5227.666666666667,2880.0,1541.5,0.1,146644.0,125436.0,2.639161087793541,100.0,2199.865,1.81,540.0,7520.0,52.5,0.1,105676.0,100612.0,0.9945054945054944,200.0,2200.0,1.65,30948.0,2800.0,6118.5,1.1,1875364.0,1520644.0,1.775285445873681,300.0,2199.865,2.1833333333333336,4898.333333333333,2720.0,1327.8,0.1,143760.0,123184.0,2.6707563347670744,5.308344133950288,5.5884837520739765,5.234551581686526,5.286927512211128,5.300025360540491,5.319882607876684,5.288953694601334,5.196106476943361,5.446989922306983,4.798320498768574,5.049041853142953,4.8845510491687705,4.891434480558823
100.0,2199.865,1.83,731.0,11720.0,69.0,0.1,112144.0,107216.0,1.0,200.0,2200.0,1.565,33058.5,1960.0,6973.3,1.1,1875364.0,1519816.0,1.6941351801525375,300.0,2199.91,1.9833333333333332,4662.666666666667,1480.0,1269.6,0.0,79300.0,59092.0,2.433978586804165,100.0,2199.865,1.81,1170.0,9200.0,50.9,0.1,112012.0,106948.0,0.989071038251366,200.0,2199.865,1.595,31818.0,2080.0,6541.5999999999985,1.1,1875364.0,1521468.0,1.7265714035241515,293.8,2199.955,2.39,1807.333333333333,2040.0,532.6,0.0,79300.0,60772.0,2.9215110442313383,100.0,2199.865,1.81,1474.0,10480.0,109.6,0.1,112144.0,106948.0,0.989071038251366,193.3,2199.9325,1.59,31401.0,3640.0,5788.9000000000015,1.1,1875364.0,1519816.0,1.7209900353584056,300.0,2199.91,2.316666666666667,2230.0,2160.0,674.6999999999998,0.0,79300.0,58300.0,2.834529152374153,100.0,2199.865,1.8,2212.0,9080.0,279.8,0.1,112012.0,106948.0,0.9836065573770492,200.0,2200.0,1.625,31344.5,7840.0,6309.0,1.1,1875364.0,1520644.0,1.7590076268957655,300.0,2199.91,2.3766666666666665,1841.333333333333,2440.0,586.9000000000002,0.0,79300.0,58676.0,2.9052943695478053,5.658675164753936,5.9582552884415465,5.682994187517247,5.5336222803138515,5.544420479427145,5.530645297774603,5.569876295045996,5.483224251294922,5.798809623246355,5.502707991082184,5.629705438570349,5.683196714147055,5.321610461587891
100.0,2199.865,1.48,429.0,10280.0,34.6,0.1,145372.0,140488.0,1.0,200.0,2200.0,1.28,29837.5,1600.0,6203.9,1.1,1875364.0,1519816.0,1.9946772672146609,300.0,2200.0,2.303333333333333,2926.0,1280.0,860.9000000000002,0.0,79300.0,59096.0,2.8445700759565056,100.0,2199.865,1.48,668.0,9400.0,41.1,0.1,144880.0,139956.0,1.0,200.0,2199.9325,1.355,30500.0,2280.0,6169.8,1.1,1875364.0,1521468.0,2.1042312356825232,300.0,2199.865,2.3966666666666665,1633.333333333333,1960.0,495.4,0.0,79300.0,61028.0,2.9608848289756966,100.0,2199.865,1.47,811.0,9240.0,42.2,0.1,144712.0,139692.0,0.9932432432432432,200.0,2199.865,1.35,30473.0,4160.0,5529.6,1.1,1875936.0,1520076.0,2.0786955935857705,300.0,2199.955,2.3233333333333333,2129.6666666666665,2520.0,629.6,0.0,79300.0,58304.0,2.8714290949981494,100.0,2200.0,1.47,1001.0,7760.0,66.6,0.1,144220.0,139164.0,0.9932432432432432,200.0,2199.865,1.345,28925.5,4160.0,5843.8,1.1,1875364.0,1520644.0,2.0665004716345505,300.0,2200.0,2.393333333333333,1608.333333333333,2120.0,508.1,0.0,79300.0,58932.0,2.9568525709111806,5.900722021924428,5.985420542279794,5.91191275289101,5.964158027661773,5.995491640453628,6.057505604155256,5.95877265791326,5.631489323854861,5.615117299427156,5.701858731840763,5.519423864559606,5.472973478272953,5.517293100140161
100.0,2199.865,1.47,1073.0,11680.0,45.0,0.1,153056.0,147880.0,0.9865771812080536,200.0,2200.0,1.285,29924.5,1360.0,6258.5,1.1,1875364.0,1519816.0,2.1425278219395865,300.0,2199.955,2.2266666666666666,3394.0,1240.0,907.4,0.0,105736.0,85840.0,2.9713710752668168,100.0,2199.865,1.45,1836.0,11120.0,78.4,0.1,152648.0,147612.0,0.9731543624161072,193.3,2199.9325,1.235,29012.5,2920.0,5909.5,1.1,1875364.0,1521468.0,2.0419713831478536,293.8,2200.0,2.16,3016.333333333333,2040.0,775.4,0.1,132904.0,114712.0,2.8503903803340096,100.0,2200.0,1.45,2239.0,10360.0,77.7,0.1,152360.0,147348.0,0.9731543624161072,200.0,2200.0,1.235,28002.5,3840.0,4975.0,1.1,1875364.0,1519816.0,2.0233704292527817,287.1,2199.955,2.103333333333333,3533.0,2480.0,905.4,0.1,133548.0,112756.0,2.7826195481634453,100.0,2199.865,1.42,3003.0,10120.0,216.2,0.1,151884.0,146820.0,0.953020134228188,200.0,2199.9325,1.27,28641.5,4920.0,5701.9,1.1,1875364.0,1520644.0,2.0798092209856915,287.1,2199.955,2.186666666666667,2841.0,3120.0,937.3,0.1,132228.0,111824.0,2.8906935064773998,5.859302722282378,5.7413042029467025,5.768312185820738,5.828643997048959,6.0248327764133,5.946063132405172,5.818094559261012,5.915721214340066,5.650878681808277,5.523040823339863,5.371012923653592,5.330301148150292,5.395228962507289
100.0,2199.865,1.44,2468.0,12800.0,95.0,0.1,159876.0,154744.0,0.979591836734694,200.0,2199.9325,1.1949999999999998,29211.0,2400.0,6053.9000000000015,1.1,1875364.0,1519816.0,2.020601148260723,300.0,2199.91,2.24,9607.333333333334,880.0,2045.3,0.0,72552.0,52424.0,3.3328898461187184,93.8,2200.0,1.41,3864.0,12040.0,260.2,0.1,159348.0,154212.0,0.9591836734693876,200.0,2200.0,1.225,29151.5,2120.0,6019.0,1.1,1875364.0,1521468.0,2.010300574130361,300.0,2200.0,1.9733333333333336,4135.666666666667,2000.0,1163.6,0.0,213768.0,49612.0,2.79783174270716,100.0,2199.865,1.37,5476.0,10480.0,130.5,0.1,158844.0,153948.0,0.9319727891156464,200.0,2200.0,1.215,28032.0,3600.0,5201.5999999999985,1.1,1875364.0,1519816.0,2.010216143194867,300.0,2200.0,1.9566666666666668,4408.0,1840.0,1286.5,0.0,213768.0,48808.0,2.7794953027678435,100.0,2200.0,1.35,6009.0,11400.0,421.6,0.1,158180.0,153156.0,0.9183673469387756,193.8,2199.9325,1.235,28527.5,2920.0,5749.2,1.1,1875364.0,1520644.0,2.0526004728132388,300.0,2199.865,2.013333333333333,4393.0,2320.0,1437.9,0.0,213768.0,48020.0,2.86189127537702,5.80118082601118,5.979497705485893,5.765901932920864,5.79394948982583,5.903029149169424,5.7784588689779435,5.700586669944878,5.78003910034593,5.696359411670555,5.490376667623366,5.3125620991698845,5.2699577754031095,5.322017259265494
100.0,2200.0,1.37,5738.0,14680.0,220.2,0.1,168364.0,163456.0,0.958041958041958,200.0,2200.0,1.17,29716.0,2920.0,6132.4,1.1,1875364.0,1519816.0,2.3588220424671387,300.0,2199.955,2.2100000000000004,3565.666666666666,1520.0,1029.2,0.0,79252.0,59388.0,2.804864846205989,100.0,2199.865,1.33,8521.0,14800.0,565.8,0.1,167728.0,162660.0,0.93006993006993,200.0,2199.865,1.22,30955.5,1680.0,6330.5,1.1,1875364.0,1521468.0,2.377527805864509,293.8,2199.955,2.303333333333333,1977.333333333333,2040.0,550.9000000000002,0.0,79252.0,61072.0,2.926584212267536,93.3,2199.865,1.28,11015.0,12520.0,341.3,0.1,166952.0,161868.0,0.8951048951048952,200.0,2199.9325,1.17,27772.0,3680.0,5026.9,1.1,1875364.0,1519816.0,2.2162537917087968,300.0,2199.91,2.263333333333333,2335.333333333333,2480.0,683.1999999999998,0.0,79252.0,58588.0,2.8739139904575044,100.0,2200.0,1.25,11599.0,12440.0,679.3,0.1,166256.0,161076.0,0.8741258741258742,200.0,2199.9325,1.16,28225.5,5240.0,5689.5,1.1,1875364.0,1520644.0,2.187563195146613,300.0,2199.955,2.296666666666667,2017.0,2680.0,914.4,0.0,79252.0,58976.0,2.917792961011642,5.5098978901883315,6.212361205343084,5.414456033545731,5.38141445576163,5.4296391316489485,5.407151508454682,5.4725630488432575,5.423675545192967,5.636901973662527,5.4427305851539645,5.638984977843478,5.636520961666836,5.816114544438381
100.0,2199.865,1.8,1922.0,12280.0,133.8,0.1,111524.0,106420.0,0.9836065573770492,100.0,2199.9325,0.92,11630.5,1480.0,10816.0,0.4,695736.0,511060.0,1.5477272727272726,300.0,2199.91,1.5833333333333333,3073.0,1200.0,1752.4,0.0,45652.0,28008.0,2.66400155141844,100.0,2199.865,1.78,2179.0,12240.0,151.8,0.1,111232.0,106156.0,0.9726775956284152,100.0,2199.9325,0.92,11612.5,2160.0,10658.9,0.4,695748.0,511060.0,1.5721861471861471,300.0,2199.865,1.6866666666666668,896.3333333333335,2560.0,198.2,0.0,45652.0,28000.0,2.8691964285714286,93.8,2199.865,1.79,3028.0,11920.0,104.6,0.1,111368.0,106420.0,0.9781420765027322,100.0,2200.0,0.965,11845.5,3240.0,10240.4,0.4,695712.0,511032.0,1.6869047619047621,300.0,2199.91,1.6666666666666667,1560.666666666667,2440.0,289.0,0.0,45652.0,28000.0,2.8036830357142857,100.0,2199.865,1.77,3389.0,11280.0,394.4,0.1,111232.0,106156.0,0.9672131147540984,100.0,2200.0,0.99,12479.5,4560.0,8266.0,0.4,695652.0,510976.0,1.7044372294372294,300.0,2200.0,1.75,1015.3333333333335,1440.0,364.1,0.0,45652.0,27996.0,2.9369419642857144,5.589367182081269,5.58205403428216,5.382654543040567,5.457295796112267,5.4948327472017535,5.51288431610215,5.068277581505153,5.315781328348916,5.65565724146994,5.262357149254045,5.459618990103818,4.9262728894582235,4.771735607854391
100.0,2199.865,1.19,13320.0,16480.0,707.5,0.1,172692.0,167676.0,0.8439716312056738,100.0,2199.9325,0.995,11708.0,2040.0,10712.9,0.4,681744.0,497260.0,1.056510707398762,293.8,2199.955,1.4966666666666668,3812.0,1040.0,2424.6,0.0,45652.0,28260.0,2.7414932585145357,100.0,2199.865,1.17,14270.0,14520.0,1128.1,0.1,171572.0,166620.0,0.8297872340425532,100.0,2199.9325,7.365,12847.5,1760.0,10576.2,0.4,681664.0,497312.0,5.380351162082614,300.0,2199.91,1.57,1832.666666666667,2080.0,278.5,0.0,45652.0,28252.0,2.8590742590742586,100.0,2199.865,1.15,15828.0,16440.0,1025.6,0.1,171416.0,166356.0,0.8156028368794326,193.3,2199.9325,2.08,15002.0,4120.0,10582.5,0.4,606884.0,574964.0,1.807693088399472,300.0,2199.955,1.58,2045.333333333333,2040.0,340.9,0.0,45652.0,28252.0,2.8586080586080582,100.0,2199.865,1.11,17099.0,13000.0,1051.7,0.1,170412.0,165300.0,0.7872340425531916,200.0,2199.9325,2.165,15173.5,5800.0,7876.1,0.4,606884.0,575236.0,1.8783111742616465,300.0,2199.955,1.61,1829.0,1840.0,527.8000000000002,0.0,45652.0,28248.0,2.9009324009324007,5.506823374439621,5.422667042097157,5.516291524172081,5.547718430598987,5.406664303403474,5.4792662608600855,5.114748349132851,5.3444353287041455,5.435527062866073,5.341023584042809,5.407114428151864,5.369970068714111,5.39895014056442
100.0,2199.865,1.47,916.0,7200.0,74.1,0.1,201144.0,196028.0,0.5384615384615384,200.0,2200.0,2.005,16190.5,2560.0,11299.5,0.4,606884.0,577544.0,1.7322155688622756,300.0,2199.955,1.4566666666666668,4374.333333333333,1560.0,2385.5,0.0,45652.0,28260.0,2.5988481842905142,100.0,2199.865,1.24,1158.0,9480.0,76.1,0.1,198536.0,193652.0,0.4542124542124542,193.8,2199.9325,2.0,16197.5,2360.0,11141.7,0.4,606884.0,575500.0,1.7288822355289422,300.0,2199.955,1.6000000000000003,1580.666666666667,2160.0,131.7,0.0,45652.0,28252.0,2.8645363408521307,93.3,2199.865,1.24,1169.0,8960.0,65.5,0.1,197472.0,192596.0,0.4542124542124542,200.0,2199.9325,2.135,15010.0,4920.0,10506.6,0.4,606884.0,575756.0,1.8321556886227544,300.0,2199.91,1.5833333333333333,1968.0,2760.0,306.1,0.0,45652.0,28252.0,2.817794486215538,100.0,2200.0,1.24,1386.0,9000.0,100.0,0.1,193476.0,188372.0,0.4542124542124542,193.8,2199.865,2.18,15424.0,5280.0,7862.8,0.4,606884.0,576028.0,1.875429141716567,300.0,2199.865,1.6266666666666667,1601.333333333333,2080.0,392.5,0.0,45652.0,28248.0,2.8913533834586467,5.126509738549679,5.239010635029395,5.130366615244145,5.189225683444447,5.275227663192265,5.280310338628922,4.884026422331826,5.096647688594591,5.261059589378172,5.096019930079498,5.217381379682265,5.196864168456559,5.029718093270591
100.0,2200.0,1.07,10729.0,13680.0,740.6,0.1,103700.0,101352.0,0.8916666666666667,200.0,2199.9325,1.685,5671.5,1520.0,1568.6,0.1,235216.0,209588.0,1.9479768786127163,300.0,2199.91,1.6366666666666667,2204.0,640.0,290.7,0.0,96484.0,71876.0,2.5585542125375023,100.0,2199.865,1.04,11657.0,12600.0,1106.0,0.1,103704.0,101356.0,0.8666666666666667,200.0,2200.0,1.735,5453.5,2920.0,1528.4,0.2,301344.0,265104.0,2.005780346820809,300.0,2199.955,1.67,1928.0,520.0,289.0,0.0,97412.0,70672.0,2.6321938797725086,100.0,2200.0,1.02,13048.0,12200.0,907.5,0.1,103704.0,101352.0,0.8500000000000001,200.0,2200.0,1.89,3566.0,2840.0,1224.9,0.1,210576.0,184920.0,1.9188311688311688,300.0,2199.955,1.7033333333333331,1001.3333333333335,680.0,187.5,0.0,84636.0,58064.0,2.620838932146256,100.0,2199.865,1.02,12786.0,11160.0,1089.1,0.1,103700.0,101352.0,0.8500000000000001,193.3,2200.0,1.72,3939.5,3920.0,1046.4,0.2,302352.0,243068.0,1.9884393063583812,300.0,2200.0,1.62,9203.666666666666,3160.0,1728.0,0.0,99792.0,72664.0,2.5124360100545506,5.351549690208693,5.3728981126259585,5.308394113405414,5.263729576454731,4.4536591129292,5.5173130444607565,5.254820195958262,5.29177616499332,5.354764922785756,5.230498306755198,5.4595671624146025,4.947270610237894,5.089788627796468
100.0,2199.865,1.05,10216.0,12720.0,676.1,0.1,104084.0,101656.0,0.8750000000000001,193.8,2200.0,1.675,17113.5,1680.0,3511.8,0.4,503536.0,477924.0,1.7679475379659455,300.0,2199.955,1.5133333333333334,18773.33333333333,2120.0,4380.5999999999985,0.2,229600.0,205024.0,1.9785777301538017,100.0,2199.865,1.03,11220.0,13080.0,1029.3,0.1,104088.0,101660.0,0.8583333333333334,200.0,2199.9325,1.48,24560.0,2760.0,4191.0,0.4,512924.0,487488.0,1.5315232397606993,293.8,2200.0,1.5633333333333332,17249.0,2000.0,3244.8,0.2,237220.0,210684.0,2.054029442723755,100.0,2199.865,1.01,12310.0,11360.0,817.7,0.1,104088.0,101656.0,0.8559322033898306,200.0,2200.0,1.61,10249.5,1080.0,2159.2,0.4,501224.0,475800.0,2.125709219858156,300.0,2199.91,1.5066666666666668,11800.0,2640.0,2181.7000000000007,0.1,140712.0,114296.0,2.3109840385321503,100.0,2199.865,0.98,12812.0,10800.0,1135.9,0.1,104084.0,101656.0,0.8166666666666667,200.0,2199.865,1.67,19886.5,4520.0,3508.2,0.4,525560.0,500020.0,1.7494247583985274,287.1,2199.91,1.5666666666666664,17452.333333333332,2200.0,3016.2,0.2,240216.0,213204.0,2.059843396212127,4.8972972760250215,5.12526597557001,4.884790844449213,4.8575094384271305,5.283690236049021,4.51366798040057,4.805050037319463,4.820766239215191,5.077553859207618,4.7185022785031645,4.228761526025222,4.6759938902120615,4.826911998642385
100.0,2199.865,1.09,8922.0,11800.0,543.6,0.1,104084.0,101656.0,0.915966386554622,200.0,2200.0,1.67,4249.0,960.0,820.1,0.4,579344.0,553996.0,2.0440503432494284,300.0,2199.91,1.46,13002.333333333336,1840.0,2223.0,0.1,174480.0,149856.0,2.110247823876217,100.0,2199.865,1.06,10100.0,11760.0,967.6,0.1,104088.0,101660.0,0.8907563025210085,200.0,2199.9325,1.42,9391.5,2040.0,1525.8000000000004,0.4,579344.0,554132.0,1.7025171624713955,300.0,2200.0,1.4933333333333334,12419.333333333336,2920.0,2263.1,0.1,177672.0,151028.0,2.1670411348772056,100.0,2199.865,0.99,13105.0,10400.0,882.9,0.1,104088.0,101656.0,0.8114754098360656,200.0,2199.865,1.645,4619.0,4320.0,904.0,0.4,579344.0,553996.0,2.2226991599741535,300.0,2200.0,1.5733333333333333,17310.333333333332,2240.0,3231.2000000000007,0.2,251472.0,225140.0,2.0696195107588413,100.0,2199.865,1.0,12417.0,10040.0,1045.8,0.1,104084.0,101656.0,0.8403361344537815,200.0,2199.9325,1.61,3155.5,4560.0,525.7,0.4,579344.0,554000.0,1.9147597254004576,300.0,2199.91,1.4833333333333334,12668.666666666664,2480.0,2144.1,0.1,177140.0,150116.0,2.1490841139764107,4.952064459364418,4.86246200615009,4.951028236884966,4.947613623176233,4.881082124339078,4.698156932163491,4.909403467319019,4.86951596590621,4.731375716712526,4.81195763150109,4.644798669227223,4.768858181424897,4.335839117144934
100.0,2199.865,1.0,11884.0,12480.0,777.4,0.1,104564.0,102172.0,0.8264462809917356,200.0,2199.9325,1.5699999999999998,6890.5,1280.0,790.7,0.4,543108.0,517180.0,1.755194805194805,300.0,2199.91,1.35,23687.0,2360.0,2511.8,0.1,220500.0,195792.0,2.1455775893918063,100.0,2199.865,1.01,11886.0,13680.0,1087.4,0.1,104568.0,102176.0,0.8347107438016529,200.0,2199.9325,1.56,6009.0,2400.0,607.7,0.4,545020.0,519256.0,1.742207792207792,287.1,2199.955,1.343333333333333,22443.0,2560.0,3828.9,0.1,223672.0,196964.0,2.1393164185363807,100.0,2199.865,0.98,12703.0,11720.0,864.0,0.1,104568.0,102172.0,0.823529411764706,193.8,2200.0,1.64,4459.0,3680.0,578.2,0.4,541176.0,515332.0,1.8460017791835528,300.0,2199.91,1.4633333333333332,16330.0,2120.0,3761.0,0.2,276088.0,249392.0,1.972663978165773,100.0,2199.865,1.01,11879.0,12720.0,1000.9,0.1,104564.0,102032.0,0.8347107438016529,200.0,2200.0,1.67,2626.5,2680.0,393.8,0.4,588988.0,562588.0,1.8775974025974025,293.8,2199.91,1.346666666666667,22726.66666666667,2640.0,5599.6,0.1,223144.0,196316.0,2.1483231651505923,4.732938729297957,4.7067652400274715,4.824595374819012,4.903495466895569,4.6502891804764195,4.695157879441887,4.887143953462269,4.870314608953012,4.569194339012456,4.839166988505411,4.619731527136097,4.817026902906234,4.76212023281325
100.0,2199.865,1.05,9125.0,12560.0,625.3,0.1,104500.0,102192.0,0.8750000000000001,200.0,2199.9325,1.79,5466.0,1280.0,695.6999999999998,0.5,649920.0,622104.0,1.903965971722981,287.5,2199.955,1.1333333333333333,21839.0,1840.0,3280.1,0.1,376760.0,201508.0,2.1416921078424482,100.0,2199.865,1.07,9342.0,12640.0,870.4,0.1,104504.0,102196.0,0.8916666666666667,200.0,2200.0,1.82,5069.0,2160.0,702.0,0.5,653532.0,625148.0,1.9337407141145455,300.0,2199.865,1.143333333333333,21254.33333333333,1840.0,4141.5999999999985,0.1,378624.0,205428.0,2.1727256526775376,100.0,2199.865,0.96,13587.0,9760.0,899.5,0.1,104504.0,102192.0,0.7933884297520661,193.8,2200.0,1.81,3548.0,3680.0,518.2,0.5,653532.0,625276.0,1.8342864886841037,300.0,2199.865,1.6133333333333333,24263.33333333333,2200.0,4605.8,0.2,314372.0,287672.0,2.2830573758837747,100.0,2200.0,0.94,14521.0,10920.0,1344.7,0.1,104500.0,102192.0,0.7833333333333333,200.0,2199.9325,1.84,3430.0,2360.0,562.4,0.5,661364.0,631500.0,1.96980589503954,293.8,2199.955,1.16,21545.0,3280.0,4630.2,0.1,378228.0,205688.0,2.2047041554702043,5.0229017939400515,5.026827302260452,5.004224938202858,5.019049685846916,4.984218890657012,5.4080006113445,4.891829276953477,4.941532412571258,4.908455126852955,4.8526297569637356,5.430380688690752,4.728964905455434,5.070642800072116
100.0,2200.0,1.05,9821.0,12120.0,617.1,0.1,104500.0,102192.0,0.8333333333333334,193.3,2199.865,1.61,7175.0,1480.0,1084.5,0.4,569712.0,539852.0,1.7176139197793492,293.8,2199.91,1.5133333333333334,20725.0,2560.0,2625.7,0.1,247392.0,222764.0,2.4160612055994,100.0,2199.865,1.0,11789.0,12760.0,1027.3,0.1,104504.0,102196.0,0.7936507936507936,200.0,2200.0,1.605,6372.0,2480.0,756.5,0.4,571432.0,541412.0,1.7195798245356648,300.0,2199.91,1.5366666666666664,20239.33333333333,2720.0,3765.7,0.1,248984.0,222352.0,2.460789285510609,100.0,2199.865,1.01,12094.0,9600.0,832.7,0.1,104504.0,102192.0,0.8015873015873016,200.0,2200.0,1.765,3191.5,3760.0,366.5,0.4,572312.0,542192.0,1.9778558189444932,293.8,2199.955,1.1166666666666665,20752.33333333333,2440.0,4122.5,0.1,244904.0,218456.0,1.9106483949745012,100.0,2199.865,0.97,12924.0,12120.0,1109.8,0.1,104500.0,102192.0,0.7698412698412698,200.0,2200.0,1.7799999999999998,17914.5,4880.0,3732.4,0.4,582164.0,554876.0,1.923300372641648,300.0,2199.955,1.5333333333333332,20319.33333333333,2360.0,4124.6,0.1,248584.0,221704.0,2.456836716340649,4.932145155828193,4.728459554429729,5.041613343019309,5.098729448542295,4.599017642732679,4.766548254547246,5.137602652632892,5.109199078414911,4.613960657147565,5.0846928656734045,4.661686061379171,5.072369323537576,5.375882810473987
100.0,2199.865,2.43,1206.0,7920.0,63.9,0.1,202872.0,185072.0,0.972,200.0,2199.9325,0.96,22418.5,3120.0,3208.0,0.3,488552.0,451944.0,1.6937821782178217,293.8,2200.0,1.7899999999999998,9208.666666666666,1560.0,1510.3,0.0,128620.0,104508.0,2.565810524334552,100.0,2199.865,2.38,1639.0,7280.0,107.4,0.1,202872.0,185076.0,0.9520000000000001,200.0,2200.0,1.03,15431.0,2560.0,1921.1,0.3,425656.0,390960.0,1.6485063824187391,293.3,2199.955,1.9866666666666664,455.33333333333326,1080.0,63.1,0.0,128488.0,104108.0,2.8920313856724293,100.0,2199.865,2.39,1663.0,4160.0,130.4,0.1,202872.0,185072.0,0.956,200.0,2200.0,1.03,16760.5,4200.0,2610.0,0.3,514828.0,477272.0,1.819089108910891,300.0,2199.865,1.8733333333333333,6079.0,2120.0,617.0,0.0,130340.0,108072.0,2.7228575941390587,93.8,2199.865,2.32,1749.0,5000.0,153.2,0.1,202872.0,184812.0,0.928,200.0,2199.9325,1.09,10058.0,4640.0,1506.7,0.3,451376.0,415420.0,1.747598368206343,300.0,2199.955,1.9533333333333331,481.33333333333326,680.0,125.7,0.0,127692.0,103732.0,2.8264767676416636,5.372866732452753,5.510955391115545,5.336126541721723,5.697980410181287,5.581340031820734,5.658223839770763,5.6662111062963065,5.451556889508552,5.398229183773105,5.555801304559496,5.251736980810425,5.747301976295879,5.187473944099615
100.0,2200.0,2.43,711.0,7120.0,43.4,0.1,203652.0,186128.0,0.9798387096774194,200.0,2200.0,0.95,21453.0,1040.0,3008.6,0.5,661376.0,626384.0,1.691375968992248,293.8,2199.91,1.6900000000000002,16836.333333333332,1760.0,3145.7,0.2,261100.0,237128.0,2.078229542340704,100.0,2199.865,2.4,744.0,5960.0,48.3,0.1,203652.0,186132.0,0.9677419354838708,200.0,2199.9325,0.99,18036.5,3120.0,2333.0,0.5,650052.0,614820.0,1.69599395313681,300.0,2199.955,1.7699999999999998,15017.0,2800.0,3346.8,0.2,268604.0,244120.0,2.187326818748733,100.0,2199.865,2.42,625.0,4120.0,45.7,0.1,203652.0,186128.0,0.9758064516129032,200.0,2199.9325,1.02,17593.5,3280.0,2355.6,0.5,670844.0,636040.0,1.810562015503876,300.0,2199.91,1.7633333333333334,14688.333333333336,2400.0,2331.4,0.2,276980.0,254520.0,2.1792314592382787,100.0,2199.865,2.41,915.0,3800.0,73.6,0.1,203652.0,186132.0,0.9717741935483872,200.0,2199.865,1.065,16418.0,7600.0,2603.8,0.5,661356.0,626440.0,1.8266817838246407,293.8,2200.0,1.7633333333333334,15419.666666666664,2480.0,3160.0,0.2,267900.0,244008.0,2.177892856484582,5.158646135440758,5.4857598056862225,5.155832225590541,5.253391025820403,5.2065426945647415,5.133681646060476,5.147929399557755,5.6515781216522,5.132024639152736,5.098093691049313,5.124087872756193,5.010322283187816,4.817884825498969
100.0,2199.865,2.46,902.0,7520.0,55.2,0.1,204068.0,187184.0,0.9840000000000001,200.0,2199.9325,0.98,24105.5,2320.0,3607.0,0.6,793540.0,758040.0,1.7250207125103565,300.0,2199.865,1.81,16038.333333333336,2200.0,2943.100000000001,0.2,324080.0,300060.0,2.3456278209799337,100.0,2199.865,2.49,843.0,6000.0,45.1,0.1,204068.0,187188.0,0.996,200.0,2200.0,0.92,14920.0,2360.0,1510.4,0.5,741180.0,704972.0,1.508136094674556,300.0,2200.0,1.913333333333333,22935.33333333333,2720.0,3302.6,0.2,339816.0,315500.0,2.5235774363037944,100.0,2200.0,2.5,811.0,3760.0,57.9,0.1,204068.0,187184.0,1.0,200.0,2199.865,0.81,27011.5,3280.0,3951.5,0.6,857160.0,821884.0,1.504473902236951,287.5,2199.91,1.883333333333333,23365.33333333333,1920.0,2875.3,0.2,341532.0,319200.0,2.4678851746256165,93.8,2199.865,2.43,871.0,2240.0,77.3,0.1,204068.0,186924.0,0.972,200.0,2199.865,1.03,24560.0,4240.0,3637.2,0.6,841328.0,805884.0,1.6546530392684242,300.0,2200.0,1.91,21874.33333333333,2720.0,4343.0,0.2,339256.0,315388.0,2.5196740287283546,4.7773339778699775,4.982335621047585,4.776718506894526,4.900738293468901,4.919658758593238,4.687544182350387,4.760846174162044,5.150020329912916,4.667412004920073,4.731508964962012,5.288557090268776,5.214488170438858,4.791503445021681
100.0,2199.865,2.37,487.0,6040.0,50.7,0.1,119752.0,117800.0,0.99163179916318,100.0,2199.865,0.7999999999999999,4857.5,1440.0,470.4,0.5,794572.0,595956.0,1.511290322580645,300.0,2200.0,2.143333333333333,2012.666666666667,1040.0,246.6,0.0,67824.0,46648.0,2.820715009996323,100.0,2199.865,2.38,606.0,6200.0,85.6,0.1,119748.0,117800.0,0.99581589958159,106.7,2199.9325,0.815,4901.0,840.0,534.3000000000002,0.5,794648.0,596040.0,1.5648617511520737,300.0,2199.91,2.2366666666666664,915.0,2680.0,254.5,0.0,67824.0,44232.0,2.9494449598998065,100.0,2199.865,2.35,618.0,6120.0,59.8,0.1,119752.0,117800.0,0.9832635983263598,100.0,2199.9325,0.855,5373.5,1480.0,585.0,0.5,794680.0,596088.0,1.6278801843317972,300.0,2199.955,2.216666666666667,1102.0,1680.0,368.6,0.0,67824.0,44460.0,2.924099756411435,100.0,2200.0,2.3,868.0,5200.0,57.4,0.1,119752.0,117536.0,0.9623430962343096,100.0,2199.9325,0.88,4802.5,2120.0,671.4,0.5,794560.0,595940.0,1.6715437788018432,300.0,2200.0,2.2133333333333334,1079.3333333333333,1720.0,97.2,0.0,67824.0,46708.0,2.9163317802647297,5.530721314679866,5.971910797520852,5.656425770511997,5.933173334398596,5.842491929770321,5.580951528780578,5.580828829306577,5.495854479056843,5.5660877864069365,5.536067896366784,5.503159297378756,5.5599977944124035,5.243550495858801
100.0,2199.865,2.41,438.0,6320.0,38.5,0.1,121096.0,118856.0,0.9958677685950414,100.0,2200.0,0.835,5258.0,640.0,641.1999999999998,0.5,795220.0,596480.0,1.5810526315789477,300.0,2199.91,2.1500000000000004,2014.666666666667,1240.0,233.3,0.0,67824.0,46648.0,2.931801780368366,100.0,2199.865,2.42,604.0,7720.0,73.7,0.1,121092.0,118856.0,1.0,100.0,2200.0,0.86,5188.0,840.0,619.1,0.5,795296.0,596560.0,1.6796491228070174,293.8,2199.91,2.223333333333333,881.3333333333335,1960.0,249.2,0.0,94260.0,70712.0,3.0315618866353415,100.0,2199.865,2.4,611.0,6400.0,64.9,0.1,121096.0,118856.0,0.9917355371900828,93.8,2199.9325,0.85,4464.0,880.0,434.8,0.5,796864.0,597900.0,1.644561403508772,293.3,2199.91,2.21,1163.0,1640.0,368.1,0.0,91348.0,68144.0,3.017341739526953,100.0,2200.0,2.41,740.0,4960.0,42.7,0.1,120964.0,118856.0,0.9958677685950414,100.0,2200.0,0.89,3831.5,880.0,537.5,0.5,796744.0,597752.0,1.7196491228070174,300.0,2200.0,2.22,1129.6666666666667,1320.0,101.29999999999998,0.0,67824.0,46708.0,3.030998830270227,5.575252672576507,5.594508866940677,5.411147661903616,5.555406868031842,5.44576796139725,5.5635160065884115,5.605354956360277,5.49049323744985,5.566188952135124,5.626237006498103,5.5254441638330976,5.559432734763606,5.293454919040345
100.0,2200.0,2.34,521.0,6360.0,48.2,0.1,121772.0,119648.0,0.9669421487603306,100.0,2200.0,0.7949999999999999,6067.0,1120.0,781.5,0.5,797940.0,599036.0,1.4989723681205755,300.0,2199.955,2.033333333333333,5667.333333333332,2080.0,1002.7,0.1,127436.0,106404.0,2.547557550282841,100.0,2199.865,2.35,547.0,7200.0,83.5,0.1,121768.0,119648.0,0.9710743801652894,100.0,2199.865,0.825,6072.0,1400.0,817.1,0.5,798016.0,599120.0,1.6130395067366978,300.0,2199.91,2.26,5119.0,2560.0,982.1,0.1,140644.0,117176.0,2.7884928896920176,100.0,2199.865,2.35,622.0,5440.0,64.8,0.1,121772.0,119648.0,0.9710743801652894,100.0,2200.0,0.88,4070.5,1400.0,453.2,0.5,798872.0,599864.0,1.654030600593743,300.0,2199.865,2.266666666666667,4827.333333333333,2400.0,1007.9,0.1,138736.0,115304.0,2.8009727569138905,100.0,2200.0,2.33,826.0,5440.0,51.4,0.1,121636.0,119648.0,0.962809917355372,100.0,2200.0,0.93,3435.5,2480.0,461.2,0.5,799600.0,600412.0,1.7414934916647635,300.0,2199.955,2.273333333333333,4693.333333333333,2160.0,840.5,0.1,135168.0,114120.0,2.806877553425519,5.672809683849617,5.657238689564919,5.442528877901356,5.628350591986847,5.5607018588881925,5.7036313539289765,5.524853713610087,5.543207539247144,5.547099159674415,5.6852931798248925,5.585405389823908,5.5676786199859665,5.345518140006716
100.0,2199.865,2.39,585.0,6720.0,52.5,0.1,122324.0,120176.0,1.0042016806722691,100.0,2200.0,0.83,4662.5,1200.0,591.8000000000002,0.5,799612.0,600428.0,1.5896551724137933,300.0,2199.955,2.033333333333333,5667.333333333332,2080.0,1002.7,0.1,127436.0,106404.0,2.552657509483168,100.0,2200.0,2.39,532.0,7360.0,68.0,0.1,122320.0,120176.0,1.0042016806722691,100.0,2199.865,0.85,4578.5,840.0,525.5,0.5,799688.0,600512.0,1.668965517241379,300.0,2199.91,2.26,5119.0,2560.0,982.1,0.1,140644.0,117176.0,2.793660848348348,100.0,2200.0,2.37,676.0,5840.0,61.7,0.1,122324.0,120176.0,0.9957983193277312,100.0,2199.9325,0.855,3941.0,1280.0,381.5,0.5,800964.0,601644.0,1.6551724137931036,300.0,2199.865,2.266666666666667,4827.333333333333,2400.0,1007.9,0.1,138736.0,115304.0,2.806242714754228,100.0,2199.865,2.35,771.0,5320.0,48.8,0.1,122324.0,120176.0,0.9873949579831932,100.0,2200.0,0.9,3866.5,1800.0,536.4000000000002,0.5,800844.0,601496.0,1.727586206896552,300.0,2199.955,2.273333333333333,4693.333333333333,2160.0,840.5,0.1,135168.0,114120.0,2.812113511537854,5.416188784508451,5.6674827125741745,5.52765940337822,5.697765941656347,5.5381367647985495,5.407330998948996,5.715125853320988,5.697844525462824,5.745865746532277,5.7265809616801215,5.715015678572043,5.671541800319773,5.553937127986329
100.0,2200.0,1.18,1874.0,11400.0,222.3,0.1,111052.0,89728.0,0.9833333333333332,200.0,2200.0,1.81,12493.5,2400.0,10664.1,0.5,642568.0,620896.0,3.02622754491018,293.8,2199.955,0.9366666666666666,13602.666666666664,1640.0,3300.1,0.0,111940.0,87360.0,1.9256779231532442,100.0,2199.865,1.17,2194.0,14120.0,502.3,0.1,111052.0,87792.0,0.975,200.0,2199.9325,1.785,13443.5,3880.0,11729.4,0.8,1307724.0,1061564.0,2.9722155688622762,300.0,2199.91,1.1033333333333333,10648.666666666666,2760.0,1934.3,0.0,117936.0,93432.0,2.262640884530004,100.0,2199.865,1.17,2636.0,13600.0,369.9,0.1,111036.0,89576.0,0.975,200.0,2199.9325,1.9,12748.5,3840.0,8859.4,0.4,600792.0,548476.0,3.1821556886227538,293.8,2199.91,1.1166666666666667,10569.666666666666,2440.0,1383.9,0.0,119392.0,94748.0,2.2931590255323098,100.0,2199.865,1.16,3132.0,11320.0,735.8,0.1,111052.0,88460.0,0.9666666666666668,200.0,2200.0,1.935,13079.0,1960.0,8991.699999999999,1.0,1307724.0,1286596.0,3.240119760479042,300.0,2199.955,1.0666666666666669,11602.666666666664,2720.0,2671.8,0.1,132236.0,107688.0,2.1281741439404165,4.972293424558766,4.980642369924554,4.984312534595642,5.009167186721742,4.995734662981615,5.0512222875318695,4.979984950816831,4.973483717191699,4.901467593669119,4.878249862569171,4.910543293420331,4.695903115069017,5.332466225652229
100.0,2199.865,1.16,2117.0,12360.0,236.3,0.1,111252.0,89780.0,0.9747899159663864,200.0,2200.0,1.18,52108.5,2800.0,19580.3,1.0,1307724.0,1286532.0,1.6720768988339112,300.0,2199.955,0.8966666666666666,13980.0,1360.0,3452.6,0.1,124664.0,100032.0,1.794805370060644,100.0,2199.865,1.15,2406.0,13600.0,465.7,0.1,111244.0,88104.0,0.9663865546218487,200.0,2200.0,1.18,50417.5,2000.0,19156.3,1.0,1307724.0,1286736.0,1.6720768988339112,300.0,2199.955,1.0466666666666666,11229.333333333336,2920.0,2181.3,0.1,131308.0,106632.0,2.0830644622646783,100.0,2200.0,1.14,2863.0,14600.0,394.2,0.1,111228.0,89628.0,0.9579831932773109,200.0,2199.9325,1.225,51865.0,3920.0,18592.3,1.0,1307724.0,1286536.0,1.7426725496375668,300.0,2199.955,1.08,11027.666666666664,2840.0,1840.2,0.1,132236.0,107684.0,2.152708202987093,100.0,2199.865,1.14,3050.0,9920.0,615.0,0.1,111244.0,88772.0,0.9579831932773109,200.0,2199.9325,1.24,51193.5,3840.0,19472.2,1.0,1307724.0,1286596.0,1.7662044332387858,300.0,2199.91,1.0366666666666666,11835.0,2400.0,2809.1,0.1,142712.0,118248.0,1.9773425929632151,4.818108686823977,4.817665727086203,4.779686499419106,4.80037892144269,4.768253749012708,4.834040186188419,4.7893773604002865,4.809874990014669,4.728818492509048,4.6923119381832015,4.669311396808324,4.66240624182648,5.008429717041199
100.0,2199.865,1.15,2722.0,14920.0,341.5,0.1,111372.0,89860.0,0.9504132231404958,200.0,2199.9325,1.18,49406.5,1520.0,19362.0,1.0,1307724.0,1286532.0,1.6649830773236136,293.8,2199.955,0.93,13691.666666666664,1800.0,3233.4,0.1,135416.0,110856.0,1.7815734699595724,100.0,2200.0,1.14,2965.0,10520.0,485.6,0.1,111372.0,88184.0,0.9421487603305784,200.0,2199.9325,1.185,50202.0,3160.0,19490.6,1.0,1307724.0,1286736.0,1.6736787294975266,300.0,2199.955,1.0599999999999998,11464.0,2760.0,2362.8,0.1,142044.0,117456.0,2.022026978345275,100.0,2200.0,1.13,3675.0,12480.0,433.5,0.1,111372.0,89708.0,0.9338842975206609,193.8,2200.0,1.205,50650.5,3760.0,18582.3,1.0,1307724.0,1286536.0,1.7030460817495443,300.0,2200.0,1.0533333333333337,11375.0,2280.0,2090.3,0.1,142844.0,118244.0,2.0077412640595607,100.0,2200.0,1.13,3937.0,11480.0,617.7,0.1,111372.0,88852.0,0.9338842975206609,200.0,2200.0,1.22,49916.5,6560.0,19030.5,1.0,1307724.0,1286596.0,1.7237177818276492,300.0,2199.955,1.07,11636.0,2720.0,2738.8,0.1,152400.0,127752.0,2.1141415936192054,4.638534642835724,4.673542352764287,4.681917544903888,4.6573534215479615,4.620927148938631,4.6296036647992835,4.561310423846568,4.5767818967910765,4.532261250656755,4.460008435520321,4.481112251398044,4.493929264339715,4.4941871780668095
93.8,2199.865,1.35,4455.0,13720.0,496.5,0.1,111484.0,89884.0,0.9507042253521129,200.0,2199.865,1.185,49919.5,3080.0,19500.800000000007,1.0,1307724.0,1286532.0,1.6808488286584726,293.8,2199.955,0.9133333333333334,14056.666666666664,1760.0,3471.8,0.1,144840.0,120096.0,1.8035122009002609,93.8,2200.0,1.33,5383.0,17040.0,763.5,0.1,111484.0,88208.0,0.9366197183098592,200.0,2199.9325,1.17,49341.5,1720.0,19314.3,1.0,1307724.0,1286736.0,1.6573169450572542,293.3,2200.0,1.0733333333333337,11323.0,2520.0,2376.0,0.1,151868.0,127224.0,2.119873516017795,100.0,2199.865,1.31,6258.0,11760.0,530.0,0.1,111468.0,89732.0,0.9225352112676056,200.0,2199.865,1.215,49957.5,5280.0,18459.4,1.0,1307724.0,1286536.0,1.7279125958609098,300.0,2199.91,1.0733333333333333,11356.0,2520.0,1976.1,0.1,152400.0,127748.0,2.1185836689568034,93.3,2200.0,1.3,7395.0,11400.0,895.5,0.1,111468.0,88876.0,0.9154929577464791,193.8,2200.0,1.225,49989.0,5840.0,19019.8,1.0,1307724.0,1286596.0,1.739888643765101,300.0,2199.955,1.0733333333333333,11631.0,2440.0,2728.9,0.1,161008.0,136564.0,2.08721574854584,4.9184974139981525,4.911170959635354,4.927483085769088,4.8951891045087566,4.870515273727556,4.915749179396384,4.851257924152023,4.872095845669748,4.8117768649484685,4.724040269174499,4.685616623854302,4.5089430922904965,4.578013489847058
100.0,2199.865,1.21,3462.0,14440.0,431.0,0.1,111588.0,89900.0,1.0083333333333333,200.0,2200.0,1.175,50474.0,2320.0,19604.1,1.0,1307724.0,1286532.0,1.6520235391286393,300.0,2199.955,0.9133333333333334,13894.0,2240.0,3339.0,0.1,153576.0,128908.0,1.7729533787863487,100.0,2199.865,1.22,4009.0,11400.0,642.6,0.1,111588.0,88224.0,1.0166666666666666,200.0,2199.9325,1.1949999999999998,50008.5,3120.0,19631.8,1.0,1307724.0,1286736.0,1.6865062977493293,300.0,2199.865,1.07,11390.666666666664,2240.0,2546.0,0.1,160612.0,136036.0,2.076945845303606,100.0,2199.865,1.23,4772.0,15120.0,523.6,0.1,111576.0,89804.0,1.025,200.0,2199.9325,1.205,49372.5,5120.0,18230.9,1.0,1307724.0,1286536.0,1.6932170142473677,300.0,2199.865,1.086666666666667,11323.333333333336,2560.0,1869.2,0.1,161148.0,136560.0,2.111956879083949,93.8,2200.0,1.26,5812.0,11000.0,805.3,0.1,111580.0,88892.0,1.05,200.0,2199.9325,1.25,50412.0,6920.0,19263.5,1.0,1307724.0,1286596.0,1.768170555440843,300.0,2199.91,1.0733333333333337,11621.333333333336,2200.0,2628.6,0.1,168800.0,144220.0,2.1084872914933888,4.788078405166409,4.797825419649612,4.768991363858026,4.834053065197997,4.7533445234492895,4.8235111696758635,4.868200828167313,4.871391094960912,4.8126457633834585,4.8000498987584574,4.772944428471168,4.4960262605975965,4.371241749523044
100.0,2200.0,1.17,2152.0,12400.0,329.2,0.1,111916.0,89924.0,0.9669421487603306,200.0,2199.865,1.17,49491.5,1400.0,19344.1,1.0,1307724.0,1286532.0,1.6452380952380952,300.0,2199.91,0.9266666666666667,13828.666666666664,1640.0,3369.4,0.1,161676.0,137092.0,1.8241695209778224,100.0,2199.865,1.16,2572.0,11680.0,621.4,0.1,111892.0,88244.0,0.9586776859504132,200.0,2200.0,1.18,50079.0,2280.0,19497.5,1.0,1307724.0,1286736.0,1.659886128364389,300.0,2199.955,1.0666666666666669,11487.0,2120.0,2548.4,0.1,168532.0,143956.0,2.0902644522014757,100.0,2199.865,1.15,3322.0,13600.0,472.1,0.1,111852.0,89768.0,0.9504132231404958,187.6,2200.0,1.205,50524.5,3360.0,18119.5,1.0,1307724.0,1286536.0,1.6951345755693583,300.0,2200.0,1.08,11416.666666666664,2400.0,1869.1,0.1,168932.0,144480.0,2.1184664653913408,100.0,2200.0,1.15,3585.0,10280.0,703.9,0.1,111868.0,88912.0,0.9504132231404958,193.8,2200.0,1.24,52246.5,3880.0,19220.1,1.0,1307724.0,1286596.0,1.7477743271221533,300.0,2199.955,1.0533333333333337,11809.333333333336,3240.0,2665.5,0.1,176092.0,151612.0,2.0340066217639348,4.845686334772888,4.899435378214041,4.872444368014077,4.943542788507128,4.871010315289128,4.9021155220648005,4.87267864349044,4.851658870908945,4.808795383908741,4.875616121201271,4.8528530151705285,4.6625625962150234,4.319531360526939
100.0,2200.0,1.15,2447.0,13920.0,326.0,0.1,112152.0,90032.0,0.9745762711864406,193.8,2199.9325,1.175,50816.5,3240.0,19628.9,1.0,1307724.0,1286532.0,1.683075933075933,300.0,2199.955,0.9266666666666667,13735.333333333336,1120.0,3174.3,0.1,169064.0,144484.0,1.7962021726918802,100.0,2200.0,1.15,2831.0,14080.0,583.4,0.1,112140.0,88276.0,0.9745762711864406,200.0,2199.9325,1.175,49664.0,3120.0,19395.0,1.0,1307724.0,1286736.0,1.683075933075933,300.0,2199.865,1.03,11644.333333333336,2240.0,2556.0,0.1,175960.0,151348.0,1.9824606596004213,100.0,2199.865,1.14,3182.0,13280.0,468.0,0.1,112116.0,89800.0,0.9661016949152542,200.0,2200.0,1.2,50816.5,3240.0,18645.8,1.0,1307724.0,1286536.0,1.718951093951094,293.8,2199.91,1.0666666666666669,11578.333333333336,2480.0,2064.0,0.1,176628.0,152136.0,2.059925448332816,100.0,2199.865,1.14,3134.0,12080.0,677.6,0.1,112116.0,88944.0,0.9661016949152542,200.0,2200.0,1.235,51063.0,4600.0,19423.2,1.0,1307724.0,1286596.0,1.7728442728442726,300.0,2199.91,1.07,11737.333333333336,2680.0,2676.4,0.1,183272.0,158740.0,2.0764074705935176,4.615838838899276,4.644799993510484,4.585555543111245,4.691769609478875,4.622527831347135,4.605434839383684,4.70225093543785,4.657841712182472,4.591540199402087,4.548054067026935,4.502686531702264,4.61095772220754,4.337714240137238
100.0,2199.865,1.23,5712.0,18040.0,602.1,0.1,112788.0,90084.0,0.924812030075188,200.0,2200.0,1.18,49878.5,3200.0,19498.7,1.0,1307724.0,1286532.0,1.6971462480444517,300.0,2200.0,0.95,21936.33333333333,1520.0,4907.0,0.1,220824.0,196228.0,1.9524312541918176,100.0,2199.865,1.24,6420.0,13200.0,869.6,0.1,112780.0,88148.0,0.9323308270676692,200.0,2199.9325,1.175,49750.5,2440.0,19523.3,1.0,1307724.0,1286736.0,1.6881372390354428,300.0,2199.955,1.1133333333333333,18384.0,2400.0,3480.0,0.1,226000.0,201508.0,2.26569416498994,100.0,2200.0,1.2,8448.0,12920.0,802.7,0.1,112772.0,89932.0,0.9022556390977444,200.0,2199.865,1.205,51280.0,2560.0,18498.0,1.0,1307724.0,1286536.0,1.7301073528618438,300.0,2199.955,1.1,17746.333333333332,2520.0,3421.5,0.1,226264.0,201768.0,2.233651911468813,100.0,2199.865,1.21,9111.0,13800.0,1093.0,0.1,112764.0,89076.0,0.9097744360902256,200.0,2200.0,1.215,49353.0,6640.0,19049.9,1.0,1307724.0,1286596.0,1.7451043858229487,293.8,2199.955,1.1233333333333333,17886.666666666668,1800.0,2863.6,0.1,228508.0,203884.0,2.2972515331760257,4.908917746451746,4.856831704754988,4.929264498348365,4.9036827808780545,4.928496526852385,4.921421128727199,4.909810904523875,4.905706229286742,4.836122447526413,4.897838039358497,4.8210359392621305,4.812510472998621,4.679456172319861
100.0,2199.865,1.25,6278.0,13320.0,604.9,0.1,112876.0,90104.0,0.9689922480620154,193.8,2199.9325,1.165,49466.5,2600.0,19367.8,1.0,1307724.0,1286532.0,1.6392857142857142,300.0,2199.865,0.9466666666666668,20842.0,2200.0,4641.9000000000015,0.1,223744.0,199132.0,1.95046384704586,100.0,2199.865,1.25,6842.0,13920.0,878.0,0.1,112860.0,88424.0,0.9689922480620154,193.8,2200.0,1.175,49061.5,2800.0,19289.7,1.0,1307724.0,1286736.0,1.6539337474120084,293.8,2199.955,1.0599999999999998,18602.0,2640.0,3666.8,0.1,228644.0,204148.0,2.164794066911667,100.0,2199.865,1.22,8726.0,15160.0,864.5,0.1,112836.0,89944.0,0.945736434108527,193.8,2200.0,1.205,50034.5,2760.0,18556.7,1.0,1307724.0,1286536.0,1.6978778467908904,300.0,2199.91,1.12,17747.666666666668,2120.0,3483.4,0.1,228908.0,204408.0,2.2900572885717088,100.0,2200.0,1.2,9466.0,13480.0,1129.5,0.1,112828.0,89088.0,0.9302325581395348,200.0,2200.0,1.22,49405.5,5320.0,18926.2,1.0,1307724.0,1286596.0,1.7184782608695652,300.0,2199.955,1.0733333333333337,18245.666666666668,2560.0,3060.4,0.1,231032.0,206524.0,2.2342470377354102,4.886649404311959,4.9722852853004245,4.836249586151235,4.936843652107828,4.837400750537709,4.910322137537966,4.9198294602804085,4.936294937813406,4.864346766907159,4.888934871007339,4.8303386340619126,4.768568651846562,4.5813850217004015
100.0,2200.0,1.21,6051.0,15360.0,637.0,0.1,112948.0,90112.0,0.9307692307692308,200.0,2199.9325,1.165,48961.5,1400.0,19205.300000000007,1.0,1307724.0,1286532.0,1.6374148255213712,300.0,2200.0,0.9566666666666668,21201.666666666668,1480.0,4770.5999999999985,0.1,226528.0,202036.0,2.024401145331378,100.0,2199.865,1.2,7263.0,13760.0,946.5,0.1,112932.0,88436.0,0.923076923076923,200.0,2199.9325,1.175,49629.5,2200.0,19418.8,1.0,1307724.0,1286736.0,1.6520235391286393,300.0,2199.955,1.1,17482.0,3000.0,3281.5000000000005,0.1,231164.0,206524.0,2.2919046953930677,100.0,2200.0,1.19,9161.0,12640.0,815.7,0.1,112924.0,89960.0,0.9153846153846154,200.0,2199.9325,1.225,50086.0,4680.0,18674.8,1.0,1307724.0,1286536.0,1.7303324385711336,300.0,2199.955,1.0533333333333332,17903.666666666668,1680.0,3554.0,0.1,231300.0,206784.0,2.189794445608399,100.0,2199.865,1.19,9692.0,13680.0,1133.7,0.1,112924.0,89104.0,0.9153846153846154,200.0,2200.0,1.225,49334.0,6600.0,18908.0,1.0,1307724.0,1286596.0,1.7250671071649806,300.0,2200.0,1.0633333333333332,17620.333333333332,2680.0,2941.2,0.1,233292.0,208636.0,2.3096026637069924,4.905472492705566,4.847106669186248,4.980701019743224,4.93406129006612,4.985762458810108,4.947214208435391,4.889027338502245,4.876735096499657,4.905699654173118,4.880815028287046,4.8414169601800765,4.883598088005503,4.51642699540796
93.3,2199.865,1.23,5799.0,17200.0,600.8,0.1,113004.0,90132.0,0.946153846153846,200.0,2200.0,1.165,50279.0,2800.0,19532.0,1.0,1307724.0,1286532.0,1.6374148255213712,293.8,2199.955,0.94,21060.666666666668,1440.0,4709.200000000002,0.1,229040.0,204412.0,2.077198668146504,100.0,2199.865,1.23,6406.0,12280.0,806.1,0.1,112980.0,88456.0,0.946153846153846,200.0,2199.865,1.165,48817.0,1440.0,19221.2,1.0,1307724.0,1286736.0,1.6374148255213712,300.0,2199.955,1.1,18455.33333333333,2160.0,3557.4,0.1,233428.0,208900.0,2.4047724750277473,100.0,2200.0,1.2,8653.0,13960.0,762.9,0.1,112980.0,89708.0,0.923076923076923,200.0,2199.9325,1.2,49705.5,3360.0,18441.800000000007,1.0,1307724.0,1286536.0,1.689861655998348,300.0,2199.955,1.0599999999999998,18125.33333333333,1800.0,3615.6,0.1,233560.0,209160.0,2.304470588235294,100.0,2199.865,1.2,9642.0,12680.0,1205.4,0.1,112980.0,89108.0,0.923076923076923,200.0,2199.9325,1.22,49381.0,6360.0,18913.800000000007,1.0,1307724.0,1286596.0,1.7164464175098082,300.0,2199.91,1.0533333333333337,17864.333333333332,3040.0,3067.9,0.1,235548.0,211012.0,2.2489713774597497,4.943500053987248,4.957825294605363,5.072943228398438,4.99245991430009,5.058428972883495,5.071893608347404,4.9773046319068,4.989435490454719,4.9807343526180485,4.965572848056449,4.972660108649767,4.789000169492008,4.799325958025714
100.0,2199.865,1.18,2032.0,15160.0,408.0,0.1,111060.0,89760.0,0.9833333333333332,200.0,2200.0,2.17,6509.5,1120.0,1593.5,0.30000000000000004,388796.0,351852.0,1.8627744118341332,300.0,2199.955,1.59,14223.333333333336,1840.0,3539.2,0.6,925812.0,837764.0,2.3683497498107813,100.0,2199.865,1.18,1980.0,13720.0,447.1,0.1,111060.0,88060.0,0.9833333333333332,200.0,2200.0,2.19,5825.0,1560.0,1063.9,0.30000000000000004,411984.0,385648.0,1.880989849712802,293.3,2200.0,1.6733333333333331,11801.333333333336,2000.0,2931.2000000000007,0.6,923952.0,833384.0,2.5335022285762343,100.0,2200.0,1.17,2967.0,12160.0,462.8,0.1,111052.0,89472.0,0.975,200.0,2200.0,2.185,6501.0,3080.0,1522.9,0.30000000000000004,411996.0,385776.0,1.875403257534031,293.8,2199.955,1.61,13122.666666666664,2720.0,3037.0,0.6,926900.0,838680.0,2.4063781168530824,100.0,2199.865,1.18,3148.0,11040.0,579.8,0.1,111036.0,88056.0,0.9833333333333332,200.0,2200.0,2.185,5989.5,4440.0,1464.6,0.30000000000000004,412000.0,385588.0,1.8774687229522384,300.0,2199.91,1.6033333333333335,13342.666666666664,3360.0,4461.4,0.6,927440.0,836540.0,2.394613047683122,5.2973467377446415,5.140509352418468,5.312099905113648,5.3637276376181,5.437907411469442,5.392079916621045,5.339554842881992,5.444970419008132,5.344382720674479,5.146601553509911,5.3621853290127035,5.641966909526572,5.058437372176178
100.0,2199.865,1.17,2667.0,14520.0,491.2,0.1,111388.0,89888.0,0.9669421487603306,200.0,2199.9325,1.485,6884.5,1920.0,2038.2,0.4,581712.0,557120.0,1.5430963207937165,300.0,2199.91,1.4433333333333334,13492.0,1480.0,2226.3,0.7,984260.0,899036.0,2.411250297755996,100.0,2199.865,1.16,2682.0,10160.0,462.6,0.1,111388.0,88188.0,0.9586776859504132,193.3,2200.0,1.65,18113.5,2720.0,2932.5,0.5,610816.0,586456.0,1.5992145514675489,300.0,2200.0,1.4233333333333331,13011.666666666664,2080.0,2704.2000000000007,0.7,983860.0,894724.0,2.3907548796109133,100.0,2199.865,1.14,3920.0,11160.0,680.7,0.1,111372.0,89864.0,0.9421487603305784,200.0,2200.0,1.705,12010.0,4200.0,3312.4,0.5,618304.0,593924.0,1.645824720959074,293.8,2199.955,1.406666666666667,12841.666666666664,2520.0,2443.4,0.7,984528.0,899424.0,2.3451786009820927,100.0,2199.865,1.14,4221.0,11880.0,702.0,0.1,111372.0,88188.0,0.9421487603305784,200.0,2200.0,1.71,11847.5,4760.0,2496.3,0.5,618540.0,594588.0,1.6500620090946674,300.0,2199.91,1.46,13076.0,3160.0,4159.8,0.7,986116.0,898604.0,2.4454726260596047,5.2131718320911915,5.005259240926528,4.987979620333522,4.194970508313322,4.2090347766138265,4.426443570355787,4.3877322112530885,4.199274014671147,4.351963113164207,5.020481732751927,4.311659624549417,4.783251857276575,4.984182234820628
100.0,2200.0,1.37,5242.0,14360.0,742.0,0.1,111492.0,89912.0,0.9647887323943664,200.0,2199.9325,1.235,16872.5,1520.0,3783.6,0.5,624548.0,599788.0,1.3742821985233795,300.0,2200.0,1.4933333333333334,19284.0,1760.0,3469.100000000001,0.7999999999999999,1042772.0,960216.0,1.9857470838419171,93.8,2200.0,1.35,5271.0,14600.0,701.2,0.1,111484.0,88212.0,0.9507042253521129,200.0,2199.9325,1.48,26538.5,3320.0,4550.1,0.5,644884.0,621152.0,1.6442634477909293,300.0,2199.955,1.5266666666666666,17345.333333333332,2480.0,3638.2,0.7999999999999999,1044812.0,958280.0,2.0357377944875177,100.0,2199.865,1.34,7103.0,12680.0,1140.8,0.1,111468.0,89888.0,0.943661971830986,200.0,2200.0,1.625,27016.0,3560.0,4953.2,0.5,644896.0,621168.0,1.7631255127153405,300.0,2200.0,1.4966666666666668,17230.333333333332,2560.0,3040.6,0.7999999999999999,1043288.0,960868.0,1.9782099713728067,100.0,2199.865,1.3,8576.0,14160.0,1019.2,0.1,111468.0,88212.0,0.9154929577464791,200.0,2199.9325,1.795,19713.0,8040.0,3860.4,0.5,644900.0,621040.0,1.9489042540724248,300.0,2200.0,1.5366666666666664,17623.333333333332,2600.0,4878.9,0.7999999999999999,1045412.0,958532.0,2.051607857395425,4.900554749955568,5.2429073478656605,5.318315750802438,5.179042480094409,5.168356812143121,4.769592836436916,4.73993283516541,5.042030679579939,4.619128041322671,4.627915577812667,4.493280578823193,4.2726442347848055,4.391751591572686
100.0,2199.865,1.21,3404.0,14040.0,573.4,0.1,111604.0,89928.0,1.0083333333333333,200.0,2199.9325,1.805,2721.0,1440.0,524.3,0.5,636420.0,611668.0,2.2211035184646697,300.0,2199.91,1.4833333333333334,18167.666666666668,2120.0,3307.0,0.7,979152.0,897128.0,2.5706214015482,100.0,2199.865,1.22,3761.0,12400.0,620.1,0.1,111604.0,88228.0,1.0166666666666666,200.0,2200.0,1.73,16003.5,2360.0,2582.3,0.5,634468.0,611032.0,2.1150407095085777,300.0,2200.0,1.356666666666667,16160.333333333336,2800.0,3343.5,0.7,979016.0,893080.0,2.361858994879366,100.0,2199.865,1.23,4882.0,13960.0,791.5,0.1,111580.0,89904.0,1.025,200.0,2200.0,1.69,12525.0,3680.0,2225.5,0.5,635060.0,611048.0,2.047651933701657,300.0,2199.955,1.3333333333333333,16516.333333333332,2040.0,3229.5000000000005,0.7,978352.0,896724.0,2.3139576096676504,100.0,2199.865,1.24,6207.0,15040.0,881.7,0.1,111580.0,88228.0,1.0333333333333334,200.0,2200.0,1.525,12746.5,4320.0,2243.3,0.5,635064.0,610920.0,1.8358170979936028,300.0,2199.955,1.403333333333333,17115.666666666668,2840.0,4790.4,0.7,981152.0,895180.0,2.4373767388376075,5.316892738102624,4.978400375325854,5.079406883259435,4.784473392852961,4.51037889824233,4.871796963002618,4.845679735782429,4.8519004653507185,4.7648996085565845,5.212543150698192,4.6877650999603535,5.378913110033623,4.9967066492747945
100.0,2199.865,1.18,2316.0,14200.0,472.9,0.1,111940.0,89960.0,0.975206611570248,200.0,2199.9325,1.3,10773.0,2920.0,2342.0,0.5,644896.0,621100.0,1.386613717216845,300.0,2200.0,1.4333333333333331,13907.333333333336,1200.0,2366.3,0.7,988668.0,907424.0,2.1116969895462727,100.0,2199.865,1.17,2423.0,15280.0,531.4,0.1,111924.0,88260.0,0.9669421487603306,200.0,2200.0,1.725,5521.0,2160.0,987.2,0.5,635048.0,611032.0,1.7313642756680734,300.0,2199.955,1.4466666666666663,13445.666666666664,3680.0,2572.5,0.7,988796.0,905420.0,2.1320662111353976,100.0,2200.0,1.17,3139.0,10800.0,481.8,0.1,111892.0,89924.0,0.9669421487603306,193.8,2199.9325,1.835,3845.0,4120.0,1437.6,0.5,635060.0,611048.0,1.854306279473815,300.0,2199.91,1.413333333333333,13147.0,2680.0,2399.600000000001,0.7,988128.0,909064.0,2.0701340840871723,100.0,2199.865,1.15,4024.0,13600.0,677.0,0.1,111852.0,88248.0,0.9504132231404958,200.0,2199.9325,1.855,2422.5,4520.0,272.4,0.5,634484.0,610920.0,1.880450070323488,300.0,2199.955,1.4400000000000002,13844.333333333336,2560.0,3625.8,0.7,990532.0,905212.0,2.1239669281965794,5.021424751137724,4.876484397958504,4.9714892627672524,5.050946812115735,5.378805227234727,4.950985965537562,4.832341080496541,4.897769483246642,4.8452381184047555,5.0009610986341135,4.868291019820977,4.55930966697696,4.691223405497211
100.0,2200.0,1.28,5522.0,16640.0,725.6,0.1,112276.0,90000.0,0.948148148148148,193.8,2199.9325,1.305,5316.0,1800.0,1099.2,0.5,635640.0,610912.0,1.4897435897435898,300.0,2199.955,1.4166666666666667,13973.0,2440.0,2283.7000000000007,0.7,1005536.0,925112.0,2.0945375075809856,100.0,2200.0,1.24,5561.0,14040.0,771.7,0.1,112276.0,88300.0,0.9185185185185184,200.0,2199.9325,1.05,12818.0,2720.0,2723.2,0.8,1102112.0,1077892.0,1.2333333333333334,293.3,2199.955,1.4066666666666665,13084.0,2520.0,2390.8,0.7,1005932.0,923900.0,2.089340611079741,100.0,2199.865,1.21,6544.0,16200.0,923.4,0.1,112252.0,89976.0,0.8962962962962963,200.0,2199.865,1.24,10813.5,4200.0,1627.9,0.8,1102772.0,1078412.0,1.4307692307692306,300.0,2199.955,1.403333333333333,13244.0,2440.0,2419.9,0.7,1004204.0,925432.0,2.0650849418965356,93.3,2200.0,1.15,6462.0,12280.0,892.7,0.1,112252.0,88300.0,0.8518518518518517,200.0,2199.9325,1.415,7867.5,5360.0,1425.4,0.8,1104312.0,1079592.0,1.6166666666666667,287.1,2199.955,1.4466666666666663,13444.666666666664,2320.0,3518.5,0.7,1007528.0,925472.0,2.1459731894514498,4.681859176786713,4.851754706564033,4.435870946015873,4.9009584931137855,4.904781935657558,5.008546147827569,4.9234698951042555,4.994914405568374,4.94592638670397,4.6987389422172035,4.8343424455590736,4.543030559922066,4.7483707918490525
100.0,2199.865,1.26,6141.0,13600.0,716.7,0.1,112732.0,90112.0,0.9618320610687022,200.0,2199.9325,1.025,13345.5,1960.0,1663.3,0.8,1113408.0,1087628.0,1.3242005329780149,300.0,2200.0,1.4866666666666666,21686.0,1800.0,3714.7,0.7,1048000.0,969728.0,2.350714001251636,100.0,2200.0,1.26,6998.0,14120.0,881.3,0.1,112732.0,88412.0,0.9618320610687022,200.0,2199.865,0.915,13704.5,2760.0,3088.7,0.5,651032.0,622896.0,1.1879580279813458,300.0,2199.91,1.5166666666666666,21208.33333333333,2320.0,4420.0999999999985,0.7,1049184.0,970100.0,2.40941998065654,100.0,2199.865,1.23,10291.0,14160.0,1251.5,0.1,112716.0,90072.0,0.9389312977099236,200.0,2199.9325,0.95,9306.5,4040.0,3381.6,0.5,653992.0,627728.0,1.2330113257828117,300.0,2199.955,1.4733333333333334,20102.33333333333,2640.0,3468.8,0.7,1047064.0,970048.0,2.3164504750526254,93.3,2200.0,1.22,10947.0,14600.0,1082.2,0.1,112708.0,88396.0,0.931297709923664,200.0,2200.0,1.56,7623.0,5080.0,1151.1,0.5,650248.0,624540.0,2.0094103930712857,300.0,2200.0,1.5033333333333332,20393.666666666668,3120.0,4050.8,0.7,1049588.0,970616.0,2.374146612049838,5.798385273881759,6.855851723940122,5.618340840481927,5.9779196507887065,5.9270502823240685,5.943942754534459,5.8949658566486365,5.938958333006555,5.880001053476387,5.112554113550352,5.832792614014392,4.421784553745894,4.753091709186412
100.0,2199.865,1.27,5469.0,14400.0,785.3,0.1,112804.0,90124.0,0.9548872180451128,200.0,2199.9325,1.055,13078.5,1640.0,1483.3000000000004,0.8,1115456.0,1089332.0,2.800296256396445,300.0,2199.865,1.2633333333333334,23815.33333333333,2080.0,4424.2,0.7,1086544.0,1008628.0,1.9660399646958784,93.3,2200.0,1.23,6683.0,12840.0,899.3,0.1,112788.0,88424.0,0.924812030075188,200.0,2200.0,0.8500000000000001,15161.5,2520.0,3932.9,0.5,653388.0,624808.0,2.0325882036089418,300.0,2199.955,1.1866666666666668,23945.66666666667,2120.0,5309.299999999998,0.7999999999999999,1107668.0,1029064.0,1.887434477488241,100.0,2200.0,1.24,8454.0,14760.0,1193.5,0.1,112788.0,90088.0,0.9323308270676692,200.0,2199.9325,1.715,5757.5,3640.0,812.5,0.5,652428.0,625924.0,5.2949097764610835,300.0,2199.955,1.1900000000000002,23202.66666666667,2080.0,4197.1,0.7999999999999999,1104628.0,1027692.0,1.872068304864004,100.0,2199.865,1.21,10024.0,12800.0,1108.9,0.1,112772.0,88412.0,0.9097744360902256,200.0,2199.9325,1.37,10357.5,5440.0,2035.6,0.5,669624.0,643012.0,3.6773498518718015,300.0,2199.955,1.2066666666666668,23134.66666666667,1800.0,4947.1,0.7999999999999999,1106880.0,1028260.0,1.9038352868998032,7.189905642457084,4.69670876154078,6.979369446890223,5.490968149631098,4.386056270436933,4.420790276480039,4.91498942852947,4.398091616192531,4.421489846844062,4.717667913426888,4.447536559399588,4.608081726699599,4.369935037537975
100.0,2199.865,1.25,6369.0,14480.0,787.9,0.1,112972.0,90144.0,0.9615384615384616,200.0,2200.0,1.095,13120.5,1800.0,1772.6,0.8,1120332.0,1093468.0,1.2159840908435888,300.0,2199.955,1.1666666666666667,23208.66666666667,1800.0,4567.9,0.7,1050152.0,973100.0,2.2550581434428985,100.0,2199.865,1.23,6639.0,13240.0,881.0,0.1,112956.0,88440.0,0.946153846153846,200.0,2199.865,1.435,12812.0,2560.0,1844.5,0.5,670368.0,642976.0,1.527365478283425,300.0,2199.91,1.1166666666666665,21772.0,2640.0,4556.1,0.7,1192148.0,969540.0,2.173035558244269,100.0,2199.865,1.21,8761.0,12280.0,1123.6,0.1,112948.0,90116.0,0.9307692307692308,193.8,2199.9325,0.69,40641.5,3240.0,5251.8,0.5,672072.0,644632.0,0.8420900942444591,293.3,2199.955,1.0733333333333333,19747.0,2200.0,3527.9,0.7,1190280.0,967356.0,2.085445094217024,100.0,2199.865,1.18,11017.0,12800.0,1178.4,0.1,112924.0,88440.0,0.9076923076923076,200.0,2200.0,0.74,40007.0,4880.0,5065.7,0.5,675512.0,647292.0,0.9057843617603828,300.0,2199.865,1.12,22410.33333333333,2280.0,4958.8,0.7,1192284.0,967824.0,2.178558625170845,3.936525086144011,4.052823481260417,3.9148161369448014,3.9143034885683647,3.870989308348288,4.013624870133368,3.790960706201545,4.520568878117222,4.696457098235217,3.9874898211602345,4.870140724274606,4.948652127689732,4.631309073187028
100.0,2199.865,1.24,106.0,2920.0,10.5,0.1,101136.0,98544.0,0.8857142857142858,200.0,2199.865,1.645,14008.0,2560.0,10598.0,0.8,1149044.0,1135416.0,1.80497987625398,300.0,2200.0,1.7033333333333331,2503.0,1400.0,316.2,0.0,79192.0,59572.0,2.7816961500702786,100.0,2199.865,1.24,109.0,2480.0,9.8,0.1,101268.0,98808.0,0.8857142857142858,200.0,2199.865,1.62,14345.5,2480.0,10161.7,0.8,1149044.0,1135420.0,1.7783084039166217,300.0,2200.0,1.64,919.3333333333335,1640.0,99.29999999999998,0.0,79220.0,59924.0,2.9087123218076063,100.0,2199.865,1.24,112.0,2680.0,10.9,0.1,101268.0,98808.0,0.8857142857142858,193.8,2199.9325,1.72,13873.0,3840.0,8997.5,0.8,1149044.0,1135416.0,1.8866762780080493,300.0,2200.0,1.7933333333333332,1010.3333333333335,2080.0,98.4,0.0,79192.0,59580.0,2.9407967080199207,100.0,2199.865,1.24,113.0,2720.0,13.0,0.1,101268.0,98808.0,0.8857142857142858,200.0,2199.9325,1.755,13952.5,5040.0,7984.6,0.8,1149044.0,1135416.0,1.924731182795699,300.0,2199.955,1.7999999999999998,951.0,2040.0,805.3,0.0,79192.0,59580.0,2.950430128578937,5.775654270969776,5.772177452824471,5.749501619854543,5.751632654177487,5.718660483027638,5.701270627656458,5.810785176354735,5.683295248133925,5.707431583926737,5.940011142339372,5.561761399961474,4.751405742175097,5.922418791856113
100.0,2199.865,0.99,11517.0,12640.0,927.2,0.1,104084.0,101656.0,0.8114754098360656,200.0,2199.865,1.625,14929.5,2440.0,10303.8,0.8,1149048.0,1135416.0,1.8014611087236785,300.0,2199.955,1.6866666666666668,2690.6666666666665,1560.0,599.9000000000002,0.0,80156.0,60672.0,2.7954897365923115,100.0,2200.0,1.0,11318.0,12880.0,832.0,0.1,104084.0,101656.0,0.819672131147541,200.0,2199.865,1.6,15254.5,2560.0,10145.9,0.8,1149044.0,1135420.0,1.7739885812511509,300.0,2200.0,1.7699999999999998,1020.0,2000.0,113.6,0.0,80356.0,60652.0,2.933766682283064,100.0,2199.865,0.98,12294.0,12760.0,674.3,0.1,104084.0,101656.0,0.8032786885245902,200.0,2200.0,1.71,14773.0,3600.0,8742.5,0.8,1149044.0,1135416.0,1.8953281355515992,300.0,2199.91,1.7666666666666666,1111.6666666666667,1720.0,96.1,0.0,80356.0,60844.0,2.943239795918368,100.0,2199.865,0.97,13094.0,8960.0,1047.3,0.1,104084.0,101656.0,0.7950819672131147,200.0,2199.9325,1.74,15027.5,5200.0,7980.7,0.8,1149052.0,1135416.0,1.9285714285714284,300.0,2199.955,1.7699999999999998,1125.0,1720.0,840.3,0.0,80356.0,60844.0,2.951052295918368,5.618351130041024,5.666459422480206,5.722054633334997,5.728349855536448,5.627364041848597,5.6529657193067635,5.664558813900203,5.635976548742117,5.551301154517349,5.588001165469851,5.611175683508384,5.5628630375857755,5.573968002737856
100.0,2199.865,1.05,9488.0,11120.0,744.3,0.1,104564.0,102172.0,0.8823529411764707,200.0,2200.0,1.62,14033.0,2440.0,10628.7,0.8,1149064.0,1135416.0,1.7967397310738624,300.0,2200.0,1.6266666666666667,2782.333333333333,920.0,710.8,0.0,81104.0,61388.0,2.778678047838812,100.0,2200.0,1.02,10376.0,12720.0,771.2,0.1,104564.0,102172.0,0.8571428571428572,200.0,2200.0,1.6,14304.0,2680.0,10205.5,0.8,1149060.0,1135420.0,1.7750353042303677,300.0,2199.91,1.7066666666666668,1091.3333333333333,1520.0,127.5,0.0,81104.0,61460.0,2.9583783483108568,100.0,2199.865,0.99,11416.0,11360.0,623.4,0.1,104564.0,102172.0,0.8319327731092437,200.0,2199.9325,1.705,13776.5,3760.0,8918.0,0.8,1149068.0,1135416.0,1.8904033892061152,300.0,2200.0,1.6733333333333331,998.0,1520.0,91.3,0.0,81104.0,61652.0,2.877874019744791,100.0,2199.865,0.97,12365.0,8840.0,1013.2,0.1,104564.0,102172.0,0.8151260504201681,200.0,2199.9325,1.735,13925.0,5160.0,7966.799999999998,0.8,1149076.0,1135416.0,1.9234972677595628,300.0,2199.955,1.6733333333333331,1058.0,2080.0,840.4000000000002,0.0,81104.0,61652.0,2.8778993991671555,5.6209441021660735,5.586642861376847,5.733646177979328,5.749038730553337,5.735858770216072,5.721755620270084,5.579021248199437,5.6815718257963335,5.567149660788171,5.530733769797026,5.53130562113037,5.463656134003788,5.358512436295747
100.0,2200.0,1.04,9955.0,12280.0,763.1,0.1,104500.0,102192.0,0.8595041322314051,200.0,2200.0,1.61,13941.5,2680.0,10702.2,0.8,1149076.0,1135416.0,1.775959436482876,300.0,2199.955,1.653333333333333,2789.0,760.0,333.2,0.0,81104.0,61648.0,2.6868952887949904,100.0,2199.865,1.03,10052.0,11120.0,709.1,0.1,104500.0,102192.0,0.8512396694214877,200.0,2199.9325,1.585,14235.5,2560.0,10239.7,0.8,1149072.0,1135420.0,1.7487855234393974,300.0,2199.955,1.7433333333333334,942.0,1280.0,101.8,0.0,81444.0,61828.0,2.83844076346644,100.0,2200.0,0.97,11882.0,12040.0,631.3,0.1,104564.0,102172.0,0.8016528925619835,200.0,2199.9325,1.7,13713.5,3800.0,8917.699999999999,0.8,1149068.0,1135416.0,1.8745445712897741,300.0,2200.0,1.8066666666666664,1211.6666666666667,2040.0,161.7,0.0,81104.0,61652.0,2.9351411832567704,100.0,2199.865,0.97,12520.0,11800.0,1067.1,0.1,104564.0,102172.0,0.8016528925619835,200.0,2200.0,1.735,13854.5,5120.0,8073.3,0.8,1149076.0,1135416.0,1.9130434782608696,300.0,2199.955,1.8033333333333332,1362.0,1640.0,1916.4,0.0,81104.0,61652.0,2.9305957287113165,5.639282632966935,5.543013099518523,5.6002301269784285,5.6208556106775465,5.567976529600451,5.546002886611752,5.645759999943232,5.543636472110252,5.628268978036483,5.5892213971972,5.5934149157143365,5.541041856498659,5.600722214291059
100.0,2200.0,0.97,12207.0,11960.0,927.6,0.1,104500.0,102192.0,0.8016528925619835,193.3,2199.865,1.595,14244.0,2600.0,10637.9,0.8,1149076.0,1135416.0,1.7692638300485048,293.8,2199.91,1.65,2589.6666666666665,440.0,261.0,0.0,81812.0,62332.0,2.8508021390374334,100.0,2199.865,0.98,11640.0,13320.0,863.9,0.1,104500.0,102192.0,0.8099173553719008,193.8,2200.0,1.605,14199.5,2560.0,10318.2,0.8,1149072.0,1135420.0,1.7803462884509118,300.0,2199.91,1.63,1409.333333333333,1760.0,172.0,0.0,82440.0,62536.0,2.7758095792127206,100.0,2199.865,0.99,11556.0,10960.0,630.3,0.1,104500.0,102192.0,0.8181818181818182,200.0,2200.0,1.6949999999999998,13853.0,3840.0,8937.2,0.8,1149068.0,1135416.0,1.8794744274574813,300.0,2200.0,1.7066666666666668,941.6666666666665,1920.0,135.9,0.0,82440.0,62728.0,2.942067736185383,100.0,2199.865,0.96,12945.0,10240.0,1034.7,0.1,104500.0,102192.0,0.7933884297520661,200.0,2199.9325,1.735,13875.5,5120.0,8038.7,0.8,1149076.0,1135416.0,1.923650764413336,300.0,2199.91,1.72,904.0,1760.0,786.1,0.0,82440.0,62724.0,2.9672905525846702,5.7872494936691465,5.850898766561484,5.594227329523776,5.611866879474578,5.563370275424255,5.574643298549327,5.642487264852006,5.564636759903929,5.63426166945438,5.608350147820934,5.537266832230588,5.4727589680838875,5.3759829486521555
100.0,2199.865,1.55,1569.0,8160.0,164.1,0.1,130492.0,125436.0,1.0616438356164384,200.0,2199.865,1.41,6619.0,1960.0,756.0,1.0,1459956.0,1431296.0,1.7444444444444445,300.0,2199.955,1.15,13355.666666666664,2040.0,2890.5,0.1,164652.0,141452.0,2.1077033662140043,100.0,2199.865,1.52,1920.0,5480.0,96.4,0.1,130756.0,125700.0,1.0410958904109588,200.0,2199.9325,1.485,8631.5,2280.0,1452.3,1.1,1485708.0,1456864.0,1.8611111111111112,300.0,2199.91,1.2033333333333334,13127.666666666664,2640.0,2468.0,0.1,167036.0,143828.0,2.193347193347193,100.0,2199.865,1.54,2938.0,5040.0,137.4,0.1,130756.0,125704.0,1.0547945205479452,200.0,2200.0,1.335,18873.0,3600.0,2824.8,1.1,1533692.0,1504768.0,1.6277777777777778,300.0,2199.91,1.1933333333333331,13054.333333333336,3040.0,3021.4,0.1,166244.0,143036.0,2.1779625779625778,100.0,2199.865,1.56,4285.0,5600.0,242.0,0.1,130228.0,125176.0,1.0684931506849316,200.0,2200.0,1.385,18317.0,4760.0,3161.8,1.1,1547908.0,1519256.0,1.5746877054569364,293.8,2199.955,1.2,12967.666666666664,2200.0,2701.2,0.1,167572.0,144356.0,2.1865904365904365,5.101351822780393,4.947135224583384,5.130429094714809,5.033211233211234,4.7706161360007515,4.8754387625208295,4.694561848408002,4.682873109796187,4.653794838679104,4.6327905915818,4.793049014477586,4.778030699459271,4.552808445258
100.0,2200.0,1.46,2307.0,12520.0,244.7,0.1,154204.0,149196.0,0.9864864864864864,200.0,2200.0,1.405,17608.5,1880.0,2222.1,1.1,1560824.0,1532068.0,1.5572910235831583,293.8,2199.91,1.2633333333333334,21048.666666666668,1920.0,3983.5,0.1,199084.0,175876.0,2.37315296879232,100.0,2200.0,1.44,3066.0,12680.0,295.0,0.1,154068.0,148932.0,0.9729729729729728,200.0,2200.0,1.295,17657.0,2120.0,2434.8,1.1,1560800.0,1532064.0,1.4339424620323498,293.8,2199.91,1.3233333333333333,20233.0,2560.0,3510.0,0.1,201204.0,177988.0,2.471219918344418,100.0,2200.0,1.43,3406.0,10640.0,307.7,0.1,154068.0,148936.0,0.9662162162162162,200.0,2200.0,1.345,17465.0,4000.0,2584.9,1.1,1584432.0,1555632.0,1.4896283491789108,293.8,2199.91,1.31,19308.33333333333,2360.0,3981.1,0.1,200544.0,177460.0,2.4386295772434385,100.0,2200.0,1.4,5120.0,10640.0,221.0,0.1,153604.0,148408.0,0.945945945945946,193.8,2200.0,1.76,7549.5,2400.0,1201.1,1.2,1618288.0,1590084.0,2.2390810099317937,300.0,2200.0,1.3099999999999998,20314.666666666668,2320.0,3598.4,0.1,201204.0,177988.0,2.445445912372392,5.059795964909653,4.856864652688455,5.1408598005603885,5.244785386526139,5.211387387686254,5.351476395455493,5.246944449262624,5.407631732709408,5.5344818954907575,5.195610577292394,5.160446803293459,5.049735271786563,4.874560119479355
100.0,2200.0,1.42,3435.0,12840.0,312.6,0.1,157536.0,152628.0,0.9659863945578232,200.0,2199.9325,1.275,19483.5,2360.0,2372.7,1.1,1598544.0,1569824.0,1.551234494036935,300.0,2200.0,1.2533333333333332,21607.666666666668,2080.0,4304.9,0.1,202128.0,179044.0,2.4928676620344987,100.0,2199.865,1.39,4517.0,13560.0,462.3,0.1,157344.0,152364.0,0.9455782312925171,200.0,2200.0,1.29,17692.5,2640.0,2824.0,1.1,1598536.0,1569816.0,1.582306250249292,300.0,2199.955,1.3266666666666669,20425.0,2640.0,3563.4,0.1,204120.0,180892.0,2.6216218333359445,100.0,2199.865,1.38,5082.0,11520.0,338.2,0.1,157344.0,152368.0,0.9387755102040816,200.0,2200.0,1.615,10886.0,1840.0,1825.1,1.2,1610960.0,1582532.0,2.03841091300706,300.0,2200.0,1.3133333333333332,20380.0,2560.0,4218.4,0.1,203584.0,180364.0,2.5976110649809128,100.0,2200.0,1.35,7280.0,10840.0,331.2,0.1,156852.0,151840.0,0.9183673469387756,200.0,2199.865,1.295,12912.5,4840.0,1816.9,1.2,1627312.0,1599060.0,1.6014140897861828,300.0,2199.955,1.33,20855.666666666668,2280.0,3808.2,0.1,204120.0,180892.0,2.627368959772726,5.021095083949028,5.106467276928738,5.2201692748912105,5.233587227020463,5.0453196978395045,5.2902358176828725,5.043530277564006,5.296212127495861,5.528541980186867,5.4142761557371335,5.188585940528586,5.080192653995017,4.986825146167682
100.0,2199.865,1.31,9045.0,16200.0,615.5,0.1,169356.0,164244.0,0.916083916083916,200.0,2200.0,1.3199999999999998,14890.0,2040.0,1910.5,1.2,1635260.0,1606224.0,1.6201973209272478,300.0,2199.91,1.2766666666666666,20849.0,2080.0,3958.1,0.1,212448.0,189340.0,2.4875714187235665,100.0,2199.865,1.27,10842.0,15520.0,1033.0,0.1,168800.0,163716.0,0.8881118881118881,200.0,2199.9325,1.27,13284.5,2720.0,2085.1,1.2,1635104.0,1606280.0,1.5490093847758082,293.3,2199.91,1.2966666666666666,19978.666666666668,2000.0,3470.2,0.1,214308.0,191188.0,2.5178744490265967,100.0,2200.0,1.25,11452.0,13320.0,593.3,0.1,168364.0,163456.0,0.8741258741258742,200.0,2199.9325,1.79,2927.5,4640.0,469.9,1.2,1668836.0,1640680.0,2.293695355739151,293.8,2199.955,1.3,20429.0,1960.0,4228.4,0.1,213908.0,190660.0,2.5293501048218032,100.0,2199.865,1.21,15413.0,11600.0,660.7,0.1,167728.0,162664.0,0.8461538461538461,200.0,2200.0,1.5550000000000002,2064.0,4640.0,484.9,1.2,1712428.0,1685264.0,1.89305986528419,300.0,2199.955,1.3066666666666666,20528.0,3040.0,3872.2,0.1,214308.0,191188.0,2.5374094213917577,5.267738405529343,5.6019057636686655,5.277526326017684,5.240732861941477,5.267056935513895,5.2079025191675985,5.2323523047437375,5.180511595106706,5.153970541678448,5.108883320119111,5.23736738555634,5.182938669110786,4.9485535932711295
100.0,2200.0,0.62,1939.0,5280.0,126.2,0.2,290704.0,286540.0,0.984126984126984,100.0,2199.9325,0.875,6727.5,2080.0,1257.1999999999996,0.2,399604.0,209612.0,1.522898154477102,300.0,2199.91,1.6733333333333336,3437.666666666666,960.0,1523.2,0.7,903748.0,878880.0,2.789534594037149,100.0,2200.0,0.62,2003.0,2840.0,125.2,0.2,290704.0,286540.0,0.984126984126984,100.0,2199.9325,0.87,6501.0,2440.0,1181.3,0.2,399244.0,209420.0,1.4964114832535884,300.0,2199.91,1.7033333333333334,2732.0,2600.0,1341.4,0.7,903748.0,879408.0,2.8401322116777328,100.0,2199.865,0.62,1984.0,6680.0,144.3,0.2,290704.0,286536.0,0.984126984126984,100.0,2200.0,1.155,20.5,0.0,5.1,0.2,414316.0,224384.0,1.933185235816815,300.0,2199.955,1.7166666666666668,2747.333333333333,2800.0,969.8,0.7,903748.0,879672.0,2.8618592194760204,100.0,2199.865,0.62,2289.0,5960.0,251.4,0.2,290704.0,286536.0,0.984126984126984,100.0,2199.865,0.8600000000000001,7228.0,3960.0,1544.6,0.2,416596.0,226720.0,1.543403964456596,293.8,2199.955,1.67,3203.0,4120.0,956.5,0.7,903748.0,879408.0,2.787908743815251,4.6009127987224545,5.388506759746283,5.397347257306037,5.535441282016305,5.3829857616045595,5.248227856003487,5.67306160394698,5.1744195283523515,5.423560479316527,5.338471163787384,5.227571541142188,5.244761981133083,5.6378374728927865
100.0,2199.865,0.62,1469.0,6280.0,116.0,0.2,290704.0,286540.0,0.984126984126984,193.8,2199.865,1.335,12360.0,1760.0,1806.4,0.5,729236.0,696184.0,1.9751453890888948,300.0,2200.0,1.593333333333333,4283.666666666667,1920.0,1791.4,0.7,903748.0,878880.0,2.6744069241997988,100.0,2199.865,0.62,1776.0,5040.0,135.5,0.2,290704.0,286540.0,0.984126984126984,200.0,2199.9325,1.355,12175.0,2600.0,1757.9,0.5,729232.0,696188.0,2.0096233730268622,300.0,2199.955,1.66,2613.0,1760.0,1194.4,0.7,903748.0,879408.0,2.795373674930428,100.0,2199.865,0.62,1659.0,5720.0,115.7,0.2,290704.0,286536.0,0.984126984126984,200.0,2200.0,1.285,14381.5,4200.0,2432.6,0.5,729496.0,696652.0,1.9474522292993628,293.8,2200.0,1.6866666666666668,2781.333333333333,1880.0,973.0,0.7,903748.0,879672.0,2.722956882292606,100.0,2199.865,0.62,1935.0,5560.0,213.0,0.2,290704.0,286536.0,0.984126984126984,200.0,2200.0,1.265,15641.5,6280.0,2997.7,0.5,730428.0,697376.0,1.9399750761561891,300.0,2200.0,1.64,3046.333333333333,2520.0,890.2,0.7,903748.0,879408.0,2.7617621263023087,5.249673713320589,5.367821919621553,5.469924878582709,5.511507152517924,5.314783219880733,5.5015039204558684,5.4845409814341055,5.513150117396183,5.5534556762394365,5.645463606171974,5.5759769293372985,5.518065641169711,5.292263864736938
100.0,2199.865,0.62,1580.0,7560.0,126.3,0.2,290704.0,286540.0,0.984126984126984,200.0,2199.865,0.8899999999999999,15810.0,2000.0,2196.3,0.5,730292.0,697504.0,1.4277419354838707,293.8,2199.91,1.5833333333333333,4814.0,1600.0,1921.8,0.7,903748.0,878880.0,2.5537443352153244,100.0,2199.865,0.62,1951.0,6800.0,161.6,0.2,290704.0,286540.0,0.984126984126984,200.0,2199.865,0.8999999999999999,15606.5,2200.0,2207.6,0.5,730288.0,697508.0,1.4451612903225806,300.0,2200.0,1.6800000000000004,2716.6666666666665,2280.0,1253.0,0.7,903748.0,879408.0,2.7126586238714987,100.0,2200.0,0.62,1782.0,6240.0,131.1,0.2,290704.0,286536.0,0.984126984126984,200.0,2199.865,0.965,14139.5,3560.0,2092.0,0.5,730948.0,697972.0,1.5604301075268818,300.0,2199.865,1.7666666666666666,2803.333333333333,2320.0,1001.9,0.7,903748.0,879672.0,3.076467059025198,100.0,2200.0,0.62,2184.0,6560.0,252.1,0.2,290704.0,286536.0,0.984126984126984,200.0,2199.865,1.01,13337.0,5240.0,2321.1,0.5,731748.0,698696.0,1.6408602150537634,300.0,2199.955,1.653333333333333,3218.666666666666,2520.0,840.3,0.7,903748.0,879408.0,2.6749393754183,5.753181100928494,5.954867671793666,5.407768759681551,5.390729890203943,6.062270148400706,5.401821374128025,5.487133237571569,5.506275130080823,5.474278105117148,5.37861801870051,5.841844245462388,5.868185614590334,5.34729154706885
100.0,2200.0,0.62,1687.0,6400.0,133.8,0.2,290704.0,286540.0,0.984126984126984,200.0,2200.0,0.8600000000000001,16939.0,1960.0,2247.6,0.6000000000000001,743692.0,710352.0,1.4235400361228177,300.0,2199.955,1.61,4332.0,1760.0,1736.3,0.7,903748.0,878880.0,2.6249183698108243,100.0,2199.865,0.62,1954.0,7760.0,167.1,0.2,290704.0,286540.0,0.984126984126984,200.0,2199.9325,0.875,16307.5,2480.0,2185.9,0.6000000000000001,745140.0,711676.0,1.4481487055990367,300.0,2199.91,1.8,3116.666666666666,2680.0,1563.6,0.7,903748.0,879408.0,2.971375585302176,100.0,2200.0,0.62,1851.0,5880.0,131.2,0.2,290704.0,286536.0,0.984126984126984,200.0,2199.9325,0.98,13737.5,3680.0,2050.2000000000007,0.6000000000000001,750584.0,717324.0,1.6156682721252258,300.0,2199.955,1.6566666666666665,2637.6666666666665,2280.0,969.0,0.7,903748.0,879672.0,2.7996552763003906,100.0,2199.865,0.62,2185.0,5960.0,237.7,0.2,290704.0,286536.0,0.984126984126984,200.0,2200.0,0.985,13183.0,4640.0,2163.7,0.6000000000000001,757644.0,724024.0,1.6412552679108972,300.0,2199.865,1.7,3340.0,2280.0,922.1,0.7,903748.0,879408.0,2.7972556479173325,5.2202090926871865,5.534000797871901,5.590567271586053,5.625147774729847,5.5745360507327355,5.590450903564216,5.58842314792796,5.561671913082312,5.666990467725133,5.500055429131884,5.562980288811972,5.60984010558836,5.436072011089925
100.0,2200.0,0.76,4564.0,15440.0,448.8,0.2,290704.0,286540.0,0.95,200.0,2200.0,0.875,17078.5,1960.0,2197.3,0.6000000000000001,768820.0,733856.0,1.3976154564389858,293.8,2199.91,1.596666666666667,4270.333333333333,1520.0,1700.3000000000004,0.7,903748.0,878880.0,2.651389161844452,100.0,2199.865,0.74,6229.0,13120.0,745.4,0.2,290704.0,286540.0,0.925,200.0,2200.0,0.8799999999999999,16874.0,2720.0,2253.8,0.6000000000000001,768816.0,733860.0,1.4086044674279967,300.0,2199.955,1.7033333333333334,2717.6666666666665,1840.0,1356.3000000000004,0.7,903748.0,879408.0,2.840936783491648,100.0,2199.865,0.74,5822.0,12640.0,672.3,0.2,290704.0,286536.0,0.925,200.0,2199.9325,0.92,15078.5,3800.0,2207.8,0.6000000000000001,771664.0,736460.0,1.4920634920634919,300.0,2199.955,1.71,2749.0,3040.0,997.8,0.7,903748.0,879672.0,2.6950482907944875,100.0,2200.0,0.7,8544.0,13320.0,1099.7,0.2,290704.0,286536.0,0.8749999999999999,200.0,2199.9325,1.045,12503.0,5600.0,2058.1,0.6000000000000001,773268.0,737648.0,1.6732744379803202,300.0,2199.955,1.663333333333333,3166.0,2600.0,960.2,0.7,903748.0,879408.0,2.7759839138188305,5.20056676844686,5.188580194355602,5.552207330751816,5.5730839408817925,5.124594960983824,5.5262363956621545,5.517147358515296,5.536577063359347,5.604195051992903,5.493402379461045,5.162543535111992,5.23126468742972,5.368195706265337
100.0,2199.865,0.76,4704.0,14400.0,479.5,0.2,290704.0,286540.0,0.95,200.0,2200.0,0.81,17284.5,2280.0,2336.1,0.6000000000000001,771668.0,736264.0,1.2838548878427027,293.8,2199.955,1.586666666666667,4235.0,1320.0,1710.0,0.7,903748.0,878880.0,2.4940776647007747,100.0,2199.865,0.74,6392.0,12400.0,756.1,0.2,290704.0,286540.0,0.925,193.8,2200.0,0.855,16981.0,2400.0,2357.4,0.6000000000000001,771664.0,736268.0,1.3546801440044307,293.8,2199.955,1.6966666666666663,2717.6666666666665,2240.0,1336.8000000000004,0.7,903748.0,879408.0,2.6772459694752984,100.0,2200.0,0.74,5925.0,13040.0,681.2,0.2,290704.0,286536.0,0.925,200.0,2200.0,0.965,14366.0,4080.0,2140.8,0.6000000000000001,773260.0,737716.0,1.5218083633342565,300.0,2199.955,1.7666666666666666,3086.333333333333,2320.0,1064.4,0.7,903748.0,880200.0,3.080087499180345,100.0,2199.865,0.7,8666.0,12720.0,1103.0,0.2,290704.0,286536.0,0.8749999999999999,200.0,2199.9325,1.015,14049.0,4760.0,2311.100000000001,0.6000000000000001,776068.0,740100.0,1.6035031847133756,300.0,2199.955,1.656666666666667,3148.666666666666,2360.0,935.6,0.7,903748.0,879408.0,2.6143211949764424,5.069630108276995,5.616880466348542,5.193590156450812,5.183601790740392,5.455163334568964,5.1132998840849515,5.144252995003887,5.126355923739593,5.195016216773391,5.066437553352189,5.382998864911517,5.257168929313253,5.1113202707585526
100.0,2200.0,0.75,4939.0,13800.0,531.3,0.2,290704.0,286540.0,0.9375,200.0,2199.9325,0.8699999999999999,16329.0,2320.0,2090.5,0.6000000000000001,776876.0,740692.0,1.4098553278989496,300.0,2200.0,1.7166666666666668,6067.666666666668,1920.0,2031.2000000000005,0.7,903748.0,879408.0,3.2764178317066737,100.0,2199.865,0.74,6347.0,13480.0,742.6,0.2,290704.0,286540.0,0.925,200.0,2199.9325,0.8999999999999999,15672.0,2680.0,2184.2,0.6000000000000001,776872.0,740688.0,1.4631710362047443,300.0,2199.91,1.6766666666666667,2609.6666666666665,2600.0,1256.1,0.7,903748.0,879936.0,3.062933742596101,100.0,2199.865,0.74,6141.0,13080.0,687.8,0.2,290704.0,286536.0,0.925,200.0,2199.9325,0.975,14976.5,3480.0,2080.5,0.6000000000000001,784704.0,747080.0,1.5847102886098259,300.0,2199.955,1.6033333333333335,2166.333333333333,3560.0,896.6,0.7,901532.0,877956.0,2.8229386892177586,100.0,2199.865,0.7,8654.0,13320.0,1078.5,0.2,290704.0,286536.0,0.8749999999999999,200.0,2200.0,1.015,13042.5,4640.0,2086.4,0.6000000000000001,785644.0,748024.0,1.6557978996842182,293.8,2199.91,1.6766666666666663,3801.666666666666,2200.0,1176.8,0.7,903748.0,879936.0,3.123232056785209,5.0571012410578176,5.15080821264376,5.6023440957152,5.5951973349645305,5.127988894641717,5.585708201227567,5.538196044404578,5.5398124845155285,5.5740088036469295,5.559082499819651,4.939507138302821,5.04392045754172,5.607455291594642
100.0,2199.865,0.75,4657.0,13280.0,513.8,0.2,290704.0,286540.0,0.9375,200.0,2200.0,0.845,16653.5,2120.0,2147.6,0.6000000000000001,781272.0,744380.0,1.070956387362637,300.0,2199.955,1.586666666666667,4230.666666666667,1040.0,1675.6999999999996,0.7,901532.0,877184.0,2.8882663847780132,100.0,2200.0,0.74,6252.0,12560.0,740.7,0.2,290704.0,286540.0,0.925,200.0,2199.9325,0.885,16071.5,2360.0,2320.3,0.6000000000000001,783412.0,746032.0,1.1234546703296702,300.0,2200.0,1.596666666666667,2233.333333333333,2400.0,927.6,0.7,901532.0,877780.0,2.8113107822410144,100.0,2199.865,0.74,5965.0,13160.0,704.7,0.2,290704.0,286536.0,0.925,200.0,2200.0,0.995,13407.5,3760.0,1850.2,0.6000000000000001,786516.0,748724.0,1.2518887362637363,287.6,2200.0,1.55,2250.0,2760.0,910.8,0.7,901532.0,877956.0,2.6872244035034734,100.0,2199.865,0.7,8726.0,12640.0,1095.1,0.2,290704.0,286536.0,0.8749999999999999,200.0,2200.0,1.115,30653.5,8200.0,5827.9,0.6000000000000001,796376.0,761356.0,1.3243904532967032,300.0,2199.91,1.5666666666666669,2783.666666666666,2040.0,1286.6,0.7,901532.0,877752.0,2.7905919661733614,5.0571012410578176,5.264672544038005,5.120029195610591,5.122422612455834,5.307453194832343,5.009611959653489,5.002845313601128,5.082998890183276,5.017101544634769,5.096158248359245,5.0722561244608535,5.112229559357456,5.069344908506039
100.0,2200.0,0.75,5045.0,14040.0,537.3,0.2,290704.0,286540.0,0.9375,200.0,2200.0,0.93,20273.5,2680.0,2898.9,0.6000000000000001,791592.0,757848.0,1.3645096056622852,300.0,2200.0,1.4633333333333336,3570.0,1640.0,1053.8000000000004,0.7,901532.0,877184.0,2.5385353748185606,100.0,2199.865,0.74,6381.0,12320.0,785.0,0.2,290704.0,286540.0,0.925,200.0,2199.9325,1.0550000000000002,37140.0,2680.0,5898.5999999999985,0.6000000000000001,796368.0,761444.0,1.5048028311425683,300.0,2199.955,1.5566666666666666,2204.0,2080.0,870.3,0.7,901532.0,877780.0,2.740805122442291,100.0,2200.0,0.74,5957.0,12240.0,686.9,0.2,290704.0,286536.0,0.925,200.0,2199.9325,0.93,16778.5,3800.0,2555.2,0.6000000000000001,797556.0,762744.0,1.4100101112234582,300.0,2199.955,1.59,2186.0,2240.0,891.0999999999998,0.7,901532.0,877956.0,2.827073971431255,100.0,2200.0,0.7,8525.0,11880.0,1073.8,0.2,290704.0,286536.0,0.8749999999999999,200.0,2199.9325,1.03,18353.0,5080.0,3164.6,0.6000000000000001,801696.0,768968.0,1.5414560161779576,293.8,2199.955,1.5366666666666664,2506.0,1680.0,575.9,0.7,901532.0,877752.0,2.7287598913705104,4.905245719526312,5.155844177599753,4.872369911819581,4.894514552403104,5.103454742652119,4.790691925454094,4.744435690446476,4.791117368067036,4.776314160530145,4.779644486945372,5.101412567075776,5.096264278911883,4.704402036937989
100.0,2199.865,1.51,742.0,5120.0,130.4,0.4,593412.0,586440.0,1.0,200.0,2199.865,1.12,38163.0,1560.0,7456.0,0.7,1051856.0,1037456.0,1.5179091179091182,300.0,2199.91,1.7666666666666666,3460.0,1120.0,843.4,0.0,56236.0,39112.0,2.7784112396944254,100.0,2199.865,1.51,774.0,3960.0,134.6,0.4,593412.0,586440.0,1.0,200.0,2199.9325,1.11,38213.5,2960.0,6971.5,0.7,1051988.0,1037456.0,1.495931095931096,300.0,2199.91,1.86,1855.666666666667,2600.0,1383.3,0.0,56380.0,39112.0,2.9245732798830137,100.0,2200.0,1.51,779.0,3280.0,141.6,0.4,593412.0,586968.0,1.0,193.8,2200.0,1.19,38038.5,4360.0,7268.4,0.7,1050008.0,1035608.0,1.5855244232207584,300.0,2199.91,1.8066666666666664,2265.0,2320.0,469.5,0.0,56440.0,39204.0,2.864490231609764,100.0,2199.865,1.5,785.0,4080.0,126.1,0.4,593412.0,587232.0,0.9933774834437086,200.0,2200.0,1.255,38452.0,5360.0,7362.2,0.7,1052032.0,1037188.0,1.68235429491974,300.0,2200.0,1.82,2182.0,2480.0,601.0,0.0,56380.0,39108.0,2.8663647480019163,5.5712949345228155,5.464188840232715,5.5798298135658255,5.731239798914377,5.564543947630074,5.534406161777469,5.553137785831292,5.599297719981792,5.631027994255938,5.657639942062807,5.549127986692213,5.6224708751013255,5.652785060547964
100.0,2200.0,1.07,7010.0,16640.0,768.7,0.5,623116.0,615960.0,0.8770491803278689,200.0,2200.0,1.15,38863.5,2520.0,7556.1,0.7,1057004.0,1042472.0,1.5245862884160757,300.0,2200.0,1.7,3884.0,1440.0,838.8,0.0,57288.0,39980.0,2.737214045049466,100.0,2200.0,1.12,6137.0,9360.0,679.5,0.5,623116.0,616080.0,0.918032786885246,200.0,2199.865,1.14,38036.0,2600.0,6968.0999999999985,0.7,1057268.0,1042736.0,1.5197399527186763,300.0,2199.955,1.79,2330.6666666666665,2520.0,1044.6999999999996,0.0,57288.0,39976.0,2.882284014357065,100.0,2199.865,1.11,6594.0,8720.0,727.2,0.5,623116.0,616532.0,0.9098360655737706,200.0,2200.0,1.14,36297.0,3160.0,7077.0,0.7,1057532.0,1043000.0,1.5827586206896551,300.0,2200.0,1.7633333333333332,2672.333333333333,2680.0,540.7,0.0,57676.0,40212.0,2.840197743253852,100.0,2200.0,1.04,7897.0,15760.0,707.7,0.5,623116.0,616960.0,0.8524590163934427,200.0,2199.9325,1.215,36499.0,3760.0,6895.0,0.7,1059116.0,1044848.0,1.6976406533575321,293.8,2200.0,1.7533333333333332,2521.0,2440.0,638.2,0.0,57288.0,39976.0,2.8297841212814907,5.431959826492464,5.37919055001907,5.456050825821055,5.480046920022036,5.4101803166108775,5.409169112283352,5.428061766997906,5.46936371096887,5.445213386532922,5.433893145536631,5.3485538755621285,5.356175899642244,5.362307692005603
100.0,2199.865,1.14,5545.0,11640.0,598.2,0.5,623116.0,616224.0,0.9344262295081966,200.0,2199.9325,1.12,38602.5,2480.0,7512.200000000002,0.8,1068752.0,1054352.0,1.5385767790262173,300.0,2199.91,1.68,4048.0,1160.0,818.0,0.0,57676.0,40488.0,2.6984372480565746,100.0,2200.0,1.13,6244.0,9200.0,689.4,0.5,623116.0,616344.0,0.9262295081967212,200.0,2200.0,1.14,38522.0,2520.0,7055.200000000002,0.8,1068884.0,1054616.0,1.5665418227215981,300.0,2199.91,1.7933333333333332,2353.0,2440.0,951.6,0.0,57676.0,40484.0,2.882159569415116,100.0,2200.0,1.11,6687.0,8680.0,741.4,0.5,623116.0,616796.0,0.9098360655737706,200.0,2199.9325,1.165,37114.5,3640.0,7230.5,0.8,1073108.0,1058576.0,1.6185362219877086,300.0,2199.91,1.7700000000000002,2601.333333333333,2560.0,504.2,0.0,57676.0,40476.0,2.8634315097670364,100.0,2200.0,1.05,8004.0,15480.0,728.7,0.5,623116.0,616960.0,0.8606557377049181,200.0,2200.0,1.205,36776.0,6080.0,6931.799999999998,0.8,1078388.0,1064120.0,1.6798683965485133,300.0,2199.955,1.75,2626.6666666666665,2240.0,676.7,0.0,57676.0,40484.0,2.81367758041403,5.407390344162987,5.513265078210231,5.393168344014981,5.42599539339077,5.484831907885132,5.445245545537508,5.447191931938153,5.4160896763836535,5.422656455975689,5.4238799554076955,5.2870847061765565,5.34617055482497,5.311932669607057
100.0,2199.865,1.07,7185.0,19960.0,786.1,0.5,623116.0,616224.0,0.8770491803278689,193.8,2199.865,1.075,38017.5,2360.0,7361.8,0.8,1079444.0,1064912.0,1.476640677757996,293.8,2199.91,1.6933333333333334,4018.333333333334,1120.0,929.8,0.0,57676.0,40488.0,2.7131572261446295,100.0,2199.865,1.13,6246.0,9080.0,687.3,0.5,623116.0,616344.0,0.9262295081967212,200.0,2199.9325,1.1,37847.0,2400.0,6911.4,0.8,1079444.0,1064912.0,1.504573638651851,300.0,2199.955,1.79,2387.6666666666665,2520.0,1178.3000000000004,0.0,58044.0,40540.0,2.8707330445014976,100.0,2199.865,1.11,6598.0,8080.0,724.5,0.5,623116.0,616796.0,0.9098360655737706,200.0,2200.0,1.17,37978.5,4080.0,7321.200000000002,0.8,1079444.0,1064912.0,1.5843843843843843,300.0,2199.955,1.7700000000000002,2700.333333333333,2400.0,548.6,0.0,58044.0,40796.0,2.8274761893507905,93.8,2199.865,1.05,8012.0,16120.0,698.0,0.5,623116.0,616960.0,0.8606557377049181,193.8,2200.0,1.21,37225.5,4600.0,7071.4000000000015,0.8,1079444.0,1064912.0,1.6504504504504505,300.0,2199.955,1.75,2614.333333333333,2400.0,768.3,0.0,57676.0,40484.0,2.809754091784339,5.331433919932107,5.359666329766711,5.388094221277035,5.417430708749009,5.4185916754124674,5.465867827920449,5.482441808535631,5.3660495346274315,5.326397654250296,5.346400482698496,5.297366124970116,5.239345397450314,5.210784506333392
100.0,2200.0,1.14,5697.0,10480.0,605.1,0.5,623116.0,616224.0,0.9344262295081966,200.0,2199.9325,1.105,38632.5,2680.0,7520.5,0.8,1079444.0,1064912.0,1.4787983755375058,300.0,2200.0,1.6933333333333334,4172.0,1440.0,920.1,0.0,58672.0,41192.0,2.6595997666801274,100.0,2199.865,1.14,6099.0,10240.0,671.5,0.5,623116.0,616344.0,0.9344262295081966,193.8,2199.9325,1.085,37863.5,2160.0,6895.4,0.8,1079444.0,1064912.0,1.4626134734830387,300.0,2199.955,1.8166666666666669,2366.333333333333,2600.0,1328.5,0.0,58804.0,41452.0,2.8611915017723337,100.0,2199.865,1.13,6472.0,9280.0,727.1,0.5,623116.0,616796.0,0.9262295081967212,200.0,2199.9325,1.115,37064.5,3200.0,7110.4,0.8,1079444.0,1064912.0,1.5674157303370788,300.0,2199.91,1.8033333333333332,2738.6666666666665,2160.0,595.3000000000002,0.0,58804.0,41444.0,2.831688978543921,100.0,2199.865,1.05,7905.0,4400.0,696.9,0.5,623116.0,616960.0,0.8606557377049181,200.0,2199.9325,1.18,35254.5,4160.0,6641.5,0.8,1079444.0,1064912.0,1.6685393258426966,300.0,2199.91,1.7766666666666666,2672.333333333333,2560.0,741.2,0.0,58804.0,41452.0,2.8015883699017365,5.4335231644157735,5.4544357978722005,5.3802613369686245,5.560529123572925,5.4582388347081086,5.439505807303151,5.395653911677799,5.496975901037755,5.464991551148021,5.473804725751419,5.327289454417754,5.366770489070409,5.3766336215582715
100.0,2200.0,1.08,7026.0,9880.0,720.5,0.5,623116.0,616224.0,0.8925619834710745,200.0,2200.0,1.075,38049.5,3360.0,7377.7,0.8,1080016.0,1065172.0,1.4964646464646465,293.8,2199.955,1.6966666666666663,4082.666666666666,1400.0,829.8,0.0,58936.0,41612.0,2.7279230350811217,100.0,2200.0,1.13,6355.0,9720.0,710.8,0.5,623116.0,616344.0,0.9338842975206609,200.0,2199.9325,1.105,38156.5,2880.0,6993.1,0.8,1079444.0,1064912.0,1.52979797979798,300.0,2200.0,1.7966666666666669,2256.6666666666665,2280.0,1259.5,0.0,58936.0,41612.0,2.8871435814440742,100.0,2200.0,1.11,7028.0,7720.0,770.5,0.5,623116.0,616796.0,0.9173553719008264,200.0,2200.0,1.165,37227.0,3520.0,7254.8,0.8,1079708.0,1065176.0,1.585016835016835,293.8,2199.955,1.7700000000000002,2559.6666666666665,2000.0,476.0,0.0,58936.0,41604.0,2.8448912869062903,100.0,2199.865,1.05,8023.0,13760.0,718.5,0.5,623116.0,616960.0,0.8677685950413224,200.0,2200.0,1.205,36829.5,4400.0,7028.5999999999985,0.8,1084328.0,1069928.0,1.6455627705627704,300.0,2199.91,1.75,2695.333333333333,2480.0,634.0,0.0,58936.0,41608.0,2.8168619721714836,5.41147562084444,5.477151529738983,5.378107623081227,5.476966756516303,5.508732969132921,5.479317606423672,5.493315962092037,5.3853602034594985,5.371552793381152,5.362307507199198,5.272194675058233,5.316661867194916,5.28523688542806
100.0,2199.865,0.61,1738.0,4880.0,123.2,0.2,290704.0,286536.0,0.9682539682539684,200.0,2200.0,1.45,49158.0,2280.0,10249.9,1.0,1326188.0,1292464.0,1.7947916666666668,300.0,2199.955,2.103333333333333,2221.6666666666665,880.0,125.0,0.0,208672.0,80692.0,2.8267090643979564,100.0,2200.0,0.62,1836.0,4680.0,139.8,0.2,290704.0,286536.0,0.984126984126984,200.0,2199.9325,1.275,52147.0,2360.0,11288.9,1.0,1338788.0,1304440.0,1.6125,300.0,2199.91,2.23,496.0,1200.0,54.3,0.0,208672.0,80812.0,2.9821373698544296,100.0,2199.865,0.62,2000.0,3120.0,148.2,0.2,290704.0,286536.0,0.984126984126984,200.0,2199.9325,1.305,40444.0,3960.0,10074.2,1.1,1370604.0,1335392.0,1.659375,293.8,2199.955,2.21,823.6666666666665,1200.0,482.5,0.0,208672.0,79096.0,2.9563696013689387,100.0,2200.0,0.62,2387.0,7400.0,259.3,0.2,290704.0,286540.0,0.984126984126984,200.0,2200.0,1.37,33905.5,4800.0,6038.2,1.1,1382772.0,1346644.0,1.7614583333333331,293.8,2199.91,2.2166666666666663,610.6666666666666,2440.0,327.9,0.0,208672.0,80396.0,2.96427473970886,5.582131534186829,5.656456767328868,5.761434957962828,5.775283360466123,5.810240852271773,5.810179193799455,5.819141338108397,5.833678352271773,5.8086290945931065,5.818466207962827,5.843171872919853,5.753414582979469,5.524941247336285
93.8,2199.865,0.62,1795.0,7880.0,140.2,0.2,290704.0,286536.0,0.984126984126984,200.0,2199.865,1.39,28694.5,1320.0,4953.6,1.1,1397108.0,1364440.0,1.5329857561507532,300.0,2199.865,2.17,8095.0,1400.0,1028.1,0.1,296248.0,168168.0,2.745114846010748,100.0,2199.865,0.62,1828.0,4800.0,155.3,0.2,290704.0,286536.0,0.984126984126984,200.0,2199.9325,1.39,15713.5,3040.0,2971.3,1.1,1399664.0,1366828.0,1.5590540448442718,293.8,2199.955,2.3000000000000003,4654.333333333333,2360.0,737.3,0.0,201924.0,73888.0,2.9009340119884253,100.0,2200.0,0.62,1955.0,5600.0,158.5,0.2,290704.0,286536.0,0.984126984126984,200.0,2199.9325,1.39,21230.5,3680.0,4024.8,1.1,1415892.0,1383508.0,1.5358822326722552,300.0,2199.955,2.293333333333333,5237.666666666667,2600.0,2452.1,0.0,201924.0,71644.0,2.8926050924969,100.0,2199.865,0.62,2308.0,5920.0,249.1,0.2,290704.0,286540.0,0.984126984126984,200.0,2200.0,1.58,19498.5,7040.0,3431.4,1.1,1420796.0,1388076.0,1.7789136509234649,293.8,2199.91,2.293333333333333,4735.0,2000.0,1271.7,0.1,297456.0,169236.0,2.8926050924969,5.3504230332700295,5.654372219448553,5.739111019012556,5.750464756163378,5.761865424637668,5.76595637640184,5.80617720617028,5.785052219727831,5.787767664243394,5.9475041346020125,5.810522608622568,5.71104216658813,5.617331458138896
100.0,2199.865,0.62,1815.0,6280.0,134.6,0.2,290704.0,286536.0,0.984126984126984,200.0,2199.9325,1.3,30655.5,1280.0,5517.9,1.1,1451300.0,1418964.0,1.402828539647227,300.0,2199.955,2.0966666666666662,2284.333333333333,840.0,135.9,0.0,208672.0,80692.0,2.818942883567917,100.0,2199.865,0.62,1857.0,4720.0,152.1,0.2,290704.0,286536.0,0.984126984126984,193.8,2199.9325,1.485,19610.0,1480.0,3808.2,1.1,1473196.0,1440672.0,1.6384872080088988,300.0,2199.865,2.2266666666666666,508.66666666666674,1320.0,51.6,0.0,208672.0,80812.0,2.9782311198544296,100.0,2199.865,0.62,1959.0,4000.0,152.4,0.2,290704.0,286536.0,0.984126984126984,200.0,2200.0,1.67,17703.0,3600.0,3511.100000000001,1.2,1487012.0,1454856.0,1.872620371841729,300.0,2199.91,2.2133333333333334,783.3333333333335,1240.0,478.8,0.0,208672.0,79096.0,2.9603221705388987,100.0,2200.0,0.61,2276.0,5800.0,250.4,0.2,290704.0,286540.0,0.9682539682539684,200.0,2199.9325,1.875,20843.0,5160.0,3639.6,1.2,1490012.0,1457384.0,2.1142539329413634,300.0,2200.0,2.2133333333333334,619.3333333333334,2160.0,316.1,0.0,208672.0,80396.0,2.96036848970886,5.715735917801672,5.959052259710988,5.751324078565777,5.787651823763563,5.820353682667338,5.905583330234449,6.090330492217631,6.012044102578349,6.117499060274279,6.133952276881518,6.135503742627691,6.072914770714903,5.864499235471143
100.0,2199.865,0.62,1621.0,7760.0,123.9,0.2,290704.0,286536.0,0.984126984126984,200.0,2200.0,1.22,44092.5,3200.0,9460.2,1.2,1496144.0,1463968.0,1.4079981770536631,293.8,2199.955,2.1266666666666665,1904.666666666667,800.0,121.7,0.0,208672.0,80692.0,2.859859684739605,100.0,2199.865,0.62,1606.0,5400.0,149.1,0.2,290704.0,286536.0,0.984126984126984,200.0,2199.9325,1.6150000000000002,23658.0,640.0,4283.9,1.2,1496948.0,1464540.0,1.9685161976377652,300.0,2199.91,2.2266666666666666,497.33333333333326,1160.0,51.8,0.0,208672.0,80812.0,2.982106732599528,100.0,2200.0,0.62,1641.0,5360.0,134.6,0.2,290704.0,286536.0,0.984126984126984,193.8,2200.0,1.685,15779.0,2920.0,3241.8,1.2,1508608.0,1476600.0,2.0860202802779995,293.8,2199.865,2.21,781.3333333333335,1680.0,463.8,0.0,208672.0,79096.0,2.9602298954865858,100.0,2200.0,0.62,2117.0,5280.0,232.5,0.2,290704.0,286540.0,0.984126984126984,200.0,2199.865,1.64,20517.5,4920.0,3701.3,1.2,1515248.0,1482864.0,1.972124112263112,300.0,2199.91,2.2133333333333334,612.0,1640.0,322.4000000000001,0.0,208672.0,80396.0,2.964213465199056,5.709721575909468,5.952112634450753,5.981771258749603,5.983019045341454,6.010785605073282,5.970547586805798,6.026352924498964,6.0222677622852245,6.007272804942215,6.019881517106584,5.967615668424084,5.980000997282003,5.857096968526889
100.0,2199.865,0.62,1746.0,5800.0,137.7,0.2,290704.0,286536.0,0.984126984126984,200.0,2199.865,1.15,44301.0,2880.0,9752.8,1.2,1515452.0,1483552.0,1.2257908717701038,300.0,2199.955,1.8466666666666665,5240.0,800.0,873.3000000000002,0.1,267720.0,139656.0,2.4281013101516153,100.0,2199.865,0.62,1752.0,4640.0,151.6,0.2,290704.0,286536.0,0.984126984126984,193.8,2199.9325,1.39,26512.0,1280.0,5260.2,1.2,1521016.0,1488764.0,1.4852088867423328,300.0,2200.0,2.286666666666666,4412.666666666667,1960.0,651.1,0.1,286696.0,158784.0,2.8825730265326297,100.0,2199.865,0.62,1840.0,4240.0,145.9,0.2,290704.0,286536.0,0.984126984126984,193.3,2200.0,1.455,10959.0,2080.0,2199.5,1.2,1549220.0,1515532.0,1.5633301134991548,300.0,2199.955,2.286666666666666,4279.333333333333,2680.0,1379.5,0.1,283268.0,153636.0,2.8825730265326297,100.0,2200.0,0.62,2227.0,8160.0,234.7,0.2,290704.0,286540.0,0.984126984126984,193.3,2199.9325,1.655,14601.5,6000.0,2628.3,1.2,1565312.0,1531740.0,1.784291234001449,293.8,2200.0,2.2833333333333337,4299.333333333333,1880.0,972.8,0.1,282748.0,154408.0,2.8786667765326297,5.505880273820857,5.570763177528487,5.961536249510603,6.06235209867084,6.131651216530976,6.1460223308303545,6.060724661895598,6.038342316056997,5.997210828446258,5.985278028279582,5.8950195344351535,5.900107118993176,5.2403349231871905
100.0,2199.865,0.62,1917.0,6280.0,151.3,0.2,290704.0,286536.0,0.984126984126984,200.0,2199.9325,1.49,19496.5,2040.0,4102.8,1.2,1535524.0,1503860.0,1.5963674007152266,300.0,2199.955,2.1300000000000003,9516.0,1400.0,1279.7,0.1,297524.0,169488.0,3.2258509827452,100.0,2199.865,0.62,1946.0,4880.0,172.6,0.2,290704.0,286536.0,0.984126984126984,200.0,2200.0,1.51,37041.0,2360.0,6878.7,1.2,1544556.0,1510660.0,1.567005458309806,300.0,2199.955,2.2466666666666666,4531.666666666667,2040.0,995.0,0.0,208672.0,80812.0,3.3656833809029583,100.0,2199.865,0.62,1999.0,3560.0,156.4,0.2,290704.0,286536.0,0.984126984126984,200.0,2200.0,1.49,37745.5,4280.0,8250.7,1.2,1570384.0,1537180.0,1.5963674007152266,300.0,2199.91,2.286666666666666,4402.666666666667,2440.0,1221.7,0.0,208672.0,79096.0,3.433751864945511,100.0,2200.0,0.62,2242.0,5520.0,238.0,0.2,290704.0,286540.0,0.984126984126984,193.3,2199.9325,1.385,35134.5,4880.0,6164.3,1.2,1607420.0,1574212.0,1.5200451722190853,300.0,2200.0,2.256666666666667,4975.666666666667,3160.0,1297.2,0.0,208672.0,80396.0,3.3858795245199795,5.306180976841394,5.5272480598010585,5.564911913185375,5.6050979362178674,5.588743553355331,5.534150917240956,5.4619882167022284,5.440755275781457,5.421066327063644,5.613102310051044,5.3599320334432665,5.33346654604028,5.463257773304379
100.0,2200.0,0.62,1801.0,8560.0,145.7,0.2,290704.0,286536.0,0.984126984126984,200.0,2200.0,1.33,30575.5,2000.0,5931.1,1.2999999999999998,1681916.0,1649116.0,1.4156766528925622,293.8,2199.865,2.1,2321.6666666666665,720.0,132.8,0.0,208672.0,80692.0,2.8512472672540063,100.0,2199.865,0.62,1854.0,5680.0,169.6,0.2,290704.0,286536.0,0.984126984126984,200.0,2200.0,1.2999999999999998,30969.0,2520.0,5377.3,1.2999999999999998,1696304.0,1663248.0,1.3319989669421486,300.0,2199.91,2.1966666666666668,610.0,1200.0,55.7,0.0,208672.0,81064.0,2.973820837596365,100.0,2199.865,0.62,1893.0,5920.0,166.9,0.2,290704.0,286536.0,0.984126984126984,200.0,2200.0,1.52,41430.0,3880.0,7768.0,1.2999999999999998,1709212.0,1676516.0,1.5653409090909092,293.8,2199.91,2.2,833.0,1960.0,566.5999999999998,0.0,208672.0,79348.0,2.9759471705388987,100.0,2199.865,0.62,2180.0,9960.0,234.8,0.2,290704.0,286540.0,0.984126984126984,193.8,2199.865,1.455,46614.0,5360.0,8464.4,1.2999999999999998,1723836.0,1691044.0,1.6220299586776858,300.0,2199.955,2.2066666666666666,625.3333333333334,1440.0,315.7,0.0,208672.0,80648.0,2.983931997773377,5.021975036756468,5.254872248676887,5.482514900670633,5.403067911541253,5.383135520377519,5.3397162562504175,5.476211750310902,5.440893315102474,5.576934120887596,5.260196885725733,5.603239749087932,5.662703853735359,5.506140093693826
100.0,2200.0,0.74,5608.0,14240.0,444.1,0.2,290704.0,286536.0,0.925,200.0,2199.9325,1.16,26434.0,1640.0,5291.6,1.4,1766448.0,1733948.0,1.2804281749702655,300.0,2199.91,1.9533333333333331,4103.333333333333,480.0,302.7,0.0,235248.0,107680.0,2.5852263809580878,100.0,2200.0,0.74,5651.0,11960.0,532.9,0.2,290704.0,286536.0,0.925,200.0,2199.9325,1.34,42860.0,3000.0,6993.799999999998,1.4,1775748.0,1743228.0,1.482621910929034,300.0,2199.955,2.053333333333333,4731.333333333333,2200.0,830.6999999999998,0.1,280248.0,152944.0,2.7194515548174087,100.0,2199.865,0.72,6918.0,12480.0,846.3,0.2,290704.0,286536.0,0.8999999999999999,200.0,2199.9325,1.26,39473.5,3760.0,9228.9,1.4,1787144.0,1755104.0,1.4198163076516452,300.0,2200.0,1.8833333333333333,4630.0,2200.0,989.3,0.1,273992.0,144892.0,2.54525300561886,100.0,2199.865,0.69,9098.0,12000.0,1082.6,0.2,290704.0,286540.0,0.8624999999999999,200.0,2200.0,1.845,10074.5,6240.0,1982.3,1.4,1818164.0,1785880.0,2.125115633672525,300.0,2199.955,1.9633333333333336,5400.666666666667,2920.0,1149.1,0.1,276180.0,148568.0,2.6150592705470754,5.854210627188499,6.077656268364319,5.8977698087819785,5.920725460178287,5.873305268824347,5.814659626458787,5.721272388526758,5.6738905839084826,5.596825355925533,5.5832943156198125,5.59252749754401,5.6046782291264226,5.7586758029784475
93.8,2199.865,0.74,5360.0,13800.0,401.6,0.2,290704.0,286536.0,0.9367088607594936,200.0,2200.0,1.32,16150.0,1680.0,3073.100000000001,1.4,1783680.0,1750912.0,1.5121779281660852,300.0,2199.955,2.026666666666667,8604.0,1120.0,1420.5,0.1,281492.0,153352.0,3.2470633483627416,100.0,2199.865,0.73,5627.0,13640.0,551.2,0.2,290704.0,286536.0,0.9240506329113924,200.0,2199.9325,1.44,28336.5,2120.0,5626.6,1.4,1786588.0,1754376.0,1.644637129463184,300.0,2199.955,2.183333333333333,5621.0,2480.0,710.7,0.0,202448.0,74908.0,3.4777044058650195,93.8,2200.0,0.73,6632.0,11120.0,779.3,0.2,290704.0,286536.0,0.9240506329113924,193.3,2200.0,1.3250000000000002,37395.5,4560.0,9396.4,1.4,1829468.0,1797948.0,1.5449226322653415,287.1,2199.955,2.1733333333333333,5863.333333333332,2080.0,1327.0,0.0,202448.0,73192.0,3.4604957337782984,100.0,2199.865,0.68,9131.0,11680.0,1092.4,0.2,290704.0,286540.0,0.8607594936708861,200.0,2199.9325,1.585,11789.5,4720.0,2177.5,1.4,1865672.0,1834192.0,1.850022910718692,300.0,2200.0,2.1633333333333336,6028.666666666668,2560.0,1076.0,0.0,202448.0,74492.0,3.4497727837540384,4.927445570098522,5.08618916707718,6.121776817415898,6.192506155232983,6.1096530053910545,6.036630976728755,6.0419921271625805,5.934908557811271,5.842825640014253,5.8746429465594625,5.847859733298193,5.839028364981253,5.081807809681211
100.0,2199.865,0.79,5544.0,8120.0,476.3,0.0,32276.0,28472.0,0.4293478260869565,200.0,2199.9325,1.3250000000000002,43415.0,2840.0,9187.7,1.4,1793056.0,1760936.0,1.497024127730853,293.8,2199.91,2.0066666666666664,2977.666666666666,1000.0,149.1,0.0,209196.0,81712.0,2.8170872474403854,100.0,2199.865,0.74,5459.0,13240.0,489.6,0.0,32116.0,28208.0,0.4021739130434782,200.0,2199.9325,1.175,43793.5,2000.0,10658.2,1.4,1804448.0,1772328.0,1.35453865070031,300.0,2200.0,2.1166666666666667,1079.0,1360.0,47.2,0.0,209196.0,81832.0,2.9617284150735106,100.0,2199.865,0.74,6680.0,12440.0,810.7,0.0,232932.0,36340.0,0.4021739130434782,193.3,2199.9325,1.495,13545.5,4600.0,2919.9,1.4,1851000.0,1819596.0,1.7381588795039025,300.0,2200.0,2.1133333333333337,1175.0,2000.0,554.9,0.0,209196.0,80116.0,2.958248055494652,100.0,2199.865,0.69,8724.0,13200.0,1051.8,0.2,290704.0,286540.0,0.375,200.0,2200.0,1.64,33331.5,4480.0,5210.4000000000015,1.5,1886800.0,1855312.0,1.8838875227199832,300.0,2199.955,2.1,1246.6666666666667,2240.0,415.2000000000001,0.0,209196.0,81416.0,2.9400767308593023,5.02793999791299,5.20797269188706,5.14297660598806,5.247003712808041,5.242982275828258,5.189589602009058,5.162831720148886,5.13473897636715,5.112937016543043,5.163475175686104,4.9761186744852886,4.9628232373951136,5.079230664698414
100.0,2200.0,1.02,10291.0,12160.0,773.0,0.1,104084.0,101656.0,0.8644067796610171,200.0,2199.865,1.685,16788.5,2240.0,15819.7,0.4,531228.0,525808.0,1.97382844614963,300.0,2200.0,1.6466666666666667,6059.333333333332,1400.0,2403.2,0.6,856012.0,779960.0,2.373122942093054,100.0,2200.0,0.99,11338.0,11360.0,627.7,0.1,104088.0,101660.0,0.8389830508474576,200.0,2199.9325,1.91,13025.5,2840.0,22829.5,0.4,531228.0,525808.0,2.2472595231570294,293.8,2199.955,1.923333333333333,2871.333333333333,2240.0,519.5,0.6,856016.0,781024.0,2.7613617615330917,100.0,2199.865,1.01,11054.0,11560.0,810.9,0.1,104088.0,101656.0,0.8559322033898306,200.0,2199.9325,2.02,12725.0,3800.0,10394.5,0.4,542120.0,537024.0,2.380446697725404,300.0,2199.91,1.9466666666666663,2525.0,2120.0,499.0,0.6,856012.0,782604.0,2.800392015849849,100.0,2200.0,0.99,12172.0,9120.0,695.4,0.1,104084.0,101656.0,0.8389830508474576,200.0,2200.0,2.045,12623.0,5120.0,10483.3,0.4,542132.0,537032.0,2.410454919155933,300.0,2199.865,1.923333333333333,2957.666666666666,2800.0,446.7000000000001,0.6,856016.0,782800.0,2.765092962751444,5.175395573429801,5.002827940809678,5.086517483294227,5.098424937633371,5.039084923109368,5.161406680232443,5.6883053683302345,5.183201388765053,5.380680923183979,5.403640327559626,5.346362149507535,5.2400313039308815,5.248758288587207
100.0,2200.0,1.02,10304.0,11680.0,733.2,0.1,104500.0,102192.0,0.8225806451612904,200.0,2199.865,1.18,20974.0,2560.0,11443.8,0.7,998292.0,992668.0,1.2986940408259309,300.0,2199.91,1.62,6103.666666666668,1440.0,2486.1,0.6,856012.0,783128.0,2.376711479533096,100.0,2199.865,0.99,11243.0,11520.0,556.8,0.1,104504.0,102196.0,0.7983870967741935,200.0,2199.9325,1.21,21472.0,2800.0,11545.0,0.7,998292.0,992668.0,1.3327842814283193,300.0,2199.91,1.87,3182.666666666666,2280.0,544.7,0.6,856016.0,784972.0,2.733354588447845,100.0,2199.865,0.98,11761.0,10440.0,913.2,0.1,104504.0,102192.0,0.7903225806451613,200.0,2200.0,1.225,21635.5,4080.0,11404.2,0.7,998292.0,992672.0,1.34925583857874,300.0,2199.955,1.9,2818.666666666666,2480.0,544.7,0.6,856012.0,785496.0,2.78422959066192,100.0,2200.0,0.95,12658.0,9200.0,757.7,0.1,104500.0,102192.0,0.7661290322580645,200.0,2200.0,1.235,21833.5,5120.0,9821.6,0.7,998304.0,992684.0,1.3597270427672217,300.0,2199.865,1.856666666666667,3307.666666666666,1960.0,475.0,0.6,856016.0,785692.0,2.722146943691659,5.963662387468378,5.198216386570446,5.16961840791783,6.773140599691407,6.257792963713147,4.83277497412922,5.273921768669997,4.777338400622319,4.492463208277418,4.7977352793315715,4.739776014383058,4.606460410349776,5.131330363884826
100.0,2199.865,0.62,1944.0,7760.0,218.0,0.2,290704.0,286540.0,0.984126984126984,193.8,2199.9325,2.005,6197.5,2280.0,1480.1,1.0,1676308.0,1320652.0,1.7797251002673795,300.0,2200.0,1.8,5189.666666666667,1440.0,1944.5,0.0,221128.0,99916.0,2.867145913564399,100.0,2199.865,0.62,1683.0,3520.0,97.3,0.2,290704.0,286536.0,0.984126984126984,200.0,2199.9325,2.035,5746.5,2680.0,1505.7,1.0,1676308.0,1320652.0,1.8089279745989304,300.0,2199.865,2.19,5361.666666666667,1840.0,1772.8000000000004,0.1,309108.0,190004.0,2.8721258721717184,100.0,2199.865,0.62,2076.0,3680.0,129.9,0.2,290704.0,286536.0,0.984126984126984,200.0,2199.9325,2.04,5569.5,3680.0,1493.6,1.0,1676304.0,1320644.0,1.8128342245989304,293.8,2199.865,2.183333333333333,5630.666666666668,2560.0,1166.6,0.1,307784.0,186496.0,2.8643385467152203,93.8,2200.0,0.62,2128.0,6400.0,180.9,0.2,290704.0,286536.0,0.984126984126984,200.0,2199.865,2.055,5139.0,5040.0,1348.8,1.0,1676308.0,1320652.0,1.830318348930481,300.0,2199.91,2.18,5629.666666666668,2120.0,2162.8,0.1,308160.0,186872.0,2.8609371861710025,5.706283205700688,5.7266441683842775,5.747053993340441,5.769383020645144,5.7998218581788334,5.799778817661581,5.796567286812808,5.776387860327172,5.8160562353855845,5.794544955191992,5.783602132649069,5.753567696966367,5.598411488850132
100.0,2200.0,0.62,1304.0,6680.0,150.8,0.2,290704.0,286540.0,0.984126984126984,200.0,2199.865,1.92,11314.0,1840.0,2144.0,0.6,1148740.0,790756.0,1.7237419790611281,300.0,2199.91,2.0900000000000003,2816.333333333333,1160.0,1104.9,0.0,221768.0,100556.0,2.9230837344155516,100.0,2200.0,0.62,1570.0,6720.0,148.8,0.2,290704.0,286536.0,0.984126984126984,200.0,2200.0,1.92,11139.0,2440.0,2220.1,0.6,1148756.0,790772.0,1.7250928740290443,300.0,2199.955,1.8266666666666669,3949.0,1960.0,1386.7000000000005,0.0,221128.0,102124.0,2.903945228925973,100.0,2200.0,0.62,1914.0,5920.0,187.2,0.2,290704.0,286536.0,0.984126984126984,200.0,2199.9325,1.95,10424.0,3680.0,2185.3,0.6,1146828.0,788648.0,1.7516041877744006,300.0,2199.955,1.82,4268.666666666667,2480.0,1144.1,0.0,221128.0,99936.0,2.8951732991014123,100.0,2199.865,0.62,1952.0,5800.0,176.0,0.2,290704.0,286536.0,0.984126984126984,187.1,2199.9325,1.975,9936.0,5040.0,1951.2,0.6,1148364.0,790516.0,1.7768490374873354,300.0,2199.955,1.82,4201.666666666667,2680.0,1561.5000000000002,0.0,221128.0,100048.0,2.8951732991014123,5.691076710111205,5.7062213091975735,5.738015866512848,5.7518095706313,5.777867268066378,5.705457294854504,5.751978432502291,5.874666453585937,5.773313507779134,5.889031579617157,5.777870953113627,5.705380945010858,5.691951254151347
100.0,2199.865,0.63,1091.0,7440.0,134.7,0.2,290704.0,286540.0,1.0,200.0,2199.9325,1.87,6527.0,2200.0,7326.9,0.6,1146868.0,791224.0,2.5016756656116184,293.8,2199.955,2.056666666666667,3565.333333333333,1560.0,1466.0,0.0,222308.0,101264.0,2.8786967478683865,100.0,2199.865,0.63,1310.0,5240.0,106.4,0.2,290704.0,286536.0,1.0,200.0,2199.9325,1.87,6252.0,2240.0,1671.4,0.6,1146884.0,791240.0,2.5062837460435667,300.0,2200.0,2.11,1896.333333333333,2520.0,839.6,0.0,222308.0,103472.0,2.9507550099355706,100.0,2200.0,0.62,1926.0,5360.0,169.4,0.2,290704.0,286536.0,0.984126984126984,200.0,2199.9325,1.77,12590.5,3600.0,2643.2,0.6,1146888.0,791236.0,2.388940606963321,300.0,2199.955,2.0966666666666667,2193.333333333333,2240.0,526.1,0.0,222308.0,101284.0,2.9318943071027763,100.0,2199.865,0.62,1877.0,5720.0,160.4,0.2,290704.0,286536.0,0.984126984126984,200.0,2199.865,1.815,11233.0,5040.0,6214.7,0.6,1146888.0,791248.0,2.4514987897970584,300.0,2199.955,2.103333333333333,2108.333333333333,2360.0,694.9000000000002,0.0,222308.0,101396.0,2.9423971544219976,6.1647179957540565,6.134183644609019,6.115192028847713,5.994680618917688,6.0538077062204385,5.995605204249885,6.054732291552638,5.690121358275801,5.894004168114145,5.7470357241130925,5.839441739670853,5.779509142673772,5.583442395480753
100.0,2199.865,0.77,3149.0,14120.0,240.9,0.2,290704.0,286540.0,0.9746835443037974,200.0,2200.0,0.895,12962.0,2080.0,2662.0,0.6,1138816.0,782892.0,1.6379735140129352,300.0,2199.91,2.0733333333333333,3236.0,1400.0,1157.5,0.0,250000.0,128816.0,3.1139854762392014,100.0,2200.0,0.75,4610.0,14640.0,610.6,0.2,290704.0,286536.0,0.9493670886075948,200.0,2200.0,0.81,13520.0,2280.0,3037.3,0.6,1138828.0,780836.0,1.5773791191869415,300.0,2199.955,2.11,1892.333333333333,1200.0,842.7,0.0,222308.0,103476.0,2.9448120204106143,100.0,2199.865,0.72,7331.0,10880.0,515.3,0.2,290704.0,286536.0,0.9113924050632912,200.0,2199.9325,0.7050000000000001,7270.0,3560.0,3050.4,0.6,1138848.0,782948.0,1.457961194949184,293.8,2199.865,2.0966666666666667,2166.333333333333,2320.0,534.6999999999998,0.0,222308.0,101288.0,2.927701556503812,100.0,2199.865,0.7,7991.0,13480.0,811.6,0.2,290704.0,286536.0,0.8860759493670886,200.0,2200.0,0.9,7943.0,5120.0,2031.9,0.6,1135344.0,779456.0,1.6716199568832768,300.0,2200.0,2.1066666666666665,2100.333333333333,3640.0,682.6,0.0,222308.0,101400.0,2.942571047303983,5.9679467318987465,5.964527801864009,5.9425959830439385,6.003084897767388,5.938898314699644,5.859637004636898,5.8086302877651885,6.260733163461717,5.852141280874678,6.138194095613725,5.866966067881255,5.890076497335026,6.2138764323526
100.0,2199.865,0.77,3448.0,12440.0,277.8,0.2,290704.0,286540.0,0.9625,193.3,2199.9325,0.6799999999999999,11953.5,1280.0,3308.0,0.6,1138824.0,781896.0,1.7230769230769232,293.8,2199.955,2.14,8791.333333333334,1160.0,3677.6,0.1,303752.0,182672.0,2.8078241913286845,100.0,2199.865,0.75,4663.0,14680.0,647.3,0.2,290704.0,286536.0,0.9375,200.0,2200.0,0.6799999999999999,12235.0,1720.0,4393.7,0.6,1138840.0,781656.0,1.728846153846154,300.0,2200.0,1.9466666666666668,3088.333333333333,2120.0,1041.5,0.1,277168.0,158480.0,2.929452475302785,100.0,2199.865,0.73,6986.0,13600.0,498.5,0.2,290704.0,286536.0,0.9125,200.0,2200.0,1.225,7758.0,3720.0,1326.5,0.6,1135344.0,779448.0,2.7711538461538456,300.0,2200.0,1.9533333333333331,3125.666666666666,2800.0,766.5,0.1,264080.0,143092.0,2.9400042169758085,100.0,2199.865,0.7,7644.0,12440.0,787.0,0.2,290704.0,286536.0,0.8749999999999999,193.3,2199.865,1.275,7139.5,2960.0,1786.1,0.6,1144080.0,788656.0,2.85,300.0,2199.955,1.96,3148.0,1920.0,965.8,0.1,264080.0,143204.0,2.9504877428636984,6.301917459854058,6.353511711648537,6.252036038446988,6.356936633021497,6.291223192508285,6.343350171421975,6.22170809344513,4.871967510250983,6.140000549781065,4.860583181631627,6.149119402191206,6.134413951272941,5.026147172395847
100.0,2199.865,0.77,3266.0,13320.0,245.9,0.2,290704.0,286540.0,0.9625,200.0,2199.865,1.435,3342.5,1640.0,1895.2,0.6,1141644.0,785120.0,2.752007136485281,300.0,2200.0,1.65,3505.666666666666,2080.0,1514.4,0.0,222260.0,101312.0,2.3953542633229903,100.0,2199.865,0.75,4627.0,16000.0,643.0,0.2,290704.0,286536.0,0.9375,200.0,2200.0,1.38,6200.5,1840.0,2096.9,0.6,1145192.0,788740.0,2.6975914362176634,293.8,2199.955,1.8033333333333332,4359.666666666667,3240.0,1474.1,0.0,356776.0,91772.0,2.888344307794478,100.0,2200.0,0.72,7220.0,12840.0,487.0,0.2,290704.0,286536.0,0.8999999999999999,200.0,2200.0,0.45,33257.0,4040.0,4741.7,0.6,1146976.0,791548.0,1.2802344845163756,300.0,2199.91,1.8,4816.0,2720.0,1258.6999999999996,0.0,356776.0,86656.0,2.885277828247073,100.0,2200.0,0.69,7863.0,12800.0,799.0,0.2,290704.0,286536.0,0.8624999999999999,193.8,2199.865,0.405,37901.5,6400.0,5249.8,0.6,1146980.0,791560.0,1.174843889384478,293.8,2199.91,1.8066666666666664,4779.333333333333,1600.0,1589.8,0.0,356776.0,86320.0,2.897257742163859,4.9609306122367665,4.908745434093489,4.688540873103967,4.79053650161064,4.8250428080189245,5.018434715319709,4.799451111165434,5.668503918448263,4.6493251091970125,5.733299394225654,4.783978092980602,4.975489205160292,5.4319133459093285
100.0,2199.865,2.4,364.0,5480.0,22.6,0.1,115472.0,113316.0,1.0126582278481011,200.0,2199.9325,1.4,16104.0,1280.0,3301.7,1.1,1398396.0,1365640.0,1.6732838015633464,293.8,2199.91,1.86,5551.0,1480.0,921.3,0.0,238888.0,121020.0,2.787660020125068,93.8,2199.865,2.42,359.0,3120.0,33.2,0.1,115472.0,113312.0,1.021097046413502,200.0,2199.9325,1.405,15314.0,3000.0,3684.9,1.1,1398980.0,1366416.0,1.6739416453834843,300.0,2199.955,1.9333333333333331,2872.333333333333,2400.0,932.9,0.0,238792.0,121040.0,2.9104241777058077,100.0,2199.865,2.42,472.0,3840.0,36.2,0.1,115472.0,113312.0,1.021097046413502,200.0,2199.9325,1.42,23559.5,5680.0,4497.1,1.1,1414808.0,1382208.0,1.6680984443928488,300.0,2199.955,1.9466666666666663,2568.6666666666665,2360.0,859.8999999999999,0.0,238888.0,120760.0,2.9109632975925916,100.0,2199.865,2.4,626.0,5240.0,57.5,0.1,115472.0,113316.0,1.0126582278481011,193.8,2200.0,1.525,19664.5,5480.0,3766.7,1.1,1419936.0,1387384.0,1.8226143487346185,300.0,2199.955,1.94,2588.0,2400.0,877.3,0.0,238792.0,121036.0,2.919633645462085,5.869916185836423,5.92981071441571,5.739597373427863,5.965266785778878,5.771788032859657,5.660082789682024,5.649866373531473,5.636627046215315,5.640274075761668,5.654472265819588,5.77190065731825,5.616335558661089,5.5463482455300674
100.0,2199.865,2.37,373.0,5040.0,21.2,0.1,121772.0,119652.0,0.9793388429752068,200.0,2199.9325,1.4300000000000002,27580.5,3200.0,5909.5,1.2999999999999998,1682068.0,1649128.0,1.5866477272727273,300.0,2199.955,1.84,5890.0,1800.0,941.0,0.0,238792.0,121104.0,2.8393436977406035,100.0,2199.865,2.36,438.0,3880.0,38.7,0.1,121768.0,119648.0,0.975206611570248,200.0,2199.9325,1.45,29110.5,1240.0,5545.7,1.2999999999999998,1683460.0,1650624.0,1.5737345041322317,293.8,2200.0,1.9833333333333332,3013.333333333333,2480.0,950.4,0.0,238792.0,121044.0,2.929920726801797,100.0,2200.0,2.34,440.0,3560.0,30.4,0.1,121772.0,119648.0,0.9669421487603306,200.0,2199.9325,1.625,45194.5,4840.0,9294.0,1.2999999999999998,1709208.0,1676344.0,1.7367639462809918,300.0,2199.955,1.913333333333333,2669.333333333333,2640.0,869.0999999999998,0.0,238792.0,120848.0,2.94447493339725,100.0,2199.865,2.35,560.0,5360.0,49.0,0.1,121772.0,119652.0,0.9710743801652894,200.0,2199.9325,1.46,45674.0,6960.0,9070.3,1.2999999999999998,1721648.0,1687908.0,1.6040805785123968,300.0,2199.955,1.9833333333333332,2686.0,2360.0,889.6,0.0,238792.0,121040.0,2.929920726801797,5.5272148810215445,5.40298747853504,5.3112990632820285,5.4451155089300665,5.517255810133117,5.633568831256772,5.7188362930282866,5.713516034123948,5.698086853602183,5.608540753585347,5.856107038131674,5.438729192597315,5.525335950290994
100.0,2199.865,2.38,484.0,4520.0,27.5,0.1,122456.0,120180.0,1.0,200.0,2199.9325,1.4300000000000002,27580.5,3200.0,5909.5,1.2999999999999998,1682068.0,1649128.0,1.5243741765480898,300.0,2200.0,1.88,3964.666666666666,1480.0,606.1999999999998,0.0,238792.0,121656.0,2.7881835841689067,100.0,2200.0,2.39,450.0,4120.0,38.3,0.1,122320.0,120176.0,1.0042016806722691,200.0,2199.9325,1.45,29110.5,1240.0,5545.7,1.2999999999999998,1683460.0,1650624.0,1.51598993891484,293.8,2200.0,1.93,2483.333333333333,2120.0,996.7,0.0,238792.0,121044.0,2.8489685912466998,100.0,2200.0,2.35,520.0,4560.0,37.9,0.1,122324.0,120176.0,0.9873949579831932,200.0,2199.9325,1.625,45194.5,4840.0,9294.0,1.2999999999999998,1709208.0,1676344.0,1.6761887651215717,300.0,2199.955,1.98,2758.0,3440.0,849.1999999999998,0.0,238792.0,120848.0,2.9254959480407354,100.0,2199.865,2.38,610.0,4200.0,48.6,0.1,122324.0,120180.0,1.0,200.0,2199.9325,1.46,45674.0,6960.0,9070.3,1.2999999999999998,1721648.0,1687908.0,1.5429392741645709,300.0,2199.91,1.9366666666666668,2768.0,2560.0,890.1,0.0,238792.0,121040.0,2.85789876446814,5.459280098412849,5.344110666940836,5.2614802227023185,5.386238697335863,5.4515855202780426,5.510389093803925,5.700771995148162,5.756719932404868,5.813029204179419,5.851124550028287,5.765527327986747,5.811072681485184,5.455701364598763
100.0,2199.865,2.41,385.0,5360.0,19.3,0.1,123140.0,120972.0,1.025531914893617,200.0,2199.865,1.28,55536.5,2880.0,11937.7,1.2999999999999998,1698832.0,1665816.0,1.4588533255028633,300.0,2199.91,1.8533333333333333,5647.333333333332,1160.0,1007.0,0.0,238792.0,121656.0,2.741613377173897,100.0,2200.0,2.42,400.0,2720.0,37.9,0.1,123136.0,120968.0,1.0297872340425531,200.0,2199.9325,1.25,54627.0,2240.0,11991.5,1.2999999999999998,1709208.0,1676488.0,1.4596241374247543,300.0,2199.955,1.8966666666666665,2744.333333333333,2440.0,938.7,0.0,238792.0,121044.0,2.895405568707896,100.0,2199.865,2.36,510.0,4040.0,37.3,0.1,123140.0,120968.0,1.004255319148936,200.0,2200.0,1.47,33350.5,1840.0,6645.9,1.2999999999999998,1723840.0,1691272.0,1.7217736015269418,300.0,2199.91,1.9333333333333331,2477.0,1320.0,771.7,0.0,238792.0,120848.0,2.853254277056096,100.0,2199.865,2.36,695.0,4840.0,55.9,0.1,123140.0,120972.0,1.004255319148936,193.8,2199.9325,1.355,23565.5,5000.0,4730.1,1.2999999999999998,1736044.0,1703244.0,1.5688591983556013,300.0,2199.955,1.8833333333333333,2436.333333333333,2560.0,838.9,0.0,238792.0,121040.0,2.875510952279584,5.769689609423969,5.882988539193393,5.850156826779807,6.1100322640688285,6.1044443770139285,5.444718803948851,5.623779241524974,5.67689656283965,5.726978479541738,5.763941579013793,5.494028136019382,5.721625217717068,5.2958138113572595
100.0,2200.0,2.39,379.0,5120.0,20.3,0.1,123672.0,121500.0,1.0084388185654007,200.0,2199.865,1.28,55536.5,2880.0,11937.7,1.2999999999999998,1698832.0,1665816.0,1.52238314680711,300.0,2200.0,1.94,4646.0,1560.0,1038.4,0.0,238792.0,121656.0,2.9619890208423376,100.0,2199.865,2.4,355.0,4440.0,37.0,0.1,123668.0,121496.0,1.0126582278481011,200.0,2199.9325,1.25,54627.0,2240.0,11991.5,1.2999999999999998,1709208.0,1676488.0,1.5362080315997368,293.8,2199.91,1.9466666666666663,2740.333333333333,2400.0,985.3,0.0,238792.0,121044.0,2.965173299101412,100.0,2199.865,2.3,547.0,5040.0,33.7,0.1,123672.0,121496.0,0.9704641350210971,200.0,2200.0,1.47,33350.5,1840.0,6645.9,1.2999999999999998,1723840.0,1691272.0,1.8140223831468072,300.0,2199.955,1.893333333333333,2478.6666666666665,3240.0,867.4000000000002,0.0,238792.0,120848.0,2.8899471684481464,100.0,2200.0,2.28,647.0,3440.0,59.5,0.1,123672.0,121500.0,0.962025316455696,193.8,2199.9325,1.355,23565.5,5000.0,4730.1,1.2999999999999998,1736044.0,1703244.0,1.6463133640552996,300.0,2199.955,1.9466666666666663,2535.333333333333,1600.0,859.4,0.0,238792.0,121040.0,2.9645592640136935,5.8645492056179815,5.981329221486268,5.936313707726662,6.2275189199054495,6.2201904898011176,6.557543264989502,6.2242497372533965,6.101563129604616,5.695777635550879,5.564466988409916,5.558428228848341,5.40403223949801,5.481464777812837
100.0,2199.865,2.32,393.0,4880.0,22.4,0.1,125444.0,123348.0,0.983050847457627,200.0,2199.9325,1.415,45583.0,2920.0,9286.7,1.4,1757908.0,1725328.0,1.6746586217846935,300.0,2199.955,1.8966666666666667,5366.333333333333,1440.0,1053.4,0.0,238792.0,121656.0,2.869075513899244,100.0,2200.0,2.33,408.0,4280.0,36.6,0.1,125440.0,123344.0,0.9872881355932204,200.0,2199.9325,1.4300000000000002,47856.5,1920.0,9840.0,1.4,1757952.0,1725660.0,1.6798983804382344,300.0,2199.955,1.9833333333333332,2632.0,2200.0,953.6,0.0,238792.0,121044.0,3.0321799509861136,100.0,2199.865,2.29,681.0,4360.0,44.4,0.1,125444.0,123344.0,0.9703389830508476,200.0,2199.9325,1.22,41733.0,3320.0,8667.099999999999,1.4,1767844.0,1735536.0,1.4414893617021276,300.0,2200.0,1.9166666666666667,2507.6666666666665,2520.0,828.9,0.0,238792.0,120848.0,2.89618744504938,100.0,2200.0,2.29,843.0,4240.0,73.8,0.1,125444.0,123348.0,0.9703389830508476,200.0,2199.9325,1.415,21224.0,8800.0,3752.0,1.4,1783568.0,1750464.0,1.713242299142585,293.8,2199.91,1.97,2847.666666666666,2520.0,870.0999999999998,0.0,238792.0,121040.0,3.010266334720764,5.628757835170523,5.855855864364757,5.962271484085053,6.046452346348227,6.2730346595395545,6.0025713685253885,6.027046510856093,6.003800597921312,5.982435942054979,5.8848403132061495,5.810879229999169,5.773211489384017,5.513721015110793
100.0,2200.0,1.47,501.0,8080.0,32.0,0.1,140680.0,135732.0,0.9932432432432432,200.0,2200.0,2.03,17372.5,1720.0,2949.1,1.1,1541780.0,1516140.0,1.6222394420767143,300.0,2200.0,1.7333333333333334,3050.666666666666,1160.0,826.2,0.7,930024.0,917108.0,2.7173294959009247,100.0,2199.865,1.47,493.0,8280.0,39.6,0.1,140948.0,135996.0,0.9932432432432432,200.0,2199.9325,2.11,15176.0,1640.0,2475.6,1.1,1541780.0,1516136.0,1.6682164535709672,293.8,2200.0,1.71,3340.0,2120.0,1342.6,0.7,930024.0,917104.0,2.681083202511774,100.0,2199.865,1.47,503.0,7360.0,37.3,0.1,140548.0,135468.0,0.9932432432432432,200.0,2199.865,2.175,14427.0,2920.0,2343.9,1.1,1541792.0,1516140.0,1.738505747126437,300.0,2200.0,1.7066666666666668,2781.333333333333,2800.0,876.9000000000002,0.7,930024.0,917372.0,2.675902668759812,100.0,2199.865,1.47,743.0,7320.0,62.0,0.1,139992.0,134940.0,0.9932432432432432,200.0,2200.0,2.28,11129.0,4480.0,1931.7,1.1,1541788.0,1516140.0,1.7988505747126435,293.8,2199.955,1.72,2832.333333333333,3080.0,819.6,0.7,930024.0,917640.0,2.6963369963369965,5.4906089673026575,5.5028512588552925,5.476015582791645,5.3426275149208164,5.310343427071135,5.340748462648585,5.196185804528159,5.200720494909575,5.159444190219015,5.038617742828055,5.3787267742299285,5.174049066583594,5.1470936977309005
100.0,2199.865,1.43,2288.0,11320.0,77.5,0.1,156300.0,151308.0,0.9727891156462584,200.0,2200.0,2.3200000000000003,9279.5,1360.0,1619.6,1.1,1541792.0,1516140.0,1.7843603388015996,300.0,2199.955,1.75,2985.666666666666,1720.0,858.4,0.7,930364.0,917476.0,2.944156064461408,100.0,2199.865,1.44,2673.0,11680.0,230.7,0.1,156300.0,151308.0,0.979591836734694,200.0,2199.865,2.45,5295.0,2240.0,902.4,1.1,1541788.0,1516136.0,1.8614880821184543,300.0,2199.865,1.79,3200.666666666666,2400.0,1226.4,0.7,930364.0,918000.0,3.0301537780727963,100.0,2199.865,1.43,3386.0,11960.0,127.4,0.1,156004.0,151044.0,0.9727891156462584,200.0,2200.0,2.49,4905.0,3360.0,849.9,1.1,1541792.0,1516140.0,1.9054441260744983,300.0,2199.91,1.8733333333333333,3186.0,2720.0,951.9,0.7,930364.0,918268.0,3.2208243906036804,100.0,2199.865,1.4,4590.0,11000.0,272.4,0.1,155540.0,150516.0,0.9523809523809524,200.0,2199.9325,2.64,789.5,3960.0,217.7,1.1,1541788.0,1516140.0,1.9940331874429296,300.0,2199.91,1.87,3308.0,2360.0,900.1999999999998,0.7,930364.0,918536.0,3.199177453258104,5.723018143391178,5.758183120125022,5.70418768041604,5.691812356995893,5.659794408501044,5.6926287152593495,5.683317628884119,5.3908548658373086,5.413845960894064,5.1780454637988695,4.9903765837929415,5.413741878854324,5.324968096350816
100.0,2199.865,1.28,10759.0,13080.0,386.2,0.1,175748.0,170684.0,0.9770992366412212,200.0,2199.9325,2.65,775.0,1360.0,165.0,1.1,1541792.0,1516140.0,1.9971346704871056,300.0,2200.0,1.59,2048.6666666666665,2000.0,665.4,0.7,928148.0,915704.0,2.6457664283987707,100.0,2199.865,1.27,12124.0,12120.0,505.0,0.1,175276.0,170420.0,0.9694656488549618,200.0,2199.865,2.64,820.5,2320.0,160.0,1.1,1541788.0,1516136.0,1.983516483516484,300.0,2199.91,1.51,1762.333333333333,1760.0,691.2,0.7,928148.0,915840.0,2.5282130849571023,100.0,2199.865,1.25,13613.0,13600.0,546.2,0.1,174672.0,169628.0,0.9541984732824428,200.0,2199.9325,2.655,706.5,3320.0,165.5,1.1,1541792.0,1516140.0,2.0052583519632234,287.6,2199.91,1.54,1728.0,2160.0,340.1,0.7,928148.0,915956.0,2.5716577355446097,100.0,2200.0,1.2,16728.0,12960.0,949.8,0.1,173888.0,168732.0,0.916030534351145,200.0,2200.0,2.665,700.5,3800.0,173.7,1.1,1541788.0,1516140.0,2.010989010989011,300.0,2199.955,1.5066666666666668,1961.0,2920.0,657.3,0.7,928148.0,916248.0,2.5132420757873986,5.909424387720934,5.9123566330674775,5.86960544939396,5.871852196772076,5.8443829115426364,5.804118667141335,5.792640814843117,5.734535605859738,5.721670536844258,5.729078222229675,4.891460898264255,5.704576160219716,5.658749764986684
93.8,2200.0,1.26,650.0,6480.0,64.6,0.1,190112.0,184940.0,1.008,193.8,2199.9325,2.635,893.0,1440.0,217.1,1.1,1541792.0,1516140.0,1.9860849467302,300.0,2199.91,1.53,3009.666666666666,2240.0,922.0,0.7,928148.0,915704.0,2.4614261524638885,93.8,2199.865,1.27,4623.0,6160.0,215.7,0.1,188244.0,183356.0,1.016,200.0,2200.0,2.635,953.5,2280.0,193.5,1.1,1541788.0,1516136.0,1.9834254143646408,300.0,2199.91,1.596666666666667,1904.0,2440.0,727.6,0.7,928148.0,915840.0,2.565830396019076,100.0,2199.865,1.18,15095.0,12360.0,673.8,0.1,184664.0,179660.0,0.9440000000000001,200.0,2199.9325,2.64,787.0,2800.0,201.3,1.1,1541792.0,1516140.0,1.994269340974212,300.0,2199.91,1.6166666666666665,1797.0,2560.0,359.1,0.7,928148.0,915956.0,2.5941322828115285,100.0,2199.865,1.13,17208.0,12120.0,972.9,0.1,177400.0,172532.0,0.904,200.0,2200.0,2.645,765.5,4200.0,198.6,1.1,1541788.0,1516140.0,1.9971346704871056,300.0,2199.955,1.6033333333333333,2118.6666666666665,2200.0,773.1,0.7,928148.0,916248.0,2.572931785195936,5.7122997986387505,5.709481643891981,5.660423384586839,5.749555340571133,5.595251731738303,5.540228190159919,5.524394615532116,5.662409738191402,5.501534913466831,5.436878823548365,5.226661740921744,5.474599121237169,5.406933708405449
100.0,2200.0,1.25,642.0,7320.0,49.3,0.1,197868.0,192860.0,0.7621951219512195,200.0,2199.9325,2.63,849.5,1480.0,191.4,1.1,1541792.0,1516140.0,2.6083979328165383,300.0,2199.955,1.4799999999999998,2402.0,2320.0,781.0,0.7,928148.0,915704.0,2.3944758134302524,100.0,2200.0,1.25,547.0,7880.0,71.4,0.1,196548.0,191540.0,0.7621951219512195,200.0,2199.9325,2.625,931.0,1920.0,188.3,1.1,1541788.0,1516136.0,2.601937984496124,293.8,2199.955,1.51,2080.6666666666665,2440.0,864.5,0.7,931972.0,918972.0,2.463876990308065,100.0,2200.0,1.25,558.0,6640.0,46.8,0.1,194136.0,189164.0,0.7621951219512195,200.0,2200.0,2.64,748.5,2960.0,184.4,1.1,1541792.0,1516140.0,2.619509043927649,300.0,2199.955,1.5233333333333334,2220.0,2800.0,796.5999999999998,0.7,931972.0,919088.0,2.4962411301488405,100.0,2199.865,1.26,753.0,5440.0,74.8,0.1,190780.0,185732.0,0.7682926829268293,200.0,2199.9325,2.655,729.5,3640.0,190.5,1.1,1541788.0,1516140.0,2.6352713178294573,293.8,2199.955,1.5366666666666664,2008.0,2360.0,861.6,0.7,931972.0,919448.0,2.5038800190377293,6.096152687784231,5.995663768623454,5.980920986192778,5.958207744166117,5.912669574142072,5.859304388384827,5.825222585168366,5.8441289067135065,5.834382718456787,5.776421437178763,5.012595697649958,5.871653477673412,5.886489641062843
100.0,2199.865,1.13,8866.0,10760.0,645.8,0.1,103704.0,101352.0,0.9186991869918698,200.0,2200.0,1.165,14202.5,1680.0,2083.4,0.5,1061620.0,690732.0,1.6288182009690333,293.8,2199.955,1.7666666666666668,2014.333333333333,1240.0,798.8,0.0,194936.0,59556.0,2.8853034525693535,100.0,2199.865,1.11,9551.0,10480.0,622.9,0.1,103796.0,101352.0,0.902439024390244,200.0,2199.9325,1.165,13985.0,2840.0,2438.5,0.5,1061620.0,690732.0,1.6288182009690333,300.0,2199.955,1.7333333333333336,1893.666666666667,1360.0,71.1,0.0,194848.0,59464.0,2.814886223468628,100.0,2200.0,1.1,10284.0,9960.0,750.1,0.1,103700.0,101352.0,0.8943089430894309,200.0,2199.865,1.185,12039.5,4440.0,2483.7,0.5,1061620.0,689904.0,1.6638403202022332,300.0,2200.0,1.7400000000000002,1833.666666666667,1640.0,1498.3,0.0,194936.0,59556.0,2.8674267769037423,100.0,2199.865,1.07,11302.0,8600.0,952.1,0.1,103672.0,101296.0,0.8699186991869919,200.0,2199.9325,1.22,10446.0,5160.0,1827.4,0.5,1061620.0,690732.0,1.7192513368983957,300.0,2199.91,1.7766666666666666,914.3333333333335,1480.0,78.7,0.0,194936.0,59556.0,2.8917588379724446,5.415297030871448,5.48133096231606,5.480126706609026,5.38151752727204,5.444751904250077,5.419840464919009,5.4499019358591125,5.557945157361404,5.550679679159583,5.5846129032990035,5.505020726174943,5.419660499951833,5.2321725847584615
100.0,2199.865,1.13,8673.0,14080.0,657.5,0.1,103832.0,101396.0,0.9416666666666668,200.0,2200.0,1.18,13202.0,3520.0,1985.7,0.5,1061620.0,690732.0,1.6541889483065957,293.8,2200.0,1.7666666666666668,2000.333333333333,920.0,772.0,0.0,195428.0,59808.0,2.8925847209193245,100.0,2199.865,1.11,9388.0,10880.0,588.8,0.1,103828.0,101396.0,0.9250000000000002,193.3,2200.0,1.185,12899.0,2600.0,2364.1,0.5,1061620.0,690732.0,1.6639928698752229,300.0,2199.865,1.7300000000000002,1902.666666666667,1680.0,85.69999999999997,0.0,195284.0,59800.0,2.8139467049718574,100.0,2200.0,1.09,10025.0,12560.0,670.8,0.1,103828.0,101396.0,0.9083333333333334,200.0,2199.9325,1.205,11372.0,3720.0,2344.8,0.5,1061620.0,689904.0,1.6987522281639929,300.0,2199.91,1.7333333333333334,1808.0,1800.0,1926.3,0.0,195428.0,59808.0,2.867071704971857,100.0,2199.865,1.07,10965.0,9280.0,1012.3,0.1,103832.0,101352.0,0.8916666666666667,200.0,2200.0,1.205,10791.5,5320.0,1801.8,0.5,1061620.0,690732.0,1.6988624394354332,300.0,2199.91,1.7866666666666664,904.6666666666665,1920.0,82.60000000000002,0.0,195428.0,59808.0,2.92578564727955,5.402450037320945,5.488829689427288,5.485607254790585,5.43358107631349,5.4793749656962785,5.4594122749320775,5.497389267035318,5.566732298847062,5.529930331006414,5.51994038600798,5.4851374416938885,5.484184958120786,5.2907768496851055
100.0,2199.865,1.06,10897.0,13120.0,830.4,0.1,104088.0,101656.0,0.8983050847457628,200.0,2199.9325,1.17,13134.5,1680.0,2013.6,0.5,1061620.0,690732.0,1.6514438502673796,300.0,2199.91,1.7566666666666668,2163.0,1240.0,767.8000000000002,0.0,195584.0,59824.0,2.8767230631972014,100.0,2199.865,1.04,11263.0,10920.0,749.8,0.1,104084.0,101656.0,0.8813559322033899,193.8,2199.865,1.175,12975.0,2800.0,2349.9,0.5,1061620.0,690732.0,1.6614438502673796,293.8,2199.955,1.7266666666666666,1896.333333333333,1640.0,71.30000000000003,0.0,195584.0,59820.0,2.8168383082813384,100.0,2199.865,1.05,11251.0,12160.0,740.1,0.1,104084.0,101656.0,0.8898305084745763,200.0,2199.865,1.195,11284.5,4360.0,2181.600000000001,0.5,1061620.0,689904.0,1.6967914438502674,300.0,2199.955,1.7266666666666666,1874.0,2440.0,1517.2,0.0,195736.0,60028.0,2.8591408761107964,100.0,2200.0,1.02,11977.0,10040.0,1062.1,0.1,104084.0,101656.0,0.8644067796610171,200.0,2200.0,1.2,10658.5,3760.0,1803.9,0.5,1061620.0,690732.0,1.7021390374331549,300.0,2199.955,1.78,961.6666666666665,2240.0,80.2,0.0,195736.0,60028.0,2.9177951881263,5.426654029112939,5.5280272184840085,5.5322382467432725,5.456029990645214,5.507233331959879,5.455134699120243,5.479439976527554,5.548040873805799,5.544222557663456,5.524576833951503,5.485644448054619,5.482739693531071,5.332253484963843
100.0,2199.865,1.06,10708.0,13440.0,777.5,0.1,104088.0,101656.0,0.8688524590163935,200.0,2199.9325,1.16,12847.0,2320.0,1956.5,0.5,1061620.0,690732.0,1.6582996835097674,300.0,2199.91,1.7433333333333334,1994.333333333333,1040.0,793.2,0.0,196072.0,60284.0,2.859998409592856,100.0,2199.865,1.02,12289.0,10760.0,777.6,0.1,104084.0,101656.0,0.8360655737704918,200.0,2199.865,1.17,12795.5,2520.0,2229.6,0.5,1061620.0,690732.0,1.673851358725308,300.0,2199.91,1.7266666666666666,1877.666666666667,1680.0,89.4,0.0,196072.0,60280.0,2.8307551733243708,100.0,2199.865,1.01,12814.0,10000.0,859.0,0.1,104084.0,101656.0,0.8278688524590164,200.0,2199.9325,1.185,11065.5,5160.0,2083.7,0.5,1061620.0,689904.0,1.6996071155735022,293.8,2199.955,1.72,1821.333333333333,1800.0,1564.9,0.0,196072.0,60284.0,2.862620330804686,100.0,2200.0,0.99,12990.0,10160.0,1183.7,0.1,104084.0,101656.0,0.8114754098360656,200.0,2200.0,1.21,11032.5,5880.0,1898.3,0.5,1061620.0,690732.0,1.8619702176403208,300.0,2199.955,1.7766666666666666,950.0,2680.0,94.2,0.0,196072.0,60284.0,2.9250588150566545,5.5971681174779375,5.672750694395407,5.63149876538306,5.57559704927455,5.622911256442399,5.567795256005545,5.60321145032907,5.673766840286675,5.613673167703976,5.5678880596792855,5.5335876380306015,5.4949870377584125,5.360045331856959
100.0,2200.0,1.06,10596.0,11600.0,785.0,0.1,104504.0,102192.0,0.8548387096774194,200.0,2199.9325,0.745,14843.5,3400.0,1874.1,0.5,1061620.0,690732.0,2.0323529411764705,300.0,2199.955,1.7,2796.666666666666,1160.0,926.7,0.0,197188.0,61660.0,2.8265996400422018,100.0,2200.0,1.03,11532.0,11960.0,756.8,0.1,104500.0,102192.0,0.8306451612903226,200.0,2199.865,0.73,14591.0,2520.0,2260.6,0.5,1061620.0,690732.0,1.9948529411764704,293.8,2200.0,1.6900000000000002,2200.0,1720.0,115.6,0.0,196820.0,61340.0,2.793489728790417,100.0,2199.865,1.03,11467.0,12800.0,718.3,0.1,104500.0,102192.0,0.8306451612903226,200.0,2200.0,0.76,14155.5,3880.0,2452.0,0.5,1061620.0,689904.0,2.074264705882353,300.0,2199.91,1.7100000000000002,2045.0,2240.0,1745.5,0.0,197188.0,61660.0,2.8658071122695965,100.0,2200.0,1.01,12260.0,8760.0,1091.5,0.1,104500.0,102192.0,0.8145161290322581,193.8,2200.0,0.705,16198.5,6080.0,2404.0,0.5,1061620.0,690732.0,1.912217194570136,300.0,2199.91,1.7266666666666666,1344.0,3320.0,157.2,0.0,197188.0,61660.0,2.8703221001675665,5.52732290716912,5.692288056342888,5.646777748085673,5.492959790289278,5.439883917487098,5.35190380422838,5.4700518778026535,5.524842091341026,5.377852249561479,5.370867713416977,5.344178775652813,5.36336528882545,5.3224752554107955
100.0,2199.865,1.0,11086.0,12120.0,790.4,0.1,104504.0,102192.0,0.8064516129032259,200.0,2200.0,0.495,59701.5,2120.0,9390.5,0.7,1358756.0,999552.0,1.424923391215526,293.8,2199.955,1.6266666666666667,3611.333333333334,960.0,964.3,0.0,198080.0,62468.0,2.8064707847985177,100.0,2199.865,0.99,11216.0,12680.0,729.7,0.1,104500.0,102192.0,0.7983870967741935,200.0,2200.0,0.48,62653.0,2480.0,15305.8,0.7,1358756.0,999356.0,1.3842696629213482,300.0,2200.0,1.663333333333333,2406.333333333333,1440.0,134.9,0.0,197948.0,62308.0,2.8645007679117764,100.0,2200.0,1.03,11398.0,11840.0,724.2,0.1,104500.0,102192.0,0.8306451612903226,200.0,2199.9325,0.695,14803.5,1880.0,2387.9,0.7,1343128.0,983132.0,1.86046986721144,293.8,2199.955,1.64,2434.0,1880.0,1858.0,0.0,198080.0,62468.0,2.8452694358104615,100.0,2200.0,1.0,12473.0,10520.0,1103.4,0.1,104500.0,102192.0,0.8064516129032259,200.0,2200.0,0.585,29504.0,5920.0,4551.4,0.8,1655596.0,1014952.0,2.0124521072796933,300.0,2199.91,1.6733333333333336,1698.666666666667,2440.0,95.4,0.0,198080.0,62468.0,2.877601204592999,5.472840901243567,5.603603681793842,5.718817843080091,6.000291896423478,6.0324878768323575,5.872947189253554,5.604325495733503,5.495467859859667,5.757784857009995,5.883437161116383,5.865383126741905,5.71776199376121,5.726247444521968
100.0,2199.865,1.05,10349.0,11680.0,741.1,0.1,104504.0,102192.0,0.8606557377049181,200.0,2199.9325,0.72,16860.5,2320.0,2887.0,0.7,1343128.0,983964.0,2.518199233716475,300.0,2199.91,1.62,3871.0,1320.0,1257.5,0.0,198080.0,62468.0,2.795419621029377,100.0,2199.865,1.02,11539.0,10800.0,723.2,0.1,104500.0,102192.0,0.8360655737704918,200.0,2199.865,0.7150000000000001,17091.0,2680.0,2574.3,0.7,1343128.0,983964.0,2.5067049808429123,300.0,2199.91,1.653333333333333,2590.333333333333,1320.0,166.3,0.0,198080.0,62464.0,2.8406520308959333,100.0,2199.865,1.0,12441.0,12600.0,781.1,0.1,104500.0,102192.0,0.819672131147541,200.0,2199.9325,0.595,22779.0,3560.0,3650.0,0.7,1343128.0,983132.0,2.1494252873563218,300.0,2199.865,1.63,2541.0,1920.0,2117.5,0.0,198080.0,62468.0,2.8253969607628147,100.0,2199.865,0.97,13318.0,11040.0,1175.7,0.1,104500.0,102192.0,0.7950819672131147,200.0,2200.0,0.685,37380.5,5240.0,8932.5,0.9,1655596.0,1189616.0,1.9950561797752808,300.0,2199.955,1.67,1777.666666666667,1680.0,94.6,0.0,198080.0,62468.0,2.8723869626308653,5.5547644294531695,5.503938408029962,5.327144036123976,5.068792656322255,5.217474179011845,5.335378567740492,5.451258907872801,5.4383328313246775,5.172643821581875,5.0966094097994326,5.050046523866468,5.015104106370163,4.9192277517536525
100.0,2200.0,1.03,10257.0,12800.0,757.7,0.1,104636.0,102192.0,0.7686567164179104,193.3,2199.9325,0.635,43009.0,2280.0,7120.4000000000015,0.9,1655596.0,1182012.0,2.064814814814815,300.0,2199.955,1.5766666666666669,4712.666666666667,1080.0,1143.2,0.0,198080.0,62468.0,2.7535833288366067,100.0,2199.865,0.99,11814.0,12320.0,761.2,0.1,104632.0,102192.0,0.7388059701492536,200.0,2199.9325,0.64,43453.0,2440.0,9075.7,0.9,1655596.0,1188756.0,2.074074074074074,300.0,2199.91,1.6333333333333335,2541.333333333333,2320.0,82.5,0.0,198080.0,62464.0,2.825332532916037,93.8,2199.865,1.0,11558.0,12080.0,753.2,0.1,104632.0,102192.0,0.7462686567164178,200.0,2200.0,0.63,40347.5,3840.0,8158.4,1.0,1655596.0,1295340.0,2.1111111111111107,300.0,2199.955,1.623333333333333,2614.333333333333,2080.0,2069.600000000001,0.0,198080.0,62468.0,2.840874905568746,100.0,2199.865,0.97,12243.0,9840.0,1094.4,0.1,104632.0,102192.0,0.7238805970149254,200.0,2200.0,0.5700000000000001,40608.0,3880.0,9211.1,1.0,1655596.0,1296368.0,1.5752136752136752,300.0,2199.865,1.656666666666667,1905.0,2520.0,109.4,0.0,198080.0,62468.0,2.874959529462552,5.185823066827028,5.448101800404512,5.4634965622486575,5.162754017244498,4.963236847810036,5.111890101653581,5.327008791110805,5.6985126161785695,5.741256877202699,5.6018865484621285,5.5749664645971375,5.286895949543009,5.098240390007702
100.0,2200.0,1.32,868.0,10800.0,247.3,0.1,109660.0,87020.0,0.9924812030075189,193.8,2199.9325,0.86,27778.5,2560.0,13378.4,0.3,1287084.0,433680.0,1.0957567623373945,300.0,2199.865,1.68,2209.6666666666665,960.0,968.1,0.0,36316.0,16880.0,2.7555073346530627,100.0,2200.0,1.32,976.0,11920.0,247.4,0.1,112700.0,87284.0,0.9924812030075189,200.0,2200.0,0.86,27815.0,2680.0,13474.7,0.3,1287084.0,433656.0,1.0957567623373945,300.0,2199.955,1.8033333333333332,611.6666666666666,1280.0,21.5,0.0,36316.0,16876.0,2.9625928463868165,100.0,2200.0,1.32,1252.0,10160.0,223.1,0.1,109656.0,87740.0,0.9924812030075189,200.0,2199.9325,0.875,27854.5,4280.0,11947.6,0.4,1287084.0,583420.0,1.1110881684906049,300.0,2199.865,1.7866666666666664,717.6666666666665,1160.0,87.9,0.0,36316.0,16876.0,2.935707578295518,93.8,2199.865,1.32,1424.0,9680.0,215.7,0.1,109660.0,87692.0,0.9924812030075189,200.0,2199.9325,1.235,27553.5,5320.0,12056.1,1.0,1287084.0,1278340.0,1.6375403040073702,300.0,2199.91,1.79,629.3333333333334,1560.0,19.3,0.0,36316.0,16876.0,2.940337207925148,5.358167945563338,5.7287274763192,5.864681988812442,5.96324956279005,5.915329586913527,5.982331794780755,5.662633751690234,5.595307713180425,5.812458343511956,5.738131520184936,5.675074209114685,5.5642221896393895,5.501084987852993
100.0,2200.0,1.28,693.0,11240.0,229.3,0.1,109424.0,87748.0,0.992248062015504,200.0,2200.0,1.225,42201.5,2680.0,16930.5,1.0,1287084.0,1278184.0,1.6426070935052972,293.8,2199.865,1.6133333333333333,1686.333333333333,960.0,728.0000000000001,0.0,36256.0,17064.0,2.7463599095278486,100.0,2199.865,1.28,944.0,11600.0,241.4,0.1,109428.0,87452.0,0.992248062015504,200.0,2199.9325,1.235,42100.0,2560.0,16420.9,1.0,1287084.0,1278160.0,1.6562874251497006,300.0,2199.91,1.7400000000000002,376.66666666666674,1240.0,20.5,0.0,36344.0,17148.0,2.96598812553011,100.0,2199.865,1.28,1208.0,10960.0,228.3,0.1,109424.0,88468.0,0.992248062015504,200.0,2200.0,1.225,33801.0,4120.0,15884.7,1.0,1287084.0,1278120.0,1.6306771073238138,293.8,2199.91,1.72,588.0,1840.0,59.90000000000001,0.0,36344.0,17148.0,2.933354537743851,100.0,2200.0,1.28,1440.0,9760.0,184.1,0.1,109424.0,88420.0,0.992248062015504,193.8,2199.865,1.275,26002.0,5200.0,11225.0,1.0,1287084.0,1278340.0,1.9762369996848408,293.8,2199.91,1.7299999999999998,490.33333333333326,1240.0,19.8,0.0,36344.0,17148.0,2.9502473847893693,5.708990314354607,5.792341177635294,6.0998385544054186,6.105915426563108,6.002037039565886,5.748138115628487,5.729515682456857,5.6905190364270775,5.73146514019428,5.7922652076211465,5.63389610199623,5.643414827238357,5.491497967057172
100.0,2199.865,1.25,5445.0,13800.0,565.9,0.1,112540.0,88356.0,0.9615384615384616,200.0,2199.9325,1.065,35122.5,2080.0,14359.1,1.0,1287084.0,1278184.0,1.7578320802005014,300.0,2199.955,1.5599999999999998,3290.333333333333,1040.0,1146.0,0.0,38228.0,18688.0,2.605847364267309,100.0,2200.0,1.25,6520.0,12320.0,712.9,0.1,112524.0,88360.0,0.9615384615384616,200.0,2200.0,1.05,37072.0,2440.0,14961.2,1.0,1287084.0,1278160.0,1.7183583959899749,300.0,2199.955,1.74,1112.0,1840.0,70.2,0.0,38228.0,18684.0,2.8977107336044794,100.0,2200.0,1.23,7877.0,12400.0,674.2,0.1,112524.0,89076.0,0.946153846153846,200.0,2200.0,1.08,28368.0,3360.0,12747.8,1.0,1287084.0,1278120.0,1.761278195488722,300.0,2199.91,1.7400000000000002,1119.6666666666667,2120.0,187.3,0.0,38228.0,18684.0,2.903773478294108,100.0,2199.865,1.22,9324.0,12160.0,980.3,0.1,112516.0,89028.0,0.9384615384615383,200.0,2200.0,1.005,27679.5,5320.0,11692.0,1.0,1287084.0,1278340.0,1.5527560339204176,300.0,2200.0,1.7433333333333332,1093.0,2520.0,113.5,0.0,38228.0,18684.0,2.9055847493525113,5.404629883396269,5.475131050867495,5.472310359016856,5.607266191541829,5.50905504642732,5.427693740176078,5.438834134571524,5.3986841379836745,5.5779237329834315,5.681815873254376,5.545689155041174,5.552257856161096,5.299663593989124
100.0,2199.865,1.25,5432.0,12760.0,525.2,0.1,112772.0,88408.0,0.9541984732824428,200.0,2200.0,0.95,26980.5,2480.0,13226.7,1.0,1287084.0,1278184.0,1.5220305657342033,300.0,2199.955,1.6,2934.333333333333,1520.0,1266.8000000000004,0.0,38568.0,19056.0,2.6539353433596027,100.0,2200.0,1.25,5952.0,11800.0,639.5,0.1,112764.0,88412.0,0.9541984732824428,200.0,2200.0,0.95,27438.5,2560.0,13245.9,1.0,1287084.0,1278160.0,1.5220305657342033,300.0,2199.955,1.7366666666666666,1096.3333333333333,1480.0,92.1,0.0,38936.0,19368.0,2.878505777795132,100.0,2199.865,1.25,7250.0,11960.0,610.2,0.1,112740.0,89128.0,0.9541984732824428,200.0,2199.9325,0.945,28999.5,3160.0,11711.9,1.0,1287084.0,1278120.0,1.471355795870945,300.0,2199.91,1.7299999999999998,1190.3333333333333,1640.0,148.6,0.0,38936.0,19372.0,2.8744492818700667,100.0,2199.865,1.22,8663.0,9640.0,889.6,0.1,112732.0,89080.0,0.931297709923664,200.0,2199.9325,0.96,28038.5,5440.0,11575.1,1.0,1287084.0,1278340.0,1.5067710732381392,300.0,2199.955,1.7266666666666666,1125.0,1760.0,92.6,0.0,38936.0,19368.0,2.8639419812620264,5.304464545902563,5.367664210804196,5.363694118712122,5.451801843666399,5.389285960796398,5.515165256424487,5.406368327967937,5.288988977635957,5.640671560514456,5.555567381201152,5.600863908602344,5.458779384997107,5.307854125958845
100.0,2200.0,1.29,3520.0,13440.0,507.1,0.1,113188.0,88456.0,1.0573770491803278,200.0,2200.0,0.89,28784.5,2040.0,13423.6,1.0,1287084.0,1278184.0,1.375,300.0,2199.91,1.62,3431.333333333333,1200.0,1996.8,0.0,39828.0,20184.0,2.943450226334793,100.0,2200.0,1.3,4164.0,11840.0,517.7,0.1,113172.0,88460.0,1.0655737704918034,200.0,2199.9325,0.885,29225.0,2560.0,13453.3,1.0,1287084.0,1278160.0,1.3588709677419355,300.0,2199.955,1.7133333333333332,658.0,2120.0,59.50000000000001,0.0,39828.0,20180.0,3.0925563666726443,100.0,2199.865,1.3,4589.0,11000.0,595.3,0.1,113164.0,89176.0,1.0655737704918034,200.0,2200.0,0.9,28163.0,3040.0,11838.0,1.0,1287084.0,1278120.0,1.386904761904762,293.8,2199.955,1.6900000000000002,879.3333333333335,1360.0,83.1,0.0,39828.0,20180.0,3.053140645114127,100.0,2199.865,1.24,5254.0,10960.0,559.1,0.1,113140.0,89128.0,1.0163934426229508,193.8,2200.0,0.925,28669.0,5400.0,11775.9,1.0,1287084.0,1278340.0,1.4087301587301588,300.0,2200.0,1.6966666666666663,821.6666666666665,1600.0,43.7,0.0,39828.0,20176.0,3.062655044758662,5.350463844604159,5.595442300290587,5.448840085598412,5.635614647868791,5.581120558668292,5.337650701306163,5.73860106662143,5.608001632029875,5.535502406090641,5.695186936865947,5.398935984650271,5.679814978805737,5.366624605145873
100.0,2200.0,1.11,2367.0,10480.0,356.2,0.1,113500.0,88472.0,0.973684210526316,200.0,2199.9325,0.88,30153.5,2520.0,13342.8,1.0,1287084.0,1278184.0,1.2805937420932785,300.0,2199.91,1.5833333333333333,2525.6666666666665,600.0,1097.5,0.0,39828.0,20184.0,2.724072662601626,100.0,2199.865,1.15,3559.0,10160.0,455.3,0.1,113476.0,88476.0,1.0087719298245614,200.0,2200.0,0.88,30395.5,2520.0,13381.1,1.0,1287084.0,1278160.0,1.2805937420932785,300.0,2199.91,1.6900000000000002,899.6666666666665,1560.0,98.2,0.0,39828.0,20180.0,2.897484756097561,100.0,2199.865,1.15,4321.0,10160.0,516.1,0.1,113452.0,89192.0,1.0087719298245614,200.0,2199.9325,0.905,28162.5,4000.0,11884.5,1.0,1287084.0,1278120.0,1.3267268280340727,300.0,2200.0,1.643333333333333,1135.3333333333333,1440.0,129.1,0.0,39828.0,20180.0,2.8252286585365853,100.0,2199.865,1.08,4196.0,9520.0,568.7,0.1,113404.0,89144.0,0.9473684210526316,200.0,2200.0,0.925,28913.0,4640.0,11898.4,1.0,1287084.0,1278340.0,1.3527112441783102,300.0,2199.91,1.6366666666666667,1021.6666666666665,1840.0,70.7,0.0,39828.0,20176.0,2.809933943089431,5.074731083381882,5.100325554032099,5.187934832481162,5.429433963201894,5.345194961410145,5.320445148746567,5.208069389818916,5.402083681754628,5.4389978363493325,5.458850221933143,5.325165142276423,5.405143714792311,5.22646623213823
100.0,2200.0,1.32,3768.0,15800.0,392.5,0.1,111440.0,89764.0,0.9361702127659576,200.0,2199.9325,1.865,41550.0,2600.0,8995.2,0.7,941412.0,925304.0,1.393333333333333,300.0,2200.0,1.82,6574.333333333332,1160.0,1688.1999999999996,0.6,879420.0,799244.0,2.5208561719615687,100.0,2199.865,1.31,4664.0,13280.0,498.9,0.1,111436.0,89628.0,0.9290780141843972,200.0,2199.9325,2.14,34015.5,3400.0,7426.0,0.7,941544.0,925300.0,1.5593669250645994,300.0,2199.91,1.98,4212.666666666667,2440.0,1532.5,0.6,879420.0,801556.0,2.754728018330586,100.0,2200.0,1.25,5575.0,12320.0,732.1,0.1,111420.0,89772.0,0.8865248226950355,200.0,2199.9325,2.765,19914.0,3760.0,5016.5999999999985,0.7,941412.0,925380.0,2.3819409282700423,300.0,2199.865,2.026666666666667,4078.666666666666,2080.0,1291.9,0.6,879424.0,800568.0,2.8116442376557393,100.0,2200.0,1.23,6774.0,13120.0,594.6,0.1,111436.0,88204.0,0.8723404255319149,200.0,2199.9325,2.2350000000000003,34720.5,5040.0,7637.4,0.7,942320.0,926092.0,1.62843669250646,300.0,2199.91,2.026666666666667,3940.333333333334,3160.0,1584.0,0.6,879424.0,797736.0,2.8138729569808927,5.355847069935377,5.1463800279017216,5.447982445771324,5.285561157143797,5.284840689872106,5.37119067124385,5.236079235711683,5.272516274723619,5.1105198320581895,5.241541770259669,5.208487984568123,5.147478153724091,5.070305814781234
100.0,2199.865,1.38,4126.0,11680.0,408.4,0.1,113836.0,89832.0,0.9928057553956836,200.0,2200.0,2.68,21820.0,2000.0,4954.700000000002,0.7,941412.0,925304.0,2.040090702947846,300.0,2199.865,1.86,6202.666666666668,1520.0,1557.5,0.6,879420.0,800036.0,2.578642194636632,93.8,2200.0,1.38,5035.0,14640.0,495.0,0.1,111540.0,89640.0,0.9928057553956836,200.0,2200.0,2.725,21182.5,2680.0,4700.9000000000015,0.7,941544.0,925300.0,2.0738321995464855,300.0,2199.955,1.99,4249.333333333333,3280.0,1541.2,0.6,879420.0,802348.0,2.7691745239993515,100.0,2199.865,1.34,6652.0,13680.0,864.6,0.1,111532.0,89784.0,0.9640287769784174,200.0,2200.0,2.2,35923.0,3880.0,7814.6,0.7,942320.0,926180.0,1.6050129198966407,300.0,2199.91,2.03,4053.333333333334,2600.0,1235.1999999999996,0.6,879424.0,803140.0,2.8177792069808927,100.0,2199.865,1.33,7774.0,11400.0,725.7,0.1,111532.0,88216.0,0.9568345323741008,200.0,2200.0,2.765,19185.0,5200.0,5118.3,0.7,941544.0,925304.0,2.1073015873015875,300.0,2199.91,2.033333333333333,3961.0,2640.0,1608.9,0.6,879424.0,800576.0,2.824413212649658,5.8463878639235,5.707957359346764,5.875821175314834,5.759275238556245,5.708324548471566,5.743508424683329,5.710438810293104,5.665323507528546,5.537253017639152,5.582491107381929,5.518842616263331,5.4331760502252004,5.418575939993255
100.0,2200.0,1.19,2176.0,10840.0,337.1,0.1,111772.0,89764.0,0.9916666666666668,200.0,2200.0,2.17,32807.0,2720.0,7550.3,0.7,942320.0,926092.0,1.5714065510597304,293.8,2199.955,1.82,6577.666666666668,1360.0,1725.6999999999996,0.6,879420.0,800564.0,2.5290394389678656,100.0,2199.865,1.18,2862.0,11720.0,405.5,0.1,111748.0,89660.0,0.9833333333333332,200.0,2199.9325,2.565,23909.0,2280.0,5437.4,0.7,942320.0,926088.0,1.8012845215157354,300.0,2199.955,1.98,4227.0,3520.0,1527.4,0.6,879420.0,802876.0,2.754728018330586,100.0,2199.865,1.17,3725.0,10680.0,550.9,0.1,111708.0,89804.0,0.975,200.0,2199.9325,2.745,19917.0,3880.0,4958.4,0.7,941412.0,925392.0,2.0916099773242633,300.0,2199.955,2.03,4064.0,2160.0,1267.6,0.6,879424.0,803668.0,2.82115527444662,100.0,2200.0,1.15,4475.0,10720.0,613.5,0.1,111708.0,88236.0,0.9583333333333331,200.0,2199.9325,1.84,44806.5,7880.0,9899.5,0.7,941412.0,925304.0,1.391535003211304,293.8,2199.955,2.026666666666667,4009.0,2520.0,1608.3,0.6,879424.0,801364.0,2.8138729569808927,5.154469153156362,6.287099566278184,5.2800118197466395,5.153273414207421,5.165140201115831,5.2791263761046645,5.116825573522922,5.188555202345012,5.0205664044189415,5.1498655836176646,5.117800763918583,4.962064882184918,4.844198727023243
100.0,2200.0,1.17,1715.0,12600.0,313.2,0.1,112084.0,89804.0,0.9915254237288136,200.0,2199.9325,2.7,21381.5,2160.0,4814.2,0.7,942320.0,926092.0,1.8883091787439612,300.0,2199.865,1.8633333333333333,6167.666666666668,1440.0,1543.6,0.6,879420.0,801092.0,2.5886211215804646,100.0,2200.0,1.17,2312.0,11520.0,298.2,0.1,112084.0,89700.0,0.9915254237288136,200.0,2200.0,2.74,21120.5,2560.0,4785.9,0.7,941544.0,925300.0,1.9145893719806764,300.0,2199.955,1.9766666666666663,4231.333333333333,1760.0,1503.8000000000004,0.6,879420.0,805448.0,2.7563886849404464,93.3,2199.865,1.17,2573.0,11040.0,457.1,0.1,112044.0,89844.0,0.9915254237288136,200.0,2199.9325,1.875,43253.5,4320.0,9588.1,0.7,941412.0,925392.0,1.4086576750160564,300.0,2199.955,2.03,4069.333333333334,3040.0,1249.9,0.6,879424.0,804196.0,2.8249389754270124,100.0,2200.0,1.16,3384.0,10240.0,432.7,0.1,112040.0,88344.0,0.983050847457627,193.8,2200.0,2.785,18826.0,5000.0,5008.799999999998,0.7,941544.0,925304.0,1.9499516908212557,293.8,2199.865,2.026666666666667,4006.666666666666,2920.0,1604.8,0.6,879424.0,803940.0,2.821782203458965,5.740394576172293,5.289386815020422,5.770318818725765,5.675721978774113,5.6229976013526555,5.634444364181388,5.589446298159686,5.578802909998339,5.561952204598743,5.6639864575842465,5.6114797963142715,5.5263960747587415,5.391817838301621
100.0,2199.865,1.14,2072.0,12760.0,350.0,0.1,112228.0,89816.0,0.9421487603305784,200.0,2200.0,2.7,21500.0,2160.0,4854.6,0.7,942320.0,926092.0,2.482879499217528,300.0,2199.955,1.8633333333333333,6206.0,1480.0,1576.4,0.6,879420.0,803664.0,2.593789410037143,100.0,2200.0,1.13,2658.0,11920.0,357.7,0.1,112224.0,89800.0,0.9338842975206609,200.0,2200.0,2.74,21030.5,2480.0,4658.5,0.7,942320.0,926088.0,2.5199374021909238,300.0,2199.955,1.98,4250.333333333333,2080.0,1515.4,0.6,879420.0,805976.0,2.7643478928526872,100.0,2200.0,1.12,2967.0,12360.0,482.7,0.1,112212.0,89856.0,0.925619834710744,200.0,2199.9325,2.76,19826.5,3840.0,4852.3,0.7,942320.0,926180.0,1.932367149758454,300.0,2199.865,2.016666666666667,4136.0,2000.0,1226.9,0.6,879424.0,804724.0,2.802866643733517,100.0,2199.865,1.12,3593.0,10800.0,461.8,0.1,112212.0,88288.0,0.925619834710744,200.0,2200.0,2.785,18943.0,5240.0,5009.4,0.7,942320.0,926092.0,2.5606885758998432,300.0,2199.91,2.03,3998.333333333334,2400.0,1599.0,0.6,879424.0,804728.0,2.829441517184456,6.299955471234988,5.666858570906019,6.360281961768603,6.251695304539338,6.2265634404098025,6.28678872313008,6.248781007676567,6.191087541126407,6.0880430013189555,6.118798518997814,6.115151278222935,6.127400662107612,6.098810009229621
100.0,2199.865,1.27,5424.0,14440.0,512.0,0.1,112468.0,89876.0,0.9548872180451128,200.0,2199.9325,2.705,21846.5,2480.0,4825.8,0.7,942320.0,926096.0,1.8856612231828367,300.0,2199.955,1.86,6161.0,1440.0,1583.1,0.6,879420.0,805256.0,2.5824482820742922,100.0,2199.865,1.27,6666.0,16520.0,757.5,0.1,112468.0,89772.0,0.9548872180451128,200.0,2199.9325,2.74,21261.5,2280.0,4675.3,0.7,941544.0,925304.0,1.9089593339737432,300.0,2199.91,1.9766666666666663,4284.0,2360.0,1485.6999999999996,0.6,879420.0,807300.0,2.7546211317778857,100.0,2199.865,1.23,8402.0,11920.0,790.2,0.1,112444.0,89912.0,0.924812030075188,200.0,2199.9325,2.765,19931.5,3760.0,4890.5999999999985,0.7,942320.0,926184.0,1.9296189561319244,300.0,2200.0,2.013333333333333,4166.0,2560.0,1419.2,0.6,879424.0,806312.0,2.8152565801661606,93.8,2200.0,1.21,9552.0,11320.0,771.7,0.1,112444.0,88344.0,0.9097744360902256,200.0,2199.9325,2.78,18779.5,5640.0,4847.1,0.7,941544.0,925308.0,1.939827089337176,300.0,2199.91,2.026666666666667,3984.333333333334,3040.0,1597.0,0.6,879424.0,806316.0,2.8200146502964047,5.671143160178486,5.469779725035766,5.683369677003889,5.587891219403564,5.537801439855472,5.591679823143443,5.588078090095872,5.563000184467995,5.482068810531219,5.4481265457916574,5.394564266013567,5.349265284441083,5.259469171155049
100.0,2200.0,1.26,5286.0,12640.0,551.8,0.1,112780.0,89936.0,0.9618320610687022,200.0,2199.9325,2.705,21339.0,2440.0,4689.0,0.7,941544.0,925308.0,1.8856612231828367,300.0,2199.91,1.8533333333333333,6247.0,1520.0,1645.3,0.6,879420.0,807352.0,2.6056474746034013,100.0,2200.0,1.26,6598.0,13480.0,612.1,0.1,112780.0,89832.0,0.9618320610687022,200.0,2199.9325,2.74,20966.5,2560.0,4527.6,0.7,941544.0,925304.0,1.9089593339737432,293.8,2199.91,1.9466666666666663,4456.666666666667,1680.0,1660.0,0.6,879420.0,809136.0,2.7486132902264697,100.0,2200.0,1.23,8204.0,11880.0,887.5,0.1,112740.0,89976.0,0.9389312977099236,200.0,2200.0,2.77,20268.0,3840.0,4987.5,0.7,941412.0,925396.0,1.9296934865900384,300.0,2200.0,1.9833333333333327,4317.0,2920.0,2134.7000000000007,0.6,879424.0,808940.0,2.811159172801916,100.0,2199.865,1.22,9663.0,10320.0,917.1,0.1,112732.0,88408.0,0.931297709923664,200.0,2199.9325,2.785,18924.0,5120.0,4948.700000000002,0.7,942320.0,926096.0,1.9427089337175796,300.0,2199.955,2.0,4191.333333333333,2360.0,1606.1,0.6,879424.0,808680.0,2.822085136056039,5.665727796070254,5.03911412508109,5.679478318558601,5.586871616753738,5.527667112561763,5.571310767520269,5.559864048736001,5.52133181329104,5.484065299672222,5.5298016462061215,5.48896623251309,5.4307029198499,5.355469451917856
93.3,2199.865,1.1,2780.0,13960.0,445.3,0.1,113388.0,90000.0,0.9649122807017544,200.0,2200.0,1.675,50797.0,1600.0,9659.6,0.7,941544.0,925308.0,1.274129258198026,293.8,2199.955,1.75,7137.0,1600.0,1749.0,0.6,879420.0,811576.0,2.5126884526159583,100.0,2200.0,1.1,3258.0,12560.0,403.7,0.1,113388.0,89896.0,0.9649122807017544,200.0,2199.9325,1.885,46922.0,2560.0,8471.0,0.7,941544.0,925304.0,1.4086851321235276,300.0,2199.91,1.856666666666667,4943.666666666667,2440.0,1867.5,0.6,881796.0,817848.0,2.6707599363725656,100.0,2200.0,1.08,3374.0,11320.0,614.3,0.1,113340.0,90028.0,0.9473684210526316,193.8,2200.0,2.72,20952.5,4040.0,5299.0,0.7,983248.0,966608.0,1.8998280802292264,300.0,2200.0,1.9966666666666668,7336.0,3000.0,2696.8,0.6,876616.0,812988.0,2.7718915480439548,100.0,2199.865,1.06,3888.0,7840.0,623.2,0.1,113328.0,88624.0,0.9298245614035088,200.0,2200.0,2.8,18932.5,5120.0,4950.0,0.7,941544.0,925308.0,1.94567335243553,300.0,2199.955,1.9166666666666667,8411.0,2080.0,3261.3,0.7,988772.0,900256.0,2.77194409826059,5.503408959419731,5.614285704550606,5.735600223967188,5.6236429180010905,5.537541306308833,5.622833509322356,5.533127524953032,5.456562372626706,5.428410861893855,5.5380365040124495,5.47950291875155,5.422534409432663,5.3061819451072045
100.0,2200.0,1.1,2431.0,12960.0,434.2,0.1,113508.0,90000.0,0.9649122807017544,200.0,2199.9325,2.68,21327.5,2600.0,4764.4000000000015,0.7,941412.0,925308.0,1.8658516396052207,293.8,2200.0,1.6766666666666667,7840.0,1400.0,2079.2,0.6,879420.0,812104.0,2.305011333418189,93.3,2199.865,1.09,2886.0,10120.0,393.0,0.1,113500.0,89896.0,0.9561403508771932,187.6,2199.9325,2.74,21222.0,2560.0,4583.6,0.7,941412.0,925304.0,1.9033938236230497,300.0,2199.955,1.856666666666667,9713.666666666666,3880.0,4411.5,0.6,876612.0,812936.0,2.568160535543754,100.0,2200.0,1.13,4965.0,12640.0,679.7,0.1,113436.0,90040.0,0.9912280701754386,200.0,2200.0,2.705,21357.5,3840.0,5273.1,0.7,942320.0,926184.0,1.8896529767589936,300.0,2199.955,1.8966666666666667,4898.666666666667,2240.0,1873.9,0.6,876616.0,812988.0,2.7741276587486423,100.0,2199.865,1.09,5293.0,10720.0,718.0,0.1,113412.0,88472.0,0.9561403508771932,193.8,2200.0,2.81,18714.5,5160.0,4834.5,0.7,942320.0,926096.0,1.9529831263928683,293.8,2199.91,1.9433333333333331,8225.333333333334,3400.0,3286.6,0.6,876616.0,812924.0,2.6891438901059623,5.631988754613803,5.406781696795032,5.6337260889913665,5.563093948278204,5.591822090025532,5.660429913457638,5.772960530889933,5.798137898501342,5.484612501928137,5.502972569664586,5.494487750478715,5.5834125809832065,5.592119189612758
100.0,2199.865,2.56,664.0,7160.0,60.5,0.1,203652.0,186396.0,1.0364372469635628,200.0,2199.865,0.835,17674.0,2480.0,3561.7,0.7,1025716.0,998412.0,1.4648688767936666,300.0,2199.955,1.6033333333333333,4259.333333333333,840.0,1330.6999999999996,0.7,1044596.0,913604.0,2.712276422764228,100.0,2199.865,2.52,407.0,5320.0,31.0,0.1,203652.0,186392.0,1.0202429149797572,200.0,2199.865,0.8400000000000001,17069.0,2560.0,3504.5,0.7,1025712.0,998412.0,1.475507174666007,300.0,2199.91,1.6900000000000002,2352.333333333333,1960.0,650.0,0.7,1044596.0,913608.0,2.8286382113821142,100.0,2199.865,2.53,467.0,5800.0,30.6,0.1,203652.0,186392.0,0.996062992125984,200.0,2200.0,0.905,15766.5,4520.0,2796.6,0.7,1026504.0,999204.0,1.6048751884737813,300.0,2199.955,1.7133333333333336,2419.333333333333,2080.0,536.4,0.7,1044596.0,913340.0,2.9207225439160873,100.0,2199.865,2.53,489.0,3080.0,34.4,0.1,203652.0,186396.0,1.0242914979757085,200.0,2199.9325,0.935,18788.0,5320.0,3491.6,0.7,1028616.0,1001316.0,1.648771235362032,293.8,2199.91,1.6733333333333336,2263.6666666666665,1760.0,1923.6,0.7,1044596.0,913340.0,2.808915989159892,5.4819693099706415,5.517553835965464,5.389534083511226,5.544351692057247,5.483116317226663,5.502998233555946,5.5332757812848685,5.600046458214034,5.522120057308034,5.473344939291343,5.511199313511955,5.550610035345657,5.471882217699854
100.0,2199.865,2.48,778.0,7320.0,56.4,0.1,204068.0,186924.0,1.0,200.0,2199.9325,0.8699999999999999,19663.5,3520.0,3652.6,0.8,1032976.0,1005804.0,1.55506993006993,300.0,2199.91,1.58,4077.666666666666,1880.0,1306.6,0.7,1044596.0,913604.0,2.6942323933685093,100.0,2199.865,2.48,475.0,6680.0,31.6,0.1,204068.0,186920.0,1.0,200.0,2199.9325,0.8600000000000001,17306.0,1960.0,3569.9,0.8,1033236.0,1006068.0,1.5433566433566432,300.0,2199.91,1.72,2372.0,2800.0,687.7,0.7,1044596.0,913608.0,2.941336536211228,100.0,2199.865,2.47,460.0,5760.0,29.8,0.1,204068.0,186920.0,1.0081632653061223,200.0,2199.865,0.8900000000000001,17982.0,3520.0,3118.6,0.8,1038384.0,1011348.0,1.6756198347107438,293.8,2200.0,1.6800000000000004,2310.6666666666665,2040.0,554.9,0.7,1044596.0,913340.0,2.8233778530394487,100.0,2200.0,2.45,818.0,6040.0,38.9,0.1,204068.0,186924.0,0.9879032258064516,200.0,2199.9325,0.96,15312.0,5400.0,2712.6,0.8,1039968.0,1012932.0,1.7302447552447549,300.0,2199.955,1.6933333333333334,2307.0,2600.0,2035.1,0.7,1044596.0,913340.0,2.9000028177811386,5.6335500059207595,5.615389755321777,5.433051651936089,5.623226370776786,5.618424147417091,5.672414609025947,5.598859737842008,5.672783775718738,5.6751248991933405,5.58992706239171,5.62085710110262,5.656414285853352,5.260265566885979
100.0,2199.865,2.48,805.0,8240.0,47.8,0.1,204340.0,187980.0,1.0,200.0,2199.9325,0.7749999999999999,20369.0,2960.0,3027.600000000001,0.8,1050532.0,1023228.0,1.4366120218579237,300.0,2199.955,1.4900000000000002,3018.0,1000.0,897.7,0.7,1042380.0,911916.0,2.6591676345334885,100.0,2199.865,2.5,371.0,3880.0,23.5,0.1,204340.0,187976.0,1.0080645161290325,200.0,2200.0,0.835,22907.5,1840.0,3789.6,0.8,1050528.0,1023228.0,1.5378870673952643,300.0,2199.955,1.59,1744.333333333333,2560.0,643.0999999999998,0.7,1042380.0,911856.0,2.875423925667828,100.0,2199.865,2.53,389.0,3560.0,23.2,0.1,204340.0,187976.0,0.9656488549618321,200.0,2200.0,0.8700000000000001,21024.5,3920.0,4012.0,0.8,1050528.0,1023228.0,1.5495357355822472,293.8,2199.955,1.57,1784.666666666667,2720.0,307.0,0.7,1042380.0,911628.0,2.787003061771031,93.8,2199.865,2.47,579.0,3160.0,31.6,0.1,204340.0,187980.0,0.995967741935484,200.0,2199.9325,0.92,19768.5,4800.0,3615.4,0.8,1050528.0,1023228.0,1.7063752276867032,300.0,2199.955,1.59,1581.0,2800.0,688.0,0.7,1042380.0,911636.0,2.877077042198993,5.560365131981002,5.629034260335804,5.4394167921425485,5.549423531150775,5.6212362110967184,5.59156379230182,5.622263550289049,5.451537362352598,5.718471911798518,5.618487308609582,5.6825570457940735,5.598933910306847,5.073282382749613
100.0,2199.865,2.55,701.0,8000.0,47.1,0.1,204340.0,188244.0,1.0365853658536586,200.0,2200.0,0.815,17489.0,2560.0,3752.2,0.8,1050532.0,1023228.0,1.4483516483516483,300.0,2200.0,1.5,3015.666666666666,1600.0,902.1,0.7,1042380.0,911916.0,2.6807563415034057,100.0,2199.865,2.49,424.0,5200.0,29.2,0.1,204340.0,188240.0,1.0121951219512195,200.0,2200.0,0.7649999999999999,22723.5,3320.0,3680.9,0.8,1050528.0,1023228.0,1.3648351648351646,300.0,2199.955,1.6000000000000003,1894.0,1920.0,673.9000000000002,0.7,1042380.0,911856.0,2.8487656912968538,100.0,2199.865,2.61,347.0,4200.0,19.2,0.1,204340.0,188240.0,1.0116279069767442,200.0,2200.0,0.92,17408.0,5720.0,3439.5,0.8,1050528.0,1023228.0,1.6603076923076925,300.0,2199.91,1.59,1840.333333333333,2000.0,326.0,0.7,1042380.0,911628.0,2.8746911665783035,100.0,2199.865,2.49,695.0,4320.0,34.6,0.1,204340.0,188244.0,1.0121951219512195,200.0,2199.9325,0.965,17169.0,5440.0,3571.1,0.8,1050528.0,1023228.0,1.712087912087912,300.0,2199.91,1.58,1648.666666666667,2320.0,650.0999999999998,0.7,1042380.0,911636.0,2.7993623504852856,5.458041214361322,5.483452314045095,5.53595756174256,5.3945266213876835,5.454431580520623,5.459839095555866,5.386181564447494,5.599590679317447,5.508570408152907,5.396411877566125,5.391325559255927,5.40503740897368,4.90549079847424
100.0,2200.0,0.62,1653.0,8040.0,149.7,0.2,290704.0,286540.0,0.984126984126984,200.0,2199.9325,1.36,21730.5,3720.0,4979.1,1.2,1696596.0,1457432.0,1.5896448922600852,300.0,2199.91,1.41,3003.333333333333,1160.0,943.5,0.0,188660.0,70656.0,2.8846923917000358,100.0,2199.865,0.62,1698.0,6720.0,178.9,0.2,290704.0,286536.0,0.984126984126984,200.0,2199.9325,1.345,17414.5,3360.0,3132.9,1.2,1696596.0,1459548.0,1.5685497565945885,293.8,2200.0,1.4266666666666667,1467.333333333333,1760.0,1273.8,0.0,188664.0,70656.0,2.9206406989443034,100.0,2199.865,0.62,1914.0,4760.0,154.7,0.2,290704.0,286536.0,0.984126984126984,200.0,2199.9325,1.5299999999999998,20721.0,4120.0,4718.6,1.2999999999999998,1696596.0,1665732.0,1.829955847390468,293.8,2199.91,1.42,1690.333333333333,2600.0,754.9,0.0,188660.0,70656.0,2.9057153258099744,100.0,2199.865,0.62,1946.0,5000.0,162.7,0.2,290704.0,286540.0,0.984126984126984,200.0,2200.0,1.59,20213.0,4880.0,4650.2,1.2999999999999998,1696596.0,1665864.0,1.8995433789954337,300.0,2199.955,1.42,1610.0,2240.0,767.0999999999998,0.0,188664.0,70656.0,2.9057153258099744,5.808823094329053,5.867436226463237,5.837821462488461,5.8372266944786455,5.873676689386661,5.855411849204012,5.902743683184794,5.898602439893721,5.895353198173188,5.885412981322205,5.9477507455800085,5.738476282929142,5.704804806141438
100.0,2199.865,0.62,1641.0,6880.0,125.1,0.2,290704.0,286540.0,0.984126984126984,200.0,2199.9325,1.5,40650.5,3320.0,9189.9,1.2999999999999998,1696596.0,1665948.0,1.6911196911196908,300.0,2199.955,1.4166666666666667,3244.333333333333,1560.0,915.0,0.0,188660.0,70656.0,2.8313855137817705,93.8,2200.0,0.62,1703.0,6840.0,192.4,0.2,290704.0,286536.0,0.984126984126984,200.0,2200.0,1.505,44919.0,2760.0,8890.7,1.2999999999999998,1696596.0,1665952.0,1.6750321750321753,300.0,2199.865,1.43,1478.0,2320.0,1270.8000000000004,0.0,188664.0,70656.0,2.85677039529016,100.0,2199.865,0.62,2002.0,4240.0,138.6,0.2,290704.0,286536.0,0.984126984126984,200.0,2200.0,1.395,45604.0,4080.0,10252.2,1.2999999999999998,1696596.0,1665880.0,1.61025311025311,300.0,2199.955,1.4233333333333336,1694.666666666667,4880.0,734.9000000000002,0.0,188660.0,70656.0,2.8429772918418843,100.0,2200.0,0.62,1960.0,5480.0,173.0,0.2,290704.0,286540.0,0.984126984126984,200.0,2200.0,1.38,35182.0,3920.0,7319.8,1.2999999999999998,1696596.0,1665944.0,1.6276276276276276,293.8,2199.955,1.42,1650.666666666667,4200.0,756.6,0.0,188664.0,70656.0,2.836080740117746,5.513323007015186,5.569008742011264,5.97546536930799,5.591186584878763,5.633014126706304,5.625045073909667,5.632981581846174,5.652319146011324,5.676862570849114,5.676063580100585,5.660470154162332,5.90837718203408,5.483507477199656
93.8,2199.865,0.62,1671.0,3520.0,152.5,0.2,290704.0,286540.0,0.984126984126984,187.6,2200.0,1.27,46907.5,2480.0,10526.0,1.2999999999999998,1696596.0,1665948.0,1.5379801980198016,300.0,2199.955,1.3833333333333335,3705.333333333334,1080.0,1043.2,0.0,188660.0,70656.0,2.8153611730109787,100.0,2200.0,0.62,1760.0,6080.0,188.5,0.2,290704.0,286536.0,0.984126984126984,200.0,2199.9325,1.305,32664.5,920.0,6311.799999999998,1.2999999999999998,1696596.0,1665952.0,1.5421386138613862,300.0,2199.955,1.4633333333333336,1321.0,2560.0,1156.6,0.0,188664.0,70656.0,2.9878048780487805,100.0,2200.0,0.62,1981.0,4440.0,161.2,0.2,290704.0,286536.0,0.984126984126984,200.0,2199.865,1.5,17601.0,4320.0,3653.0,1.2999999999999998,1696596.0,1665880.0,1.8419405940594056,300.0,2200.0,1.4533333333333334,1474.333333333333,2600.0,609.6,0.0,188660.0,70656.0,2.9657460545193683,100.0,2200.0,0.62,2041.0,6480.0,165.7,0.2,290704.0,286540.0,0.984126984126984,200.0,2199.9325,1.58,13330.0,6400.0,3401.2,1.2999999999999998,1696596.0,1665944.0,1.9333465346534653,293.8,2199.955,1.4566666666666668,1398.333333333333,2240.0,723.4000000000002,0.0,188664.0,70656.0,2.9728382531009285,5.969131927519458,5.99944321919382,5.69759306228952,6.0475055556795665,6.0044158643574965,6.045168339605019,5.964811903961456,5.997418776413407,5.97295895568241,5.945009923763436,5.946139819946332,5.7854526531027926,5.791611212463735
100.0,2200.0,0.75,4960.0,14680.0,262.9,0.2,290704.0,286540.0,0.9493670886075948,200.0,2199.9325,1.42,15755.0,1800.0,4774.6,1.2999999999999998,1696596.0,1665948.0,1.5691984782893875,300.0,2199.955,1.41,2992.0,1360.0,1021.5,0.0,188660.0,70656.0,2.927019817073171,100.0,2199.865,0.75,5563.0,14400.0,596.6,0.2,290704.0,286536.0,0.9493670886075948,200.0,2200.0,1.435,16194.0,2120.0,4149.7,1.2999999999999998,1696596.0,1665952.0,1.5625737898465168,300.0,2200.0,1.4733333333333334,1177.0,2320.0,1045.3,0.0,188664.0,70656.0,3.0737423780487805,100.0,2199.865,0.71,7404.0,11920.0,895.1,0.2,290704.0,286536.0,0.8987341772151898,200.0,2200.0,1.6150000000000002,42636.5,3480.0,8418.9,1.2999999999999998,1696596.0,1665880.0,1.7341597796143249,293.8,2200.0,1.4633333333333336,1405.0,2240.0,566.3,0.0,188660.0,70656.0,3.0503048780487805,100.0,2199.865,0.71,7722.0,11960.0,397.4,0.2,290704.0,286540.0,0.8987341772151898,200.0,2199.865,1.485,35178.0,4440.0,6568.0,1.2999999999999998,1696596.0,1665944.0,1.6381345926800472,300.0,2199.865,1.4666666666666668,1297.6666666666667,1920.0,730.9,0.0,188664.0,70656.0,3.0573970766303407,5.521737868046572,5.568310781132718,5.756287919152546,5.4813712155359315,5.581710669586547,5.499703750257635,5.486199183486023,5.480763967131287,5.340608507902225,5.473992918447839,5.531259352826974,5.5757960587408615,5.38454552292845
100.0,2200.0,0.75,4677.0,13160.0,265.3,0.2,290704.0,286540.0,0.9375,200.0,2199.9325,1.485,42141.5,2520.0,9575.0,1.2999999999999998,1696596.0,1665948.0,1.7964081632653062,300.0,2200.0,1.37,3859.0,1360.0,1134.8,0.0,188660.0,70656.0,2.7511523909065883,100.0,2200.0,0.74,5549.0,13440.0,587.7,0.2,290704.0,286536.0,0.925,200.0,2200.0,1.255,46725.0,2440.0,9710.3,1.2999999999999998,1696596.0,1665952.0,1.5298367346938777,300.0,2199.91,1.4233333333333336,1601.0,2280.0,1292.4,0.0,188664.0,70656.0,2.8610443146684985,100.0,2199.865,0.72,7075.0,13200.0,855.9,0.2,290704.0,286536.0,0.8999999999999999,200.0,2200.0,1.4700000000000002,28480.0,2120.0,5518.4,1.2999999999999998,1696596.0,1665880.0,1.810081632653061,300.0,2199.955,1.4,1920.333333333333,2320.0,779.4000000000002,0.0,188660.0,70656.0,2.8117485400206115,100.0,2200.0,0.71,7864.0,11520.0,402.0,0.2,290704.0,286540.0,0.8875,200.0,2200.0,1.505,11681.5,6160.0,3179.5,1.2999999999999998,1696596.0,1665944.0,1.8776734693877548,300.0,2199.955,1.3966666666666667,1871.0,2520.0,825.0999999999998,0.0,188664.0,70656.0,2.804706286499485,5.642181423032971,5.717522325591178,5.479968057965099,5.7687775713514515,5.69870039400164,5.570227770010481,5.520891397163469,5.516060411247977,5.457825741907893,5.367973029816532,5.332529799003078,5.661947585739168,5.427164057515826
100.0,2200.0,0.75,4856.0,13960.0,276.4,0.2,290704.0,286540.0,0.9375,200.0,2199.9325,1.435,33836.5,2400.0,7741.700000000002,1.2999999999999998,1696596.0,1665948.0,1.7698746495134423,300.0,2200.0,1.406666666666667,3385.666666666666,1080.0,940.9,0.0,188660.0,70656.0,2.834760422072306,93.8,2199.865,0.74,5453.0,13280.0,572.6,0.2,290704.0,286536.0,0.925,200.0,2199.9325,1.545,42191.0,1760.0,8774.9,1.2999999999999998,1696596.0,1665952.0,1.8820303480125349,300.0,2200.0,1.43,1625.0,2760.0,1286.5,0.0,188664.0,70656.0,2.8814218993253764,93.8,2199.865,0.72,7092.0,12520.0,869.8,0.2,290704.0,286536.0,0.8999999999999999,193.8,2199.9325,1.365,36595.5,1720.0,7666.4,1.2999999999999998,1696596.0,1665880.0,1.6905409863104075,300.0,2199.865,1.4166666666666667,1717.666666666667,2360.0,721.0,0.0,188660.0,70656.0,2.8530531049991352,100.0,2199.865,0.71,8069.0,11920.0,398.6,0.2,290704.0,286540.0,0.8875,200.0,2200.0,1.5,16095.5,5400.0,2836.3,1.2999999999999998,1696596.0,1665944.0,1.875515421408544,300.0,2199.955,1.413333333333333,1841.333333333333,4600.0,786.8,0.0,188664.0,70656.0,2.8459609064175746,5.6137821170393805,5.744928001914854,5.521311706515684,5.885304053374528,5.626578999770699,5.5808734909466855,5.496909281809296,5.522874150686089,5.565702451495074,5.42232161893613,5.3910953283209215,5.670849686512541,5.355979542044307
100.0,2200.0,0.75,4554.0,13720.0,242.3,0.2,290704.0,286540.0,0.9493670886075948,200.0,2200.0,1.135,49737.0,2240.0,12084.0,1.2999999999999998,1696596.0,1665948.0,1.3238026905829594,287.6,2199.91,1.36,4178.0,2560.0,1159.2,0.0,188660.0,70656.0,2.753423884840144,100.0,2199.865,0.74,5577.0,13360.0,585.5,0.2,290704.0,286536.0,0.9367088607594936,200.0,2199.9325,1.335,37864.5,1200.0,8107.4,1.2999999999999998,1696596.0,1665952.0,1.5137219730941704,300.0,2199.955,1.47,1262.6666666666667,1720.0,1167.5,0.0,188664.0,70656.0,2.9878048780487805,100.0,2199.865,0.72,6961.0,12600.0,859.9,0.2,290704.0,286536.0,0.9113924050632912,200.0,2199.9325,1.54,31014.0,4120.0,5946.4,1.2999999999999998,1696596.0,1665880.0,1.7608609865470854,300.0,2199.91,1.4366666666666668,1617.0,1840.0,702.8,0.0,188660.0,70656.0,2.9153411099328386,100.0,2200.0,0.71,8016.0,12320.0,398.3,0.2,290704.0,286540.0,0.8987341772151898,200.0,2200.0,1.64,33875.0,5360.0,6032.4000000000015,1.2999999999999998,1696596.0,1665944.0,1.8681255605381164,293.8,2199.955,1.4466666666666663,1505.333333333333,2000.0,737.0,0.0,188664.0,70656.0,2.9369260621375872,5.568062909446319,5.489699316309585,5.780862741788184,5.4478587621018155,5.452745204956337,5.511135235008008,5.3790868726307615,5.373828378077161,5.266973534733483,5.306193062057475,5.4335868261506235,5.364012262128116,5.245456277018649
93.8,2199.865,1.33,794.0,10200.0,84.0,0.1,109684.0,88656.0,1.0,200.0,2199.9325,1.475,31266.5,2520.0,5721.9,0.7,942588.0,929228.0,1.8875431788135957,300.0,2199.955,1.93,3565.666666666666,1120.0,1613.6,0.0,49848.0,32680.0,2.8047477643525154,100.0,2199.865,1.32,1067.0,10040.0,134.9,0.1,109660.0,87020.0,0.9924812030075189,193.3,2200.0,1.48,31249.0,2640.0,5308.0,0.7,940840.0,927636.0,1.8951767665998551,300.0,2199.955,1.99,2443.333333333333,2520.0,1222.9,0.0,49848.0,32676.0,2.8817154754590764,100.0,2199.865,1.32,1123.0,10080.0,178.4,0.1,109676.0,87024.0,0.9924812030075189,200.0,2199.9325,1.51,27432.5,3720.0,5196.5,0.7,949948.0,936620.0,1.943025288924901,293.8,2199.865,2.026666666666667,2399.333333333333,2080.0,1148.2,0.0,49848.0,32680.0,2.9250119462079325,93.3,2199.865,1.32,1571.0,9720.0,169.6,0.1,109676.0,87044.0,0.9924812030075189,193.3,2199.9325,1.545,26563.0,4760.0,5225.3,0.7,955420.0,942160.0,1.990319416606252,300.0,2199.955,2.0133333333333336,2376.333333333333,2160.0,810.2,0.0,49848.0,32676.0,2.908457915216056,5.815760978329713,5.854514118075538,5.871717830105556,5.881042232889137,5.901250651246076,5.877677790655148,5.714381582885818,5.833502331791919,5.6971931266434686,5.699086192713379,5.702301054530046,5.660846116503569,5.6162844474777005
100.0,2200.0,1.29,558.0,10280.0,32.2,0.1,109444.0,89240.0,1.0,193.3,2199.9325,1.4449999999999998,30387.5,2640.0,5574.0999999999985,0.7,998772.0,985460.0,1.7936533312017904,300.0,2199.955,1.9566666666666668,3740.666666666666,1360.0,1709.6,0.0,50484.0,33328.0,2.8424479166666665,100.0,2199.865,1.28,1046.0,10680.0,131.6,0.1,109420.0,87748.0,0.992248062015504,193.8,2200.0,1.46,30793.5,2800.0,4962.0,0.7,996644.0,983340.0,1.8093601374845132,300.0,2199.91,1.9866666666666668,2596.333333333333,2480.0,1189.8,0.0,50484.0,33324.0,2.880962171052632,100.0,2199.865,1.29,1108.0,9160.0,194.6,0.1,109440.0,87624.0,1.0,200.0,2200.0,1.54,27989.0,3720.0,5374.1,0.7,1002792.0,989684.0,1.9147116422205348,300.0,2199.865,2.023333333333333,2509.0,2440.0,1170.4999999999998,0.0,50484.0,33328.0,2.924890350877193,100.0,2199.865,1.28,1376.0,9800.0,115.5,0.1,109440.0,87628.0,0.992248062015504,200.0,2199.865,1.56,26621.5,4920.0,5170.7,0.7,1002792.0,989680.0,1.9428480076735544,300.0,2199.955,2.02,2487.0,2360.0,992.4,0.0,50484.0,33324.0,2.920504385964912,5.815510576352078,5.829652085391638,5.749071410242853,5.775847308240169,5.8055925842187515,5.810348471400711,5.681679644958832,5.756024343493733,5.655930508583815,5.624729160536718,5.704621633709947,5.616015612098341,5.474243357715023
93.3,2199.865,1.18,1224.0,11360.0,83.9,0.1,111172.0,89700.0,0.9915966386554622,200.0,2199.865,1.505,30352.5,2360.0,5652.1,0.7,1002792.0,989684.0,1.9057179370903248,300.0,2199.91,1.9466666666666663,3860.0,1000.0,2069.7,0.0,51808.0,34848.0,2.834217141283013,100.0,2199.865,1.17,1823.0,9720.0,246.1,0.1,111156.0,88060.0,0.9831932773109244,200.0,2199.9325,1.51,30728.0,2480.0,5056.7,0.7,1002792.0,989676.0,1.9083151255307744,293.8,2200.0,1.9866666666666668,2612.0,2760.0,1193.1,0.0,51808.0,34844.0,2.8857133018835444,100.0,2199.865,1.17,2089.0,11280.0,299.5,0.1,111156.0,88060.0,0.9831932773109244,200.0,2200.0,1.545,29711.5,3760.0,5690.3,0.7,1004140.0,991268.0,1.9396875128828792,287.6,2199.865,2.023333333333333,2555.333333333333,2280.0,1149.1999999999996,0.0,51808.0,34848.0,2.9290485864811817,100.0,2199.865,1.17,2324.0,9720.0,216.8,0.1,111156.0,88064.0,0.9831932773109244,193.8,2200.0,1.56,28990.5,5000.0,5578.9,0.7,1004712.0,991524.0,1.9633095601269737,293.8,2199.955,2.01,2540.0,2560.0,949.1,0.0,51808.0,34844.0,2.9124169277917433,5.638140902061196,5.73646387633245,5.790343393421385,5.802027382439323,5.7963660070927485,5.779217775569603,5.537378564383644,5.697647370302196,5.513693559931491,5.481265265552888,5.4695616122325506,5.4203033445098665,5.286824370602361
100.0,2200.0,1.15,1372.0,9200.0,100.4,0.1,111340.0,89764.0,0.9913793103448276,200.0,2200.0,1.61,28626.0,2320.0,4804.4000000000015,0.7,1004140.0,991268.0,1.8290985596374816,300.0,2199.91,1.94,3937.666666666666,1680.0,2094.7000000000007,0.0,51808.0,34848.0,2.825956773127753,100.0,2199.865,1.14,2078.0,13120.0,273.4,0.1,111324.0,88148.0,0.9827586206896552,200.0,2199.9325,1.62,28789.5,2640.0,4820.4000000000015,0.7,1004140.0,991260.0,1.8404919889949831,300.0,2199.91,1.9866666666666668,2648.6666666666665,2720.0,1243.7000000000005,0.0,51808.0,34844.0,2.8851356002202646,100.0,2200.0,1.14,2313.0,9240.0,328.0,0.1,111340.0,88148.0,0.9827586206896552,200.0,2200.0,1.715,26741.0,3840.0,5070.5,0.7,1004140.0,991268.0,1.9501861142579704,293.8,2199.955,2.02,2578.0,2360.0,1165.1,0.0,51808.0,34848.0,2.9246971365638768,100.0,2200.0,1.14,2553.0,10240.0,244.8,0.1,111340.0,88152.0,0.9827586206896552,200.0,2199.9325,1.735,27236.5,5040.0,5222.5,0.7,1004140.0,991264.0,1.9723903544262824,293.8,2199.955,2.0133333333333336,2539.0,2640.0,948.7,0.0,51808.0,34844.0,2.9163856002202646,5.804933931637097,5.8114847360755135,5.582205994267589,5.590425077025055,5.633127960556214,5.62369352309651,5.607110985902806,5.565016295263536,5.5067095788543865,5.427657104749104,5.516443886760758,5.426819173499663,5.244887282291941
100.0,2199.865,1.35,3248.0,12600.0,182.0,0.1,111444.0,89820.0,0.9574468085106383,186.6,2199.9325,1.52,31535.5,2440.0,5978.0,0.7,1004140.0,992060.0,1.887814313346228,300.0,2199.91,1.93,3985.0,1520.0,2087.3,0.0,51808.0,34848.0,2.8105530382025807,100.0,2199.865,1.32,4478.0,12800.0,433.6,0.1,111436.0,88204.0,0.9361702127659576,200.0,2199.865,1.49,30670.5,3320.0,5057.0999999999985,0.7,1004140.0,992052.0,1.855899419729207,300.0,2199.955,1.99,2655.6666666666665,2560.0,1266.4,0.0,51808.0,34844.0,2.8895408865638768,100.0,2199.865,1.31,5387.0,12960.0,584.8,0.1,111444.0,88204.0,0.9290780141843972,200.0,2199.9325,1.485,27373.5,3720.0,5146.8,0.7,1004140.0,992060.0,1.864119922630561,300.0,2199.91,2.023333333333333,2572.6666666666665,2520.0,1192.3000000000004,0.0,51808.0,34848.0,2.929102422907489,100.0,2200.0,1.28,5714.0,11440.0,560.6,0.1,111436.0,88208.0,0.9078014184397164,200.0,2199.9325,1.525,26601.0,4960.0,5080.1,0.7,1004140.0,992056.0,1.9134429400386848,300.0,2199.91,2.0133333333333336,2542.6666666666665,2320.0,929.8,0.0,51808.0,34844.0,2.9163856002202646,5.831134941258383,5.830158283157552,5.7895038639774965,5.752142918302392,5.74658950851515,5.723019713068008,5.7108958180372005,5.63277674441123,5.707717090458638,5.382713143336323,5.683168472838534,5.504284019828255,5.189136221244545
100.0,2199.865,1.27,4797.0,12640.0,280.1,0.1,112548.0,89984.0,0.9769230769230768,193.3,2199.9325,1.545,31601.0,2480.0,5608.4000000000015,0.7,1004140.0,992060.0,1.8027381076479376,300.0,2200.0,1.9166666666666667,4154.333333333333,1600.0,2068.9,0.0,51808.0,34852.0,2.816791576516081,100.0,2200.0,1.25,6553.0,13240.0,532.9,0.1,112540.0,88356.0,0.9615384615384616,200.0,2199.9325,1.535,29767.5,2320.0,4942.3,0.7,1004140.0,992052.0,1.7932172764863268,300.0,2199.955,1.9766666666666663,2693.0,2320.0,1234.6,0.0,51808.0,35100.0,2.896112499924944,100.0,2199.865,1.25,7623.0,12440.0,832.3,0.1,112524.0,88356.0,0.9615384615384616,200.0,2200.0,1.6,27302.5,3920.0,5158.0999999999985,0.7,1004140.0,992060.0,1.8772716216685776,300.0,2199.91,2.013333333333333,2582.0,2800.0,1218.3000000000004,0.0,51808.0,35104.0,2.9408403669137178,100.0,2200.0,1.24,9008.0,12280.0,952.4,0.1,114044.0,88480.0,0.9538461538461538,193.3,2199.9325,1.6,26281.5,5400.0,4953.9,0.7,1004140.0,992056.0,1.8833871920497585,300.0,2199.91,2.0033333333333334,2572.333333333333,2160.0,962.6,0.0,51808.0,35100.0,2.9283705644410736,5.743032135105692,5.7274582598615575,5.789624620095847,5.781632698144883,5.7883697605102595,5.772959138246202,5.615323013547489,5.687696466503607,5.591543720219228,5.590657474989309,5.61406320004925,5.6040015926192215,5.384624655535821
100.0,2199.865,1.3,4919.0,13440.0,293.9,0.1,112716.0,90008.0,0.9848484848484848,200.0,2199.9325,1.495,29785.5,2880.0,5054.5,0.7,1004140.0,992060.0,1.6947899706935852,300.0,2200.0,1.88,4363.666666666667,1440.0,2207.2,0.0,51808.0,35104.0,2.782274510875008,93.3,2199.865,1.28,6935.0,13600.0,516.7,0.1,112708.0,88392.0,0.9696969696969696,200.0,2200.0,1.495,28755.5,2520.0,4719.7,0.7,1004140.0,992052.0,1.6960273526538585,300.0,2199.91,1.9433333333333331,2903.0,2560.0,1299.3000000000004,0.0,51808.0,35100.0,2.8660676080445016,100.0,2199.865,1.27,7838.0,13280.0,735.6,0.1,112692.0,88384.0,0.962121212121212,200.0,2199.9325,1.675,29192.5,3720.0,5611.0,0.7,1004140.0,992060.0,1.9029957668511883,300.0,2199.955,1.9766666666666663,2689.0,3040.0,1194.1,0.0,51808.0,35104.0,2.907359863072315,100.0,2200.0,1.25,9080.0,10440.0,864.7,0.1,112692.0,88388.0,0.9469696969696968,200.0,2200.0,1.685,26258.5,4920.0,5027.8,0.7,1004140.0,992056.0,1.9187561055030933,300.0,2200.0,1.9666666666666668,2663.333333333333,2080.0,959.1,0.0,51808.0,35100.0,2.8935601198117245,5.781294649563,5.803255777819446,5.694364951297319,5.666385535747508,5.706300225783052,5.705694285403825,5.644243166012374,5.66650440887885,5.620770762337604,5.577316816038048,5.667066526026222,5.5816665074693255,5.390313534501384
100.0,2199.865,1.27,4490.0,10160.0,293.4,0.1,112788.0,90024.0,0.9694656488549618,200.0,2199.9325,1.645,28226.0,2080.0,4716.9000000000015,0.7,1004140.0,992060.0,2.208551445035851,300.0,2199.91,1.8866666666666667,4331.666666666667,1680.0,2225.9,0.0,51808.0,35104.0,2.8062686829611394,100.0,2200.0,1.26,6136.0,12280.0,509.2,0.1,112780.0,88408.0,0.9618320610687022,193.8,2199.9325,1.735,30559.5,2560.0,5354.2,0.7,1004140.0,992052.0,2.3091101042537283,300.0,2199.955,1.9233333333333336,2974.333333333333,2680.0,1336.1999999999996,0.0,51808.0,35100.0,2.856459330143541,100.0,2199.865,1.25,6844.0,14080.0,771.8,0.1,112764.0,88408.0,0.9541984732824428,200.0,2200.0,1.545,27067.0,3320.0,5173.9,0.7,1004140.0,992060.0,2.021334623674834,293.8,2199.955,1.9766666666666663,2719.6666666666665,2320.0,1233.5,0.0,51808.0,35104.0,2.923082499637524,100.0,2200.0,1.22,10842.0,15840.0,1196.8,0.1,112764.0,88412.0,0.931297709923664,200.0,2200.0,1.46,26274.5,5480.0,4971.7,0.7,1004140.0,992056.0,1.9126380152201643,300.0,2199.865,1.9766666666666663,2684.0,2240.0,965.8,0.0,51808.0,35100.0,2.92257503262288,5.797124265706552,5.761434940957268,5.787730471331314,5.689302420141049,5.7446030127503285,5.722976639906294,5.6888517237028875,5.6873040780157815,5.64021074518946,5.5484241313988925,5.6226972255420895,5.642687947148096,5.47656714621095
100.0,2200.0,1.09,1880.0,12680.0,158.3,0.1,113308.0,90076.0,0.9732142857142856,200.0,2199.9325,1.49,28818.5,2440.0,4770.0,0.7,1006132.0,993640.0,1.8896689236904411,300.0,2199.91,1.8233333333333333,4965.666666666667,2040.0,2615.2,0.0,51808.0,35104.0,2.778126045844502,100.0,2199.865,1.13,3016.0,12640.0,409.1,0.1,113284.0,88460.0,1.0089285714285712,200.0,2200.0,1.4449999999999998,28773.0,2440.0,4771.200000000002,0.7,1005692.0,993372.0,1.8399451667843645,293.8,2199.865,1.893333333333333,3169.666666666666,2360.0,1483.2,0.0,51808.0,35100.0,2.8729007560163904,100.0,2199.865,1.21,4106.0,8840.0,586.8,0.1,113260.0,88460.0,1.0803571428571428,200.0,2199.9325,1.495,26894.5,4440.0,5038.0,0.7,1006092.0,993908.0,1.9051634611390356,300.0,2199.91,1.91,3139.333333333333,2720.0,1299.1,0.0,51808.0,35104.0,2.894811765384837,100.0,2199.865,1.26,5749.0,12880.0,518.0,0.1,113244.0,88460.0,1.125,200.0,2200.0,1.525,26103.5,5280.0,5036.5999999999985,0.7,1006228.0,993904.0,1.9442944377518383,300.0,2200.0,1.91,3100.333333333333,2240.0,1067.4,0.0,51808.0,35100.0,2.8947732912682995,5.809208945418961,5.842287768020574,5.921577944085424,5.9133539790920135,5.891983258739594,5.8857408996659695,5.702734737623168,5.81805689519613,5.6493807027963046,5.678874744430207,5.676867725856414,5.5765557068334815,5.526027547502934
100.0,2199.865,1.12,2440.0,10880.0,230.8,0.1,113412.0,90088.0,0.9824561403508774,200.0,2200.0,1.4449999999999998,29666.5,2320.0,4779.3,0.7,1006228.0,993908.0,1.8158903004638032,300.0,2199.955,1.8333333333333333,4957.0,1000.0,2568.2,0.0,51808.0,35104.0,2.7912649566422627,100.0,2199.865,1.1,2956.0,12080.0,432.5,0.1,113388.0,88472.0,0.9649122807017544,200.0,2200.0,1.47,30190.5,2760.0,4962.6,0.7,1006228.0,994164.0,1.8451300665456745,300.0,2200.0,1.8966666666666667,3161.666666666666,2200.0,1478.3,0.0,51808.0,35100.0,2.8773060423600025,100.0,2199.865,1.09,2739.0,12520.0,447.8,0.1,113364.0,88472.0,0.9561403508771932,200.0,2200.0,1.485,26686.0,3920.0,5087.2,0.7,1006492.0,994436.0,1.8710627142569067,293.8,2199.91,1.9166666666666667,3129.0,2160.0,1308.3,0.0,51808.0,35104.0,2.9035453898389862,100.0,2200.0,1.08,2982.0,8400.0,428.9,0.1,113356.0,88476.0,0.9473684210526316,200.0,2200.0,1.565,26481.0,5400.0,5076.0999999999985,0.7,1006492.0,994432.0,1.9719701552732407,293.8,2200.0,1.9166666666666667,3081.0,2240.0,1085.0,0.0,51808.0,35100.0,2.9035069157224482,5.653443640506072,5.77771294098881,5.759080768490222,5.888695847049134,5.828246558523763,5.8266522983849605,5.719528845701731,5.736345279489951,5.68547337089723,5.5457361825784375,5.650257629650666,5.620539704480537,5.528378818453356
100.0,2199.865,1.11,1817.0,9560.0,163.0,0.1,113524.0,90088.0,0.973684210526316,193.8,2199.9325,1.47,28809.5,2000.0,4798.6,0.7,1006492.0,994436.0,1.7751137751137749,293.8,2199.955,1.83,4942.333333333333,1680.0,2507.4,0.0,51808.0,35104.0,2.7946466618438395,93.3,2199.865,1.1,2627.0,13080.0,377.0,0.1,113500.0,88472.0,0.9649122807017544,200.0,2199.9325,1.535,29686.5,2160.0,4917.8,0.7,1006492.0,994428.0,1.8524068524068524,300.0,2199.955,1.9,3135.333333333333,2600.0,1513.7,0.0,51808.0,35100.0,2.889846297158827,93.8,2199.865,1.15,3534.0,8960.0,510.4,0.1,113484.0,88472.0,1.0087719298245614,200.0,2200.0,1.735,28201.5,4000.0,5424.3,0.7,1006492.0,994436.0,2.116809116809117,300.0,2199.955,1.8966666666666665,3069.333333333333,2600.0,1300.6,0.0,51808.0,35104.0,2.885537959944108,100.0,2199.865,1.15,4392.0,8640.0,539.9,0.1,113460.0,88476.0,1.0087719298245614,200.0,2200.0,1.725,26798.5,5400.0,5140.4000000000015,0.7,1006492.0,994432.0,2.1079291079291083,300.0,2200.0,1.91,3083.0,2600.0,1093.4,0.0,51808.0,35100.0,2.9031206334420125,5.831169657357212,5.8306743421052625,5.627022339165146,5.643873073523826,5.730820626531084,5.78931689207112,5.718851822148265,5.782046928013358,5.6947465328624345,5.648807989850176,5.651646773999863,5.618541852512637,5.27629314498335
100.0,2200.0,0.62,1749.0,7440.0,169.8,0.2,290704.0,286536.0,0.984126984126984,200.0,2200.0,0.985,23828.0,2240.0,12757.4,0.4,618964.0,599964.0,1.4194139194139193,300.0,2199.955,1.5633333333333332,4415.333333333333,800.0,252.8,0.0,46608.0,18104.0,2.459513798890824,100.0,2200.0,0.62,2030.0,6680.0,117.6,0.2,290704.0,286540.0,0.984126984126984,200.0,2200.0,0.98,24132.0,2640.0,12559.9,0.4,618960.0,599960.0,1.4134615384615383,300.0,2199.91,1.8733333333333333,369.33333333333326,1920.0,60.3,0.0,46764.0,18112.0,2.9140060583171783,100.0,2200.0,0.62,2063.0,6280.0,135.0,0.2,290704.0,286536.0,0.984126984126984,200.0,2200.0,1.02,23929.5,4040.0,12007.0,0.4,621868.0,602868.0,1.4761904761904765,300.0,2199.955,1.7699999999999998,811.0,1320.0,23.5,0.0,46764.0,18112.0,2.767189652281428,100.0,2199.865,0.61,2218.0,6480.0,233.2,0.2,290704.0,286536.0,0.9682539682539684,200.0,2199.9325,1.06,23423.0,5200.0,11297.9,0.4,626620.0,607620.0,1.5489926739926738,300.0,2200.0,1.8033333333333332,744.6666666666665,1400.0,35.4,0.0,46764.0,18116.0,2.800721952075671,5.33623006215597,5.441594636499602,5.556391616907639,5.57154673520412,5.550836724250256,5.553701270796938,5.598056046137514,5.525328032610512,5.6415708237794515,5.572538446414932,5.473194056437583,5.446248036770476,5.380275319395658
100.0,2200.0,0.62,1862.0,7760.0,195.7,0.2,290704.0,286536.0,0.984126984126984,193.8,2199.9325,0.98,23817.5,2560.0,12801.6,0.4,627676.0,608676.0,1.4134615384615383,300.0,2199.91,1.55,5012.666666666667,1040.0,374.3,0.0,46764.0,18120.0,2.4370311935172912,100.0,2199.865,0.62,1833.0,6560.0,111.3,0.2,290704.0,286540.0,0.984126984126984,200.0,2200.0,0.99,23894.0,2680.0,12397.8,0.4,628068.0,608936.0,1.4304029304029302,300.0,2199.865,1.8833333333333333,824.0,1640.0,96.6,0.0,46916.0,18320.0,2.9300311031449566,100.0,2200.0,0.62,1791.0,7880.0,117.2,0.2,290704.0,286536.0,0.984126984126984,193.8,2199.9325,1.02,23828.0,4040.0,11964.4,0.4,628600.0,609468.0,1.4761904761904765,300.0,2200.0,1.8,1164.6666666666667,1560.0,62.9,0.0,46764.0,18112.0,2.8106370119893964,100.0,2199.865,0.62,1946.0,6160.0,205.6,0.2,290704.0,286536.0,0.984126984126984,200.0,2199.9325,1.0550000000000002,23366.0,4880.0,11282.3,0.4,629128.0,610260.0,1.532967032967033,300.0,2199.955,1.8266666666666669,1152.6666666666667,1720.0,78.7,0.0,46764.0,18116.0,2.832920538870145,5.353846306029928,5.498111402241888,5.563648023699216,5.607079607773403,5.584473703591028,5.592058460688623,5.653081782681827,5.5660508715780805,5.679695793670839,5.605699522784788,5.533234898247813,5.486040084737028,5.458953824164901
100.0,2199.865,0.62,1793.0,6960.0,179.0,0.2,290704.0,286536.0,0.984126984126984,200.0,2199.9325,0.975,23756.5,2600.0,12764.4,0.4,633352.0,614220.0,1.4203184540010887,293.8,2199.91,1.5766666666666669,5376.333333333333,920.0,357.4,0.0,48000.0,19128.0,2.482285975413788,100.0,2200.0,0.62,1983.0,7280.0,136.1,0.2,290704.0,286540.0,0.984126984126984,200.0,2199.9325,0.98,23785.0,2400.0,12398.7,0.4,634404.0,615272.0,1.4370577027762657,300.0,2199.91,1.8866666666666667,734.0,2000.0,76.20000000000002,0.0,48000.0,19384.0,2.9325322894905983,100.0,2199.865,0.62,1940.0,7560.0,138.0,0.2,290704.0,286536.0,0.984126984126984,200.0,2199.9325,1.01,24095.5,3800.0,12299.8,0.4,634936.0,615804.0,1.4837370713119218,300.0,2199.955,1.8133333333333328,1199.3333333333333,1840.0,63.3,0.0,48000.0,19380.0,2.825940563233168,100.0,2200.0,0.62,2091.0,5160.0,217.7,0.2,290704.0,286536.0,0.984126984126984,200.0,2200.0,1.0550000000000002,23192.0,5080.0,11193.7,0.5,638896.0,619764.0,1.5645073489384869,300.0,2199.91,1.836666666666667,1234.3333333333333,1720.0,72.80000000000003,0.0,48000.0,19384.0,2.844533384219829,5.370069916360972,5.597003001004588,5.6080978335608656,5.6343301033854685,5.621757235013059,5.640097461984588,5.643498334308584,5.556180496248162,5.67942909592912,5.6457259985484365,5.572439161428306,5.5148620951687315,5.248919970636836
100.0,2199.865,0.73,5046.0,13800.0,471.8,0.2,290704.0,286536.0,0.9125,193.3,2200.0,0.97,23553.5,2760.0,12671.5,0.5,648664.0,629532.0,1.3967230374416002,300.0,2199.955,1.596666666666667,5191.666666666667,1080.0,651.5999999999998,0.0,48340.0,19756.0,2.6576810889645115,100.0,2199.865,0.72,6396.0,13200.0,533.7,0.2,290704.0,286540.0,0.8999999999999999,200.0,2200.0,0.975,23680.0,2560.0,12382.8,0.5,650772.0,631640.0,1.4077120484306114,300.0,2200.0,1.8166666666666669,608.6666666666666,1840.0,122.7,0.0,49336.0,20708.0,2.999108734402852,100.0,2199.865,0.72,6708.0,12680.0,344.9,0.2,290704.0,286536.0,0.8999999999999999,200.0,2199.9325,1.015,24331.5,3400.0,11773.2,0.5,655264.0,636396.0,1.4756201881950384,293.8,2199.91,1.7666666666666666,1103.3333333333333,1040.0,82.4,0.0,49336.0,20708.0,2.9355452924971632,100.0,2200.0,0.69,8048.0,12480.0,952.9,0.2,290704.0,286536.0,0.8624999999999999,200.0,2199.865,1.035,23533.5,5320.0,11262.3,0.5,656320.0,637188.0,1.4995722840034218,300.0,2199.91,1.8533333333333333,1117.3333333333333,1560.0,110.6,0.0,49336.0,20708.0,3.06917841516772,5.1948754010653,5.3794003662687935,5.4067939879578,5.403741919049178,5.329639777218828,5.377693537066131,5.35068262842327,5.264118457300276,5.336568574609147,5.293346244354732,5.159956370259208,5.1888354012104285,4.887334250361434
100.0,2199.865,0.73,5193.0,13720.0,512.1,0.2,290704.0,286536.0,0.9125,193.8,2200.0,0.965,23852.0,2480.0,12802.6,0.5,656320.0,637188.0,1.3970934535423536,293.8,2199.91,1.5433333333333332,5950.333333333332,1200.0,671.0,0.0,49336.0,20716.0,2.4103298999850726,100.0,2199.865,0.72,6711.0,12720.0,541.3,0.2,290704.0,286540.0,0.8999999999999999,200.0,2200.0,0.97,24006.0,2640.0,12512.4,0.5,656316.0,637184.0,1.4083294085985334,300.0,2199.91,1.84,1252.6666666666667,2200.0,282.8,0.0,49600.0,21128.0,2.8786684579788027,100.0,2200.0,0.72,7036.0,12240.0,362.0,0.2,290704.0,286536.0,0.8999999999999999,200.0,2200.0,1.005,23592.0,3960.0,12094.9,0.5,656320.0,637188.0,1.465989369575456,300.0,2199.91,1.7833333333333332,1655.333333333333,1760.0,150.1,0.0,49468.0,20972.0,2.7914315569487984,100.0,2200.0,0.69,8261.0,11600.0,958.4,0.2,290704.0,286536.0,0.8624999999999999,193.8,2200.0,1.04,23169.5,4680.0,11196.5,0.5,656320.0,637188.0,1.5236493305523786,300.0,2199.955,1.7766666666666666,1729.666666666667,1920.0,213.2,0.0,49468.0,20972.0,2.772540677713092,5.112706251522585,5.3204367050459345,5.285474013047316,5.320568178466176,5.2260321110852805,5.245741568294738,5.2193721508376685,5.1406425471080635,5.236668313962863,5.1719778784433945,5.070808168361338,5.152126896092413,4.807261892403915
100.0,2200.0,0.74,4977.0,14040.0,469.6,0.2,290704.0,286536.0,0.925,200.0,2200.0,0.965,23873.5,3040.0,12799.6,0.5,656320.0,637188.0,1.3857340264525893,293.8,2199.955,1.5833333333333333,5593.666666666668,1080.0,1206.8,0.0,49336.0,20716.0,2.8399035225189517,100.0,2199.865,0.73,6161.0,12920.0,496.0,0.2,290704.0,286540.0,0.9125,200.0,2199.9325,0.965,23801.5,2400.0,12353.1,0.5,656316.0,637184.0,1.3857340264525893,300.0,2199.91,1.7966666666666669,1088.6666666666667,1960.0,246.0,0.0,49600.0,21128.0,3.1999881154785252,100.0,2199.865,0.72,6632.0,11400.0,348.0,0.2,290704.0,286536.0,0.8999999999999999,200.0,2200.0,1.01,24564.5,3760.0,11974.2,0.5,656320.0,637188.0,1.4596301901691122,300.0,2200.0,1.7966666666666669,1807.0,2040.0,153.5,0.0,49600.0,21128.0,3.2323109097246427,100.0,2200.0,0.69,8153.0,12360.0,944.7,0.2,290704.0,286536.0,0.8624999999999999,200.0,2199.9325,1.045,23187.5,4960.0,11249.7,0.5,656320.0,637188.0,1.5215503059814437,300.0,2200.0,1.8066666666666664,1748.0,1720.0,159.7,0.0,49600.0,21128.0,3.231252832551527,5.526400609536927,5.727848686758351,5.730942523514218,5.742736439653101,5.6998961048642425,5.672514383203615,5.699830016531687,5.591731764275969,5.609942202210712,5.590835734557801,5.480399555602001,5.5626715875316135,4.8526011777227325
100.0,2200.0,1.38,359.0,8000.0,45.6,0.1,85364.0,80312.0,1.0,200.0,2200.0,1.835,2837.5,1680.0,580.0,0.2,341208.0,300672.0,1.9796222020960021,300.0,2199.955,1.6233333333333333,2453.333333333333,2920.0,1385.3,0.0,52872.0,38948.0,2.8490063320204038,100.0,2199.865,1.38,426.0,7600.0,39.9,0.1,84732.0,79588.0,1.0,200.0,2199.9325,1.855,2525.5,2440.0,418.9,0.2,341208.0,300668.0,2.006760253590374,300.0,2199.955,1.653333333333333,1920.666666666667,2320.0,281.8,0.0,52876.0,38944.0,2.8981766019748267,100.0,2199.865,1.37,415.0,7360.0,45.0,0.1,85064.0,80052.0,0.9927536231884059,200.0,2199.9325,1.875,1599.0,2120.0,326.2000000000001,0.2,341208.0,300672.0,2.0338983050847457,300.0,2199.91,1.66,1855.666666666667,2120.0,573.9,0.0,52876.0,38944.0,2.9102439811240934,100.0,2199.865,1.37,706.0,6240.0,52.7,0.1,84068.0,79124.0,0.9927536231884059,200.0,2199.9325,1.88,1469.5,2560.0,307.7,0.2,341208.0,300672.0,2.038135593220339,293.8,2199.865,1.64,2088.333333333333,3280.0,628.3,0.0,52876.0,38944.0,2.8732530158160605,9.082559210104947,9.072856887803868,5.954444771298527,5.889265616116988,9.099761018169714,9.046508208930284,9.078282615271988,9.03001738732643,8.943630732343209,8.896394984837038,8.812077429718544,5.518009577469645,5.421499421915714
100.0,2199.865,1.76,2713.0,13320.0,204.2,0.1,120388.0,115396.0,0.9887640449438202,200.0,2200.0,1.84,3470.0,2680.0,590.8,0.2,343428.0,304104.0,1.9005866361425097,300.0,2199.955,1.6133333333333333,2683.6666666666665,1880.0,1369.9,0.0,52872.0,38948.0,2.8304725850736334,100.0,2199.865,1.74,4062.0,12120.0,91.4,0.1,120220.0,115132.0,0.9775280898876404,200.0,2200.0,1.855,3145.0,2840.0,440.0,0.2,343428.0,304100.0,1.9185291171841463,300.0,2199.955,1.643333333333333,2287.333333333333,2440.0,238.0,0.0,52876.0,38944.0,2.8812754804892258,100.0,2200.0,1.74,4629.0,12440.0,246.0,0.1,120220.0,115132.0,0.9775280898876404,200.0,2199.865,1.915,2496.0,3800.0,361.0,0.2,343428.0,304104.0,1.9875518672199168,300.0,2199.955,1.6566666666666665,2035.333333333333,2200.0,860.6000000000001,0.0,52876.0,38944.0,2.9082577585489635,100.0,2199.865,1.69,7216.0,13120.0,583.8,0.1,119792.0,114872.0,0.9494382022471909,200.0,2199.9325,1.915,2370.0,5040.0,336.2,0.2,343428.0,304104.0,1.9875518672199168,300.0,2199.955,1.6266666666666667,2362.6666666666665,2040.0,910.8,0.0,52876.0,38944.0,2.844629336883268,5.897664926520298,5.800985826338175,5.926903921246924,5.72047520553936,5.749567507690246,5.758924600682096,5.718067413421163,5.6778355718730475,5.618837058566849,5.605185078437784,5.609136051092039,5.466193456812774,5.390069427555216
100.0,2199.865,1.46,391.0,7320.0,31.3,0.1,135628.0,130716.0,1.0,200.0,2199.9325,1.915,3806.0,2160.0,509.3,0.2,344000.0,304632.0,1.9726608931906944,300.0,2199.91,1.4866666666666666,2373.6666666666665,1920.0,1168.6,0.0,52872.0,38948.0,2.6160756855077265,100.0,2199.865,1.46,456.0,6760.0,30.3,0.1,135476.0,130452.0,1.0,200.0,2200.0,1.925,3340.0,2680.0,457.9,0.2,344000.0,304628.0,1.9859059263032772,300.0,2199.91,1.6266666666666667,1838.333333333333,2360.0,280.6,0.0,52876.0,38944.0,2.8390768369494883,100.0,2199.865,1.46,487.0,6280.0,42.5,0.1,135204.0,130188.0,1.0,200.0,2199.9325,1.965,2621.0,4040.0,407.8,0.2,344000.0,304632.0,2.036537046470821,293.8,2199.865,1.6366666666666667,1660.333333333333,2720.0,588.6,0.0,52876.0,38944.0,2.8578077082002538,100.0,2199.865,1.46,711.0,6080.0,57.7,0.1,134384.0,129400.0,1.0,193.8,2200.0,1.97,2420.5,4960.0,344.8,0.2,344000.0,304632.0,2.0408105507443257,300.0,2199.955,1.4666666666666668,1996.666666666667,1880.0,517.1,0.0,52876.0,38944.0,2.5903851024147464,5.747074796817362,5.679314058819691,5.743614006616178,5.908602187669017,5.580373934563147,5.5239779356771175,5.489878765965506,5.500034474478231,5.509099235496908,5.494385152373472,5.45438617424104,5.4912759433786364,5.470583738355804
100.0,2199.865,1.46,1247.0,10080.0,62.5,0.1,153056.0,148140.0,0.9798657718120806,193.8,2200.0,1.96,3059.5,2280.0,440.2,0.2,344868.0,305424.0,1.919012148177773,300.0,2199.955,1.6033333333333335,2694.333333333333,1680.0,1347.6999999999996,0.0,52872.0,38948.0,2.7888304844947704,100.0,2200.0,1.45,1944.0,11960.0,108.1,0.1,152920.0,147876.0,0.9731543624161072,200.0,2200.0,1.98,2729.5,2280.0,478.6,0.2,344868.0,305420.0,1.93935909613558,300.0,2199.91,1.66,2128.333333333333,1880.0,185.4,0.0,52876.0,38944.0,2.8888116420388186,100.0,2200.0,1.45,2323.0,10440.0,123.5,0.1,152648.0,147612.0,0.9731543624161072,200.0,2199.9325,2.06,1996.5,3640.0,322.7000000000001,0.2,344868.0,305424.0,2.0244963255511674,300.0,2199.955,1.663333333333333,2020.666666666667,2840.0,828.4000000000002,0.0,52876.0,38944.0,2.892285719854913,100.0,2199.865,1.43,3613.0,10320.0,107.2,0.1,152048.0,147088.0,0.9597315436241609,200.0,2200.0,2.06,1921.5,4440.0,307.7000000000001,0.2,344868.0,305424.0,2.0226216067589857,300.0,2199.955,1.6233333333333333,2197.6666666666665,1840.0,702.8,0.0,52876.0,38944.0,2.8227546208686696,5.929265628252478,5.866185573561344,5.6408535697531486,5.608456195273718,5.827577381578617,5.8120035447907865,5.760767587342862,5.624852624249891,5.5921483944818045,5.5908617559035125,5.590441049343901,5.478635709021747,5.476446861040101
100.0,2199.865,1.42,2870.0,12560.0,107.7,0.1,159876.0,154740.0,0.9659863945578232,200.0,2199.9325,2.0250000000000004,2681.5,1680.0,397.3,0.2,345144.0,305688.0,1.9910682836008655,300.0,2199.955,1.61,2343.6666666666665,1640.0,1219.4,0.0,53212.0,39316.0,3.0011041147617563,100.0,2200.0,1.41,4342.0,13640.0,170.5,0.1,159508.0,154476.0,0.9591836734693876,193.8,2200.0,2.035,2517.0,3280.0,430.4,0.2,345144.0,305684.0,2.004830674784884,300.0,2199.91,1.643333333333333,1854.333333333333,1360.0,177.4,0.0,53216.0,39312.0,3.051186351603862,100.0,2199.865,1.4,4902.0,11240.0,228.8,0.1,159348.0,154212.0,0.9523809523809524,200.0,2200.0,2.05,1842.5,3720.0,322.6,0.2,345144.0,305688.0,2.0227947466411718,300.0,2199.955,1.663333333333333,1603.0,2040.0,567.3,0.0,53216.0,39312.0,3.087930648551853,100.0,2199.865,1.35,7746.0,10960.0,209.8,0.1,158652.0,153688.0,0.9183673469387756,200.0,2200.0,2.055,1722.0,4600.0,264.5,0.2,345144.0,305688.0,2.0269964273134398,300.0,2199.955,1.5833333333333333,2194.6666666666665,2560.0,767.5,0.0,53216.0,39312.0,2.9430487971037063,6.024721180471711,5.966812888850329,5.292478129771198,5.733564482093443,5.889102458096372,5.852333728722156,5.931241672553967,5.900768749991188,5.8459984345010865,5.794216106643182,5.736743236223751,5.490384652053331,5.404924107112223
100.0,2199.865,0.62,1685.0,6600.0,150.5,0.2,290704.0,286536.0,0.984126984126984,193.8,2199.9325,1.2,52422.5,2600.0,11679.9,1.2999999999999998,1696596.0,1665880.0,1.3499587662873165,300.0,2199.91,1.57,3680.333333333334,1800.0,775.6000000000001,0.0,229176.0,102544.0,2.845467355899268,100.0,2199.865,0.62,1706.0,7480.0,189.8,0.2,290704.0,286536.0,0.984126984126984,200.0,2199.9325,1.4300000000000002,19500.5,2560.0,5198.8,1.2999999999999998,1696596.0,1665944.0,1.71567360050143,300.0,2199.865,1.5933333333333335,1428.333333333333,1760.0,174.0,0.0,229536.0,102656.0,2.918271592097584,100.0,2199.865,0.62,1709.0,6600.0,184.7,0.2,290704.0,286536.0,0.984126984126984,200.0,2199.865,1.455,21564.5,1520.0,4397.2,1.2999999999999998,1696596.0,1665880.0,1.7608414619814317,300.0,2200.0,1.61,1027.6666666666667,2080.0,122.7,0.0,229536.0,102656.0,2.9531538012608265,100.0,2199.865,0.62,2044.0,6080.0,216.8,0.2,290704.0,286536.0,0.984126984126984,200.0,2199.9325,1.64,22267.5,4640.0,4539.9,1.2999999999999998,1696596.0,1665944.0,1.988404434520312,300.0,2200.0,1.6033333333333335,1194.3333333333333,1480.0,135.4,0.0,229536.0,102656.0,2.9420811159071083,5.5993835148359565,5.869688112793693,5.707745711768168,5.716646927683463,5.640565727788918,5.845055930622432,5.78418997859998,5.6974354268193785,5.856713988290597,5.784826115450923,5.685112774194241,5.8037762764950696,5.539363328352459
100.0,2200.0,0.62,1625.0,6600.0,144.9,0.2,290704.0,286536.0,0.984126984126984,200.0,2199.9325,1.41,17097.5,1880.0,3403.100000000001,1.2999999999999998,1696596.0,1665880.0,1.761875,300.0,2199.955,1.59,2316.6666666666665,1040.0,429.7000000000001,0.0,229536.0,102848.0,2.8174982977460408,100.0,2199.865,0.62,1837.0,6440.0,205.0,0.2,290704.0,286536.0,0.984126984126984,200.0,2199.9325,1.535,45129.5,1840.0,10077.3,1.2999999999999998,1696596.0,1665944.0,1.719219219219219,300.0,2199.955,1.6533333333333335,1605.0,2000.0,318.5,0.0,229536.0,102656.0,2.9355346676390357,100.0,2199.865,0.62,1834.0,7280.0,206.6,0.2,290704.0,286536.0,0.984126984126984,200.0,2199.865,1.33,45545.5,3880.0,9193.7,1.2999999999999998,1696596.0,1665880.0,1.5413985413985412,300.0,2199.91,1.6566666666666665,1303.3333333333333,2360.0,186.2,0.0,229536.0,102656.0,2.9467565207213537,100.0,2199.865,0.62,2110.0,5560.0,217.9,0.2,290704.0,286536.0,0.984126984126984,200.0,2199.9325,1.415,33695.0,4520.0,6538.3,1.2999999999999998,1696596.0,1665944.0,1.6522951522951523,300.0,2199.865,1.663333333333333,1247.6666666666667,2440.0,303.1,0.0,229536.0,102656.0,2.9593441914485585,5.761250193123032,5.626936700901535,5.799871405244244,5.877132768880607,5.924548616047441,5.698365272330105,5.829122554248348,5.831788236663045,5.778949511053878,5.822086147475256,5.860874538375331,5.732164581665374,5.694934242560034
100.0,2200.0,0.62,1653.0,8600.0,128.4,0.2,290704.0,286536.0,0.984126984126984,200.0,2200.0,1.28,46130.5,2200.0,10490.0,1.2999999999999998,1696596.0,1665880.0,1.4521572052401746,300.0,2199.955,1.5733333333333333,3609.333333333334,1000.0,682.8,0.0,229536.0,102848.0,2.8913779773775934,100.0,2199.865,0.62,1802.0,5800.0,186.9,0.2,290704.0,286536.0,0.984126984126984,200.0,2199.865,1.37,32145.5,960.0,8520.0,1.2999999999999998,1696596.0,1665944.0,1.6430891089108912,293.8,2199.91,1.6533333333333335,1425.0,2240.0,584.5,0.0,229536.0,102656.0,2.8923280234179414,100.0,2199.865,0.62,1896.0,6200.0,208.3,0.2,290704.0,286536.0,0.984126984126984,200.0,2199.9325,1.525,17720.0,4520.0,3575.4,1.2999999999999998,1696596.0,1665880.0,1.875841584158416,293.8,2200.0,1.6766666666666663,1169.0,1520.0,182.8,0.0,229924.0,102900.0,2.9355005464358515,100.0,2199.865,0.62,2066.0,6320.0,209.6,0.2,290704.0,286536.0,0.984126984126984,200.0,2199.865,1.645,19394.5,8640.0,4667.0,1.2999999999999998,1696596.0,1665944.0,1.9946534653465344,300.0,2199.91,1.663333333333333,1201.6666666666667,1560.0,262.4,0.0,229924.0,103160.0,2.919339781477332,5.742280478911067,5.906209524122553,5.84807056519395,5.826942360065745,5.723124459574049,5.843287492715287,5.873852485550983,5.833028389705054,5.831575662883245,5.825249651773487,5.777344061028807,5.854789937230794,5.637542233939421
93.8,2199.865,0.62,1792.0,8680.0,160.2,0.2,290704.0,286536.0,0.984126984126984,200.0,2199.9325,1.375,16229.5,2000.0,3108.5,1.2999999999999998,1696596.0,1665880.0,1.685425101214575,300.0,2199.91,1.643333333333333,2352.0,1240.0,645.4,0.0,229536.0,102848.0,2.9385714047143896,100.0,2199.865,0.61,1907.0,6880.0,201.0,0.2,290704.0,286536.0,0.9682539682539684,193.8,2199.9325,1.58,40598.5,2560.0,8815.7,1.2999999999999998,1696596.0,1665944.0,1.7811885084612358,300.0,2199.955,1.5666666666666669,1467.333333333333,2720.0,500.8,0.0,229924.0,103160.0,2.8774103859030125,100.0,2200.0,0.62,1997.0,7600.0,210.3,0.2,290704.0,286536.0,0.984126984126984,200.0,2200.0,1.39,44756.5,3880.0,8520.3,1.2999999999999998,1696596.0,1665880.0,1.585202676111767,300.0,2199.91,1.58,1143.0,1800.0,176.9,0.0,229924.0,103160.0,2.9060575587752475,100.0,2199.865,0.62,2187.0,4880.0,219.5,0.2,290704.0,286536.0,0.984126984126984,200.0,2200.0,1.385,33335.0,4600.0,6783.9,1.2999999999999998,1696596.0,1665944.0,1.6399055489964582,300.0,2200.0,1.57,1278.3333333333333,2080.0,205.5,0.0,229924.0,103160.0,2.890982181890825,5.8265337083936775,5.562435076974402,5.826911184972526,5.8463703680472685,5.903191535072224,5.632547544071794,5.845283476976775,5.863278950214684,5.7162849381043985,5.78188833520378,5.8840937132698485,5.740900725225602,5.736745684592845
100.0,2200.0,0.62,1808.0,7560.0,176.8,0.2,290704.0,286536.0,0.984126984126984,200.0,2199.9325,1.54,41459.0,2280.0,7735.7,1.2999999999999998,1696596.0,1665880.0,1.7590861889927312,300.0,2199.955,1.6133333333333333,3370.0,1000.0,760.1,0.0,229924.0,103352.0,2.9694084587208733,100.0,2199.865,0.62,1891.0,5480.0,197.5,0.2,290704.0,286536.0,0.984126984126984,200.0,2199.9325,1.165,45960.0,2720.0,9520.4,1.2999999999999998,1696596.0,1665944.0,1.4243933793990036,300.0,2199.955,1.6233333333333333,1532.333333333333,1720.0,291.9,0.0,229924.0,103160.0,2.8602885777673106,100.0,2199.865,0.62,1943.0,6280.0,209.1,0.2,290704.0,286536.0,0.984126984126984,200.0,2199.865,1.475,20479.0,3800.0,3794.5,1.2999999999999998,1696596.0,1665880.0,1.8017033585087576,300.0,2199.955,1.65,1146.3333333333333,1560.0,180.10000000000005,0.0,229924.0,103160.0,2.911456862368531,100.0,2199.865,0.62,2235.0,5240.0,226.2,0.2,290704.0,286536.0,0.984126984126984,200.0,2200.0,1.5699999999999998,16511.0,7520.0,3165.0,1.2999999999999998,1696596.0,1665944.0,1.9235899084043064,293.8,2200.0,1.6033333333333335,1233.3333333333333,2680.0,366.6,0.0,229924.0,103160.0,2.843186643110953,5.7314259737629865,5.879263015917294,5.931512367980415,5.8865324177416385,5.787563232306602,5.908557532027795,5.979330572947784,5.976449507847277,5.762336536058239,5.729149767283487,5.947076091247755,5.960649745008325,5.779508588079071
100.0,2200.0,0.77,5235.0,13880.0,260.9,0.2,290704.0,286536.0,0.9625,200.0,2200.0,1.19,47906.5,2800.0,10972.9,1.2999999999999998,1696596.0,1665880.0,1.4563184079601992,293.8,2199.91,1.57,3587.666666666666,1880.0,635.5,0.0,230292.0,103408.0,2.8064646890076697,100.0,2199.865,0.78,6023.0,14360.0,770.6,0.2,290704.0,286536.0,0.975,200.0,2199.9325,1.41,16803.5,2400.0,3989.7,1.2999999999999998,1696596.0,1665944.0,1.5805857740585774,300.0,2199.955,1.67,1735.333333333333,1800.0,342.0,0.0,230920.0,103864.0,2.90750184774575,100.0,2199.865,0.77,5840.0,10720.0,558.9,0.2,290704.0,286536.0,0.9625,200.0,2199.9325,1.5950000000000002,37124.5,3360.0,6366.5,1.2999999999999998,1696596.0,1665880.0,1.7125020920502094,293.8,2199.91,1.68,1421.666666666667,1960.0,226.0,0.0,230920.0,103864.0,2.924168514412417,100.0,2199.865,0.73,8403.0,12320.0,810.9,0.2,290704.0,286536.0,0.9125,200.0,2199.865,1.415,40934.0,5720.0,8145.799999999998,1.2999999999999998,1696596.0,1665944.0,1.5885857740585774,300.0,2200.0,1.66,1498.666666666667,1880.0,429.3,0.0,230920.0,103864.0,2.8999260901699926,5.61819222907251,5.3254578652119715,5.3905544725726315,5.477063053008122,5.464571473626441,5.279664203521077,5.395969346597611,5.364311672247948,5.260229374054866,5.647601951580032,5.341095560189842,5.3474834912084335,5.400691440014024
100.0,2200.0,0.78,5387.0,13080.0,277.4,0.2,290704.0,286536.0,0.9873417721518988,200.0,2199.9325,1.45,25925.0,3640.0,5064.6,1.2999999999999998,1696596.0,1665880.0,1.7495238095238097,300.0,2200.0,1.606666666666667,2847.333333333333,800.0,482.9,0.0,230440.0,103792.0,2.8571443800102343,100.0,2199.865,0.77,5906.0,12640.0,689.6,0.2,290704.0,286536.0,0.9625,193.8,2199.9325,1.465,43209.5,2800.0,9239.4,1.2999999999999998,1696596.0,1665944.0,1.7588920487747868,300.0,2199.955,1.6,1635.333333333333,1480.0,400.9,0.0,230920.0,103864.0,2.859809235347256,100.0,2199.865,0.77,6354.0,13680.0,561.3,0.2,290704.0,286536.0,0.9625,200.0,2200.0,1.44,30533.0,2040.0,5626.1,1.2999999999999998,1696596.0,1665880.0,1.7329853130234911,300.0,2199.955,1.6133333333333333,1222.3333333333333,1320.0,207.7,0.0,230920.0,103864.0,2.8894388649768845,93.8,2200.0,0.74,8251.0,13080.0,816.6,0.2,290704.0,286536.0,0.925,200.0,2199.865,1.485,18681.0,6200.0,3574.5,1.2999999999999998,1696596.0,1665944.0,1.8029919357980444,300.0,2199.91,1.6266666666666667,1344.3333333333333,1160.0,317.2000000000001,0.0,230920.0,103864.0,2.90904670811414,5.725318173473469,5.644689815764738,5.7097295567456126,5.7937781804144874,5.64803543160212,5.5547477153903655,5.76287727049459,5.621613983851557,5.306646005385391,5.366476154959494,5.58919336298157,5.623712574431161,5.668318337866037
93.8,2199.865,0.79,5006.0,12480.0,285.6,0.2,290704.0,286536.0,0.9875,200.0,2200.0,1.22,45253.5,2360.0,10082.1,1.2999999999999998,1696596.0,1665880.0,1.4581472575289134,300.0,2199.955,1.5633333333333332,3530.666666666666,1320.0,763.4000000000002,0.0,230920.0,104056.0,2.70845113406089,100.0,2199.865,0.78,5767.0,13360.0,694.8,0.2,290704.0,286536.0,0.975,200.0,2200.0,1.37,26220.5,2760.0,5764.200000000002,1.2999999999999998,1696596.0,1665944.0,1.5198602620087336,300.0,2199.91,1.6766666666666667,1609.0,1920.0,293.2,0.0,231052.0,104128.0,3.0024364882686263,100.0,2199.865,0.78,6384.0,13160.0,570.7,0.2,290704.0,286536.0,0.975,200.0,2199.9325,1.565,39305.0,5120.0,7047.2,1.2999999999999998,1696596.0,1665880.0,1.7373973799126636,300.0,2199.955,1.6833333333333336,1310.6666666666667,1360.0,234.3,0.0,231052.0,104128.0,3.0217472428734986,100.0,2199.865,0.73,7605.0,10080.0,747.1,0.2,290704.0,286536.0,0.9125,193.8,2200.0,1.46,37623.5,5720.0,7341.4,1.2999999999999998,1696596.0,1665944.0,1.6674934497816594,300.0,2199.865,1.6966666666666663,1295.0,1920.0,483.2,0.0,231052.0,104128.0,3.0419492630755185,5.675056347140683,5.4333545458469095,5.3974898163364315,5.455317955365191,5.435967507356207,5.407732374176251,5.3329874876594205,5.3427344297234365,5.414873327765573,5.466957775926851,5.283415964917166,5.258648007334026,5.291147782100205
100.0,2200.0,0.79,4952.0,13200.0,304.1,0.2,290704.0,286536.0,0.9875,200.0,2199.9325,1.36,43773.5,2480.0,9457.9,1.2999999999999998,1696596.0,1665880.0,1.5112637362637362,293.8,2199.955,1.58,3423.0,1320.0,576.2,0.0,231052.0,104320.0,2.8606768066316923,100.0,2199.865,0.78,5786.0,13320.0,646.2,0.2,290704.0,286536.0,0.9873417721518988,200.0,2199.865,1.325,35851.5,1160.0,9097.4,1.2999999999999998,1696596.0,1665944.0,1.4977219730941704,300.0,2199.865,1.653333333333333,1740.0,2320.0,1245.6999999999996,0.0,231184.0,104284.0,2.903755319273845,100.0,2199.865,0.78,6109.0,14280.0,533.0,0.2,290704.0,286536.0,0.9873417721518988,200.0,2199.9325,1.54,30593.0,5000.0,5379.3,1.2999999999999998,1696596.0,1665880.0,1.7362511210762333,300.0,2199.91,1.656666666666667,1511.333333333333,2480.0,262.9,0.0,231184.0,104284.0,2.9067237969677,100.0,2199.865,0.74,8379.0,11240.0,773.5,0.2,290704.0,286536.0,0.9367088607594936,200.0,2199.865,1.51,40779.0,4960.0,7926.9,1.2999999999999998,1696596.0,1665944.0,1.740986547085202,293.8,2199.865,1.6266666666666667,1540.0,2400.0,283.4,0.0,231184.0,104284.0,2.8661832564271585,5.71388647742902,5.506616534428008,5.492451630550011,5.512901361798382,5.485514817363198,5.330459257770133,5.372407061322738,5.34917817451896,5.376855888707193,5.580257913071909,5.292026341296497,5.247087882338982,5.2504427662421085
100.0,2200.0,0.79,4901.0,13160.0,270.6,0.2,290704.0,286536.0,0.9875,193.8,2199.9325,1.51,43889.5,2520.0,8464.5,1.2999999999999998,1696596.0,1665880.0,1.6422466422466422,300.0,2199.91,1.6166666666666665,3542.333333333333,1400.0,662.0999999999998,0.0,231184.0,104480.0,2.8161333994950257,100.0,2200.0,0.78,5923.0,13720.0,695.3,0.2,290704.0,286536.0,0.9873417721518988,200.0,2199.9325,1.235,39453.0,2760.0,9081.4,1.2999999999999998,1696596.0,1665944.0,1.4215082159624413,293.8,2199.955,1.67,1565.333333333333,1800.0,381.7,0.0,231184.0,104284.0,3.0330215902705686,100.0,2200.0,0.79,6152.0,12120.0,505.7,0.2,290704.0,286536.0,1.0,200.0,2200.0,1.5299999999999998,23315.0,5680.0,4884.7,1.2999999999999998,1696596.0,1665880.0,1.7639744718309858,293.8,2199.91,1.6833333333333331,1098.0,1320.0,189.3,0.0,231184.0,104284.0,3.0621960743231016,100.0,2199.865,0.74,8260.0,11080.0,798.0,0.2,290704.0,286536.0,0.9367088607594936,200.0,2200.0,1.535,40920.5,5040.0,8110.9,1.2999999999999998,1696596.0,1665944.0,1.7749046361502347,300.0,2199.865,1.6900000000000002,1101.6666666666667,2040.0,274.3,0.0,231184.0,104284.0,3.07394310530376,5.619682906222273,5.565658465438909,5.341550136183352,5.39738490598871,5.338966645358954,5.559228451142179,5.1619439131891625,5.296966896741559,5.575029749284758,5.5651962771028005,5.248452212927144,5.12605671626694,5.096867141034072
100.0,2199.865,0.8,4798.0,13680.0,331.8,0.2,290704.0,286536.0,1.0,200.0,2199.865,1.38,31777.0,1080.0,6654.7,1.2999999999999998,1696596.0,1665880.0,1.6703926282051282,300.0,2199.91,1.62,3030.333333333333,1160.0,929.8,0.0,231184.0,104480.0,2.8873349241334085,100.0,2200.0,0.78,6072.0,14520.0,776.8,0.2,290704.0,286536.0,0.8210526315789475,200.0,2200.0,1.475,23438.0,3080.0,5182.4,1.2999999999999998,1696596.0,1665944.0,1.8244559585492228,300.0,2199.955,1.6466666666666667,1562.666666666667,1960.0,406.5,0.0,231184.0,104284.0,2.937686953520479,100.0,2200.0,0.77,6343.0,13960.0,514.8,0.2,290704.0,286536.0,0.8105263157894738,200.0,2200.0,1.29,36325.0,3800.0,7133.0999999999985,1.2999999999999998,1696596.0,1665880.0,1.6158341968911918,293.8,2199.91,1.66,1173.3333333333333,2040.0,141.8,0.0,231184.0,104284.0,2.962745915784629,100.0,2199.865,0.75,6932.0,9960.0,616.4,0.2,290704.0,286536.0,0.7894736842105263,200.0,2199.865,1.51,18197.5,4760.0,3702.8,1.2999999999999998,1696596.0,1665944.0,1.8973678756476684,300.0,2199.91,1.6366666666666667,1252.3333333333333,2320.0,161.1,0.0,231184.0,104284.0,2.9328225667280257,5.5247050834259275,5.618399357238494,5.6757467500925936,5.690029408170763,5.504238939537454,5.483038082084263,5.703303462191175,5.611610734409249,5.386704932267693,4.935300546841519,5.54698733697335,5.4688553354797,5.526800047966873
300.0,2199.865,1.4466666666666663,8699.0,14520.0,2325.2000000000007,0.30000000000000004,418132.0,376200.0,2.63798049340218,200.0,2199.9325,1.3,10518.0,2400.0,2244.4,0.6,1001600.0,776368.0,1.81575,100.0,2199.865,1.28,484.0,760.0,32.9,0.0,19724.0,8232.0,0.9846153846153846,300.0,2199.865,1.45,8980.333333333334,20760.0,2249.5,0.30000000000000004,418112.0,374800.0,2.6376092605716988,200.0,2199.9325,1.285,7500.0,2720.0,1550.6,0.6,1001600.0,776040.0,1.8005,100.0,2200.0,1.3,140.0,920.0,10.1,0.0,19724.0,8236.0,1.0,300.0,2199.91,1.4266666666666663,9282.333333333334,16280.0,2823.5999999999995,0.30000000000000004,418132.0,377100.0,2.6051095136849916,200.0,2200.0,1.37,6183.0,3720.0,1267.7,0.6,1001592.0,776372.0,1.92075,100.0,2199.865,1.29,180.0,1080.0,9.6,0.0,19724.0,8232.0,0.9923076923076924,300.0,2200.0,1.43,9766.666666666666,13760.0,2512.600000000001,0.30000000000000004,418116.0,376676.0,2.600350983767001,200.0,2199.865,1.365,7542.0,4920.0,1231.1,0.6,1001600.0,776228.0,1.911,100.0,2199.865,1.29,227.0,1600.0,44.4,0.0,19724.0,8232.0,0.9923076923076924,5.454964656298108,5.482777454355237,5.44454448823088,5.437864820627046,5.396622608079376,5.447396459788735,5.3909295579214085,5.371549078667612,5.336024990719179,5.291477767566712,5.1954273733589815,4.851421004039368,4.502816973128454
300.0,2199.955,1.42,8584.0,16800.0,2240.9,0.30000000000000004,418476.0,376516.0,2.625003783812733,200.0,2199.865,1.29,8060.5,2520.0,1472.4,0.7,1001600.0,984660.0,1.8498710322682532,100.0,2200.0,1.28,394.0,640.0,33.5,0.0,19880.0,8248.0,0.9846153846153846,300.0,2199.955,1.4266666666666663,9219.666666666666,15840.0,2228.6,0.30000000000000004,418448.0,375112.0,2.619354260340287,200.0,2199.9325,1.305,7256.0,2440.0,2152.4,0.7,1001600.0,984408.0,1.878454492814655,100.0,2199.865,1.29,128.0,1120.0,8.8,0.0,19880.0,8252.0,0.9923076923076924,300.0,2199.91,1.4233333333333331,9559.666666666666,15080.0,2676.7,0.30000000000000004,418452.0,377412.0,2.615370196595268,200.0,2199.9325,1.345,5500.0,3520.0,1948.4,0.7,1001592.0,984664.0,1.9350950150023687,100.0,2199.865,1.29,110.0,1240.0,7.6,0.0,19880.0,8248.0,0.9923076923076924,300.0,2199.865,1.413333333333333,10115.333333333334,12720.0,2436.0,0.30000000000000004,418428.0,376724.0,2.585163728487569,200.0,2199.9325,1.365,5122.0,4880.0,1908.6,0.7,1001600.0,984528.0,1.962467758067063,100.0,2199.865,1.29,142.0,1240.0,34.4,0.0,19880.0,8248.0,0.9923076923076924,5.5197488551505804,5.468943175819417,5.487587459459177,5.402088908046059,5.41335497592384,5.343365002979624,5.344471571989163,5.299631214319955,5.251447341789866,5.1798849984404365,5.088608341275269,5.059694404807446,4.400307269615649
293.8,2199.91,1.4566666666666668,10233.333333333334,16680.0,2590.9,0.30000000000000004,418840.0,376868.0,2.5089758818665637,200.0,2199.9325,1.25,13567.0,2440.0,2517.2,0.7,1001600.0,984660.0,1.7250935965381435,93.8,2200.0,1.26,605.0,1160.0,39.6,0.0,20032.0,8452.0,0.9767441860465116,300.0,2199.865,1.41,10788.0,19160.0,2661.9,0.30000000000000004,418836.0,375712.0,2.4409245478577835,200.0,2199.9325,1.25,11535.5,2880.0,2196.1,0.7,1001600.0,984408.0,1.7276219186074782,100.0,2200.0,1.28,261.0,1040.0,12.0,0.0,20032.0,8456.0,0.992248062015504,287.6,2200.0,1.4033333333333335,10781.0,14280.0,2815.6,0.30000000000000004,418840.0,378012.0,2.4283356042343573,200.0,2199.9325,1.36,6204.5,3720.0,1319.1,0.7,1001592.0,984664.0,1.8854475616278503,100.0,2200.0,1.28,135.0,1280.0,8.2,0.0,20032.0,8452.0,0.992248062015504,300.0,2199.91,1.4166666666666667,11683.0,12520.0,2560.0,0.30000000000000004,418816.0,377064.0,2.4161600810536985,200.0,2199.865,1.345,8059.0,5360.0,1325.8000000000004,0.7,1001600.0,984528.0,1.8600184761997371,100.0,2200.0,1.28,166.0,1480.0,36.9,0.0,20032.0,8452.0,0.992248062015504,5.211108709580829,5.284757829632157,5.169163869762249,5.157657704548222,5.1472343177435915,5.198459612545042,5.063551881716194,5.0373585202456495,4.989720729007901,4.945641557815211,4.8675367196181325,4.850917692921295,4.215185196940992
300.0,2199.955,1.4866666666666666,11931.666666666664,18160.0,2838.7000000000007,0.30000000000000004,419248.0,377400.0,2.566744045786961,200.0,2200.0,1.26,12026.5,2320.0,2402.8,0.7,1001632.0,984660.0,1.772773228187241,100.0,2200.0,1.26,454.0,720.0,62.2,0.0,20368.0,8708.0,0.984375,300.0,2200.0,1.4566666666666663,12688.666666666664,17480.0,3194.5,0.30000000000000004,419244.0,376000.0,2.5166393874105037,200.0,2200.0,1.25,10333.5,2560.0,2101.5,0.7,1001632.0,984408.0,1.7616014558689717,100.0,2199.865,1.27,188.0,1200.0,18.4,0.0,20368.0,8712.0,0.9921875,300.0,2200.0,1.4400000000000002,12875.0,15280.0,3296.3,0.30000000000000004,419232.0,378300.0,2.4900557762506508,200.0,2200.0,1.3199999999999998,8770.5,3960.0,1348.3,0.7,1001624.0,984664.0,1.8586088363158424,100.0,2200.0,1.27,242.0,1040.0,13.1,0.0,20368.0,8708.0,0.9921875,300.0,2199.865,1.4666666666666668,14246.666666666664,14800.0,2989.4000000000005,0.30000000000000004,419224.0,377616.0,2.509056808931104,200.0,2199.9325,1.34,12168.5,5280.0,2266.7000000000007,0.7,1001632.0,984676.0,1.8872207056920431,100.0,2200.0,1.27,160.0,1480.0,62.9,0.0,20368.0,8708.0,0.9921875,5.375415970111309,5.411559897933777,5.328028182365465,5.289667784618088,5.30920277990303,5.2212096591324135,5.165217825066875,5.1163585540109136,5.073874506279283,5.0038066047847165,4.891833490537014,4.758830347420716,4.236869097397387
300.0,2199.955,1.3966666666666667,9843.0,16880.0,2469.8,0.30000000000000004,419376.0,377420.0,2.5232490272373544,193.8,2200.0,1.32,11009.5,2480.0,1908.8,0.7,1001632.0,984680.0,1.8388888888888892,100.0,2200.0,1.26,380.0,800.0,93.8,0.0,20368.0,8708.0,0.9921259842519684,300.0,2199.91,1.4366666666666668,10404.666666666666,20800.0,2601.100000000001,0.30000000000000004,419340.0,376016.0,2.561057068741894,200.0,2199.9325,1.335,8741.0,2840.0,2130.8,0.7,1001632.0,984488.0,1.8694444444444445,100.0,2200.0,1.27,161.0,1320.0,26.1,0.0,20368.0,8712.0,1.0,300.0,2199.955,1.4166666666666667,11347.333333333336,17960.0,3073.9,0.30000000000000004,419344.0,378316.0,2.5288261997405965,200.0,2200.0,1.39,6587.0,3840.0,1816.8,0.7,1001624.0,984684.0,1.943253968253968,100.0,2200.0,1.26,193.0,1280.0,12.1,0.0,20368.0,8708.0,0.9921259842519684,293.8,2199.955,1.3833333333333335,13077.666666666664,15040.0,2911.1,0.30000000000000004,419320.0,377632.0,2.4810311284046693,200.0,2199.9325,1.355,9892.0,5040.0,1713.0,0.7,1001632.0,984676.0,1.8876984126984129,100.0,2200.0,1.27,139.0,1720.0,30.5,0.0,20368.0,8708.0,1.0,5.386531869557161,5.4665434847151895,5.3631264629129545,5.351853653264159,5.315242993701663,5.3216802119093085,5.296772126490025,5.269016351676859,5.210407788277438,5.15556477740866,4.968586714841579,4.890915324463118,4.264531178495685
300.0,2199.865,1.4666666666666668,8462.333333333334,17080.0,2514.600000000001,0.30000000000000004,419704.0,377720.0,2.667022554384092,200.0,2199.9325,1.3,13518.5,2800.0,2481.1,0.7,1001680.0,984680.0,1.7679790026246718,100.0,2199.865,1.24,517.0,920.0,41.8,0.0,20728.0,9012.0,0.984126984126984,300.0,2199.955,1.45,8834.0,15080.0,2329.7000000000007,0.30000000000000004,419660.0,376312.0,2.633724809822501,200.0,2200.0,1.275,12373.0,2320.0,2330.5,0.7,1001680.0,984748.0,1.7376759723216415,100.0,2200.0,1.25,184.0,1440.0,31.8,0.0,20728.0,9016.0,0.992063492063492,300.0,2199.955,1.4466666666666663,8963.0,14920.0,2741.9,0.30000000000000004,419664.0,378604.0,2.6252502335513146,193.3,2200.0,1.355,8864.0,3640.0,1372.2,0.7,1001692.0,984684.0,1.8473395371033168,100.0,2200.0,1.25,294.0,1360.0,12.8,0.0,20728.0,9012.0,0.992063492063492,300.0,2199.865,1.4533333333333331,9560.333333333334,16840.0,2501.7000000000007,0.30000000000000004,419592.0,377916.0,2.6240491125050047,200.0,2199.865,1.38,12153.0,4680.0,2462.3,0.7,1001696.0,984676.0,1.8812693867811976,100.0,2199.865,1.25,236.0,1720.0,40.7,0.0,20728.0,9012.0,0.992063492063492,5.495042241445551,5.438444366256992,5.43296510124216,5.390054151551548,5.363967370026359,5.363967370026359,5.384916022631224,5.3906547120747055,5.324659783474678,5.271013946831377,5.145975628239075,4.864504172931482,4.240452089097492
300.0,2199.955,1.4633333333333336,12808.333333333336,18480.0,2815.5,0.30000000000000004,420992.0,378808.0,2.589740018144662,200.0,2199.865,1.27,12508.5,2400.0,2206.7000000000007,0.7,1001728.0,984680.0,1.7190557613755106,93.8,2199.865,1.25,505.0,880.0,40.5,0.0,21116.0,9516.0,0.9842519685039369,293.8,2199.91,1.43,13405.333333333336,16880.0,3438.0,0.30000000000000004,420980.0,377404.0,2.5410500077893747,200.0,2200.0,1.245,13018.5,2480.0,2558.8,0.7,1001732.0,984748.0,1.6928374655647382,100.0,2200.0,1.26,193.0,2000.0,38.1,0.0,21116.0,9520.0,0.9921259842519684,300.0,2200.0,1.4266666666666667,13753.0,17200.0,3366.5,0.30000000000000004,420968.0,379704.0,2.536968375136314,200.0,2200.0,1.4,12734.5,3800.0,2433.0,0.7,1001740.0,984684.0,1.8861024033437828,100.0,2200.0,1.26,214.0,1760.0,17.7,0.0,21116.0,9516.0,0.9921259842519684,300.0,2200.0,1.4533333333333331,14996.0,14520.0,3108.2,0.30000000000000004,420960.0,378804.0,2.5581957974029312,200.0,2200.0,1.485,7941.5,4480.0,1943.8,0.7,1001744.0,984676.0,2.0114942528735638,100.0,2200.0,1.26,196.0,1600.0,44.7,0.0,21116.0,9516.0,0.9921259842519684,5.540764031488337,5.4775626080888715,5.482862126036927,5.426216349942122,5.338852413136562,5.4294263742249385,5.301567229679545,5.3294515096383215,5.221257596520874,5.2686739512401655,5.072240568726854,4.826079851691742,4.5402886131788405
300.0,2199.955,1.45,13089.666666666664,16360.0,2863.3,0.30000000000000004,421184.0,379132.0,2.5757127114895906,200.0,2200.0,1.24,11684.5,2520.0,2021.1,0.7,1001744.0,984680.0,1.7330859120316966,100.0,2200.0,1.24,615.0,1040.0,60.9,0.0,21116.0,9516.0,0.9763779527559054,300.0,2199.91,1.4166666666666667,13817.0,17080.0,3536.6,0.30000000000000004,421172.0,377720.0,2.523744555806265,200.0,2200.0,1.235,13737.5,2440.0,2460.4,0.7,1001748.0,984748.0,1.7282210742765434,100.0,2200.0,1.26,235.0,1320.0,36.4,0.0,21116.0,9520.0,0.9921259842519684,293.8,2199.955,1.4066666666666665,14123.666666666664,18120.0,3609.9,0.30000000000000004,421160.0,380020.0,2.506866618190541,200.0,2200.0,1.3199999999999998,10917.5,3680.0,2285.600000000001,0.7,1001740.0,984684.0,1.853051808014444,100.0,2199.865,1.26,249.0,1800.0,18.4,0.0,21116.0,9516.0,0.9921259842519684,300.0,2199.955,1.4433333333333334,15078.666666666664,15240.0,3271.1,0.30000000000000004,421152.0,379380.0,2.549767989265287,200.0,2199.865,1.35,6599.5,5000.0,1130.9,0.7,1001744.0,984676.0,1.8987913135061936,100.0,2200.0,1.25,368.0,1880.0,64.8,0.0,21116.0,9516.0,0.9842519685039369,5.375588011519604,5.349307534660976,5.3681582402817165,5.369223896548368,5.3996999304087785,5.290702105931822,5.325269943476555,5.274637517741505,5.213392282115893,5.169258624241609,5.056724770871702,4.802741982163806,4.281942271246248
300.0,2199.91,1.45,12934.666666666664,15200.0,2796.600000000001,0.30000000000000004,421340.0,379152.0,2.5199169110459434,200.0,2199.9325,1.265,13999.5,2600.0,2346.3,0.7,1001744.0,984680.0,1.7413087934560332,100.0,2199.865,1.25,630.0,960.0,105.8,0.0,21484.0,9572.0,0.9765625,300.0,2199.91,1.42,13764.333333333336,17640.0,3553.0,0.30000000000000004,421312.0,377752.0,2.4725073313782997,200.0,2200.0,1.225,12859.0,2560.0,2420.9,0.7,1001748.0,984748.0,1.6922290388548058,100.0,2200.0,1.27,299.0,1400.0,66.0,0.0,21484.0,9576.0,0.9921875,300.0,2199.91,1.4166666666666667,14008.666666666664,17880.0,3567.7000000000007,0.30000000000000004,421316.0,380052.0,2.4604105571847503,200.0,2199.9325,1.38,5999.5,3960.0,1204.2,0.7,1001740.0,984684.0,1.9058330898821696,100.0,2200.0,1.27,308.0,1680.0,17.2,0.0,21484.0,9572.0,0.9921875,300.0,2199.91,1.406666666666667,15081.333333333336,12760.0,3394.8,0.30000000000000004,421292.0,379412.0,2.433651026392962,193.8,2199.9325,1.395,4891.0,4760.0,1825.7,0.7,1001744.0,984676.0,1.927841075080339,100.0,2200.0,1.27,373.0,2000.0,47.6,0.0,21484.0,9576.0,0.9921875,5.316693265580375,5.2947900143579085,5.225312871780627,5.257419653887409,5.2475495988910055,5.183910253245611,5.212834286201903,5.197554762857862,5.205619278986895,5.166526231577316,5.090150070775751,4.858800972878552,4.23507461867409
300.0,2199.865,1.3833333333333335,13842.0,15920.0,3047.4,0.30000000000000004,421412.0,379440.0,2.4579572879729934,193.8,2200.0,1.3,13527.0,2680.0,2285.7,0.7,1001744.0,984680.0,1.7889268292682927,100.0,2199.865,1.3,565.0,1800.0,107.8,0.0,21632.0,9960.0,0.9923664122137404,300.0,2199.955,1.393333333333333,14197.333333333336,15440.0,3699.7,0.30000000000000004,421384.0,378032.0,2.4593480225899236,193.3,2200.0,1.3199999999999998,11482.0,2640.0,1952.7,0.7,1001748.0,984748.0,1.8285365853658535,100.0,2200.0,1.31,277.0,1440.0,76.5,0.0,22112.0,10224.0,1.0,287.5,2199.955,1.39,14330.333333333336,15600.0,3551.3,0.30000000000000004,421388.0,380332.0,2.451714434803664,200.0,2200.0,1.38,10422.5,4160.0,2215.6,0.7,1001740.0,984684.0,1.9017073170731709,100.0,2200.0,1.31,275.0,1480.0,14.2,0.0,22112.0,10220.0,1.0,300.0,2199.91,1.393333333333333,15473.333333333336,14440.0,3343.3,0.30000000000000004,421364.0,379676.0,2.448593008218999,200.0,2199.865,1.39,7423.0,5080.0,1207.9,0.7,1001744.0,984676.0,1.9177073170731709,100.0,2200.0,1.31,325.0,1760.0,47.8,0.0,22112.0,10224.0,1.0,5.3039654227161375,5.284217904519736,5.288632899729427,5.2990801085005375,5.364007264911823,5.343456791461828,5.347143745655959,5.262835483262012,5.279378759117607,5.219538858341222,5.086313006359827,4.90057609582739,4.263529012604213
293.8,2199.955,1.4400000000000002,12948.666666666664,19200.0,2823.4,0.30000000000000004,421768.0,380012.0,2.507169602775635,200.0,2200.0,1.275,14240.0,2280.0,2417.6,0.7,1001744.0,984680.0,1.7602453987730062,100.0,2199.865,1.33,657.0,960.0,65.9,0.0,22244.0,10488.0,0.9779411764705882,300.0,2199.91,1.4233333333333331,13579.333333333336,16880.0,3506.9,0.30000000000000004,421724.0,378604.0,2.4755329178155465,200.0,2200.0,1.3050000000000002,12121.5,2440.0,2082.5,0.7,1001748.0,984748.0,1.810110429447853,100.0,2199.865,1.35,352.0,1600.0,47.0,0.0,22244.0,10488.0,0.9926470588235294,300.0,2199.955,1.393333333333333,14245.333333333336,12520.0,3618.6,0.30000000000000004,421728.0,380904.0,2.4350760846757864,200.0,2199.9325,1.3,12714.0,3440.0,2449.2000000000007,0.7,1001740.0,984684.0,1.7983803680981598,100.0,2199.865,1.3,380.0,1440.0,29.3,0.0,22244.0,10484.0,0.9558823529411764,300.0,2199.955,1.3966666666666667,15430.666666666664,13960.0,3368.5000000000005,0.30000000000000004,421704.0,380260.0,2.4242610964822844,200.0,2199.865,1.34,12229.0,5320.0,2480.5,0.7,1001744.0,984676.0,1.8549202453987732,100.0,2200.0,1.34,449.0,1760.0,76.2,0.0,22244.0,10488.0,0.9852941176470588,5.356080973975682,5.367488028352817,5.380100547528166,5.330351176344707,5.2388222895836485,5.32862895848294,5.224822531847245,5.27148233042615,5.177828250388618,5.094986333332588,5.0036240910733065,4.93800049634196,4.3233672834535914
293.8,2199.91,1.4533333333333331,12528.666666666664,16080.0,2715.0,0.30000000000000004,421824.0,380016.0,2.4682840619939856,200.0,2199.865,1.265,8756.5,2520.0,1419.9,0.7,1001744.0,984680.0,1.7552461363748582,100.0,2199.865,1.35,841.0,920.0,95.7,0.0,22376.0,10644.0,0.9642857142857144,300.0,2199.865,1.406666666666667,13507.666666666664,16880.0,3414.6,0.30000000000000004,421796.0,378612.0,2.3914466805459167,200.0,2199.865,1.22,12298.5,2400.0,2204.0,0.7,1001748.0,984748.0,1.6937737619118154,100.0,2199.865,1.38,392.0,1600.0,46.5,0.0,22376.0,10644.0,0.9857142857142857,300.0,2199.91,1.3833333333333335,14389.666666666664,15880.0,3734.1,0.30000000000000004,421792.0,380912.0,2.3488447837150126,200.0,2199.9325,1.36,10658.0,3160.0,1937.1,0.7,1001740.0,984684.0,1.8970029131486688,100.0,2200.0,1.33,423.0,1600.0,38.6,0.0,22376.0,10640.0,0.95,300.0,2199.865,1.3833333333333335,15481.666666666664,12240.0,3332.9,0.30000000000000004,421776.0,380272.0,2.3409026139255147,193.8,2199.9325,1.38,10027.0,5120.0,1918.7,0.7,1001744.0,984676.0,1.92662815385375,100.0,2200.0,1.38,527.0,2040.0,169.9,0.0,22376.0,10644.0,0.9857142857142857,5.30302222466252,5.295455125095421,5.268016105035061,5.2165137696059976,5.175848338249507,5.179772120721843,5.090719115971696,5.094464028258061,5.060766966790492,5.061497676284559,4.934528625948079,4.9394533089773125,4.344164857401105
300.0,2199.865,1.4233333333333331,12402.0,17280.0,2712.6,0.30000000000000004,421896.0,380032.0,2.442675034430249,200.0,2200.0,1.225,12201.0,2880.0,2141.8,0.7,1001744.0,984680.0,1.7370322580645159,100.0,2199.865,1.29,409.0,720.0,22.0,0.0,22376.0,10644.0,0.9847328244274808,300.0,2199.955,1.3966666666666665,13414.333333333336,17400.0,3381.9,0.30000000000000004,421844.0,378632.0,2.393131865055816,200.0,2199.9325,1.23,14250.0,2400.0,2736.7,0.7,1001748.0,984748.0,1.7465806451612904,100.0,2200.0,1.29,104.0,1240.0,16.1,0.0,22376.0,10644.0,0.9847328244274808,300.0,2199.955,1.4,13502.666666666664,12760.0,3417.6,0.30000000000000004,421840.0,380932.0,2.394022946035016,200.0,2200.0,1.32,12215.0,3680.0,2402.5,0.7,1001740.0,984684.0,1.8750967741935485,100.0,2200.0,1.26,173.0,880.0,6.5,0.0,22376.0,10640.0,0.9618320610687022,300.0,2199.955,1.43,14560.0,13080.0,3068.2,0.30000000000000004,421824.0,380280.0,2.421131402253548,200.0,2200.0,1.335,11557.0,5600.0,2389.3,0.7,1001744.0,984676.0,1.8990967741935485,100.0,2200.0,1.3,105.0,1400.0,18.0,0.0,22376.0,10644.0,0.9923664122137404,5.318969040482748,5.310472633083643,5.228009158436357,5.170798072367584,5.164771886716694,5.187844834342914,5.138420015166717,5.123926249934365,5.14359602587214,5.103208249538743,4.94749768010534,4.889501268874791,4.3181918984360435
300.0,2199.955,2.023333333333333,35763.333333333336,17880.0,10027.8,0.2,251432.0,242624.0,2.7296212947808693,200.0,2200.0,1.61,3839.0,1160.0,1012.2,0.2,960372.0,295628.0,2.2226478557413807,100.0,2199.865,1.36,4318.0,1400.0,344.9,0.7,870036.0,864636.0,0.9444444444444444,300.0,2199.955,1.9766666666666668,37442.0,17680.0,9546.4,0.2,249500.0,240400.0,2.6347517730496453,200.0,2199.865,1.6150000000000002,3386.0,520.0,928.6,0.2,958656.0,319044.0,2.227739886013268,100.0,2199.865,1.38,2974.0,2440.0,445.3,0.7,870036.0,864968.0,0.9583333333333331,300.0,2199.955,1.98,36728.66666666666,18280.0,9522.6,0.2,250636.0,241688.0,2.64386138388798,193.3,2199.9325,1.61,4263.5,2520.0,1059.4,0.30000000000000004,970804.0,368924.0,2.224049331963001,100.0,2200.0,1.38,2793.0,2240.0,293.9,0.7,870036.0,864972.0,0.9583333333333331,293.8,2200.0,1.9466666666666663,38155.66666666666,15600.0,10376.1,0.2,248976.0,240036.0,2.571336833969813,200.0,2199.9325,1.655,3681.0,3000.0,824.3000000000002,0.30000000000000004,967900.0,366484.0,2.28669531906942,100.0,2199.865,1.38,2948.0,2280.0,428.7,0.7,870036.0,865496.0,0.9583333333333331,5.632290843521327,5.626624128991916,5.623496989068893,5.374118862284713,5.537761947752572,5.437276581587198,5.489543543816084,5.3127259569265535,5.53329030985257,5.579879137691399,5.301283403103012,5.436036669208644,3.103643518400532
300.0,2199.865,2.143333333333333,38113.0,21280.0,10631.7,0.30000000000000004,292756.0,283824.0,2.7209364763870316,200.0,2199.9325,0.755,18877.0,2000.0,3602.7,0.7,1023996.0,996812.0,1.3668911733427862,100.0,2199.865,1.36,5725.0,1680.0,509.3,0.7,870036.0,864636.0,0.7953216374269007,300.0,2199.91,2.18,37164.333333333336,19080.0,10476.1,0.30000000000000004,289984.0,280924.0,2.77471597793882,200.0,2200.0,0.795,16321.5,2320.0,2855.7,0.7,1023996.0,996680.0,1.4401807869549803,100.0,2200.0,1.72,3601.0,2160.0,396.8,0.7,870036.0,864968.0,1.0058479532163742,300.0,2199.91,2.13,40353.0,16880.0,10748.0,0.30000000000000004,294168.0,285148.0,2.673551797768288,200.0,2200.0,0.825,20408.5,4560.0,3457.1,0.7,1024528.0,997208.0,1.5031903580290678,100.0,2200.0,1.73,3499.0,2400.0,346.9,0.7,870036.0,864972.0,1.0116959064327486,300.0,2199.865,2.1133333333333337,39524.66666666666,15240.0,10771.8,0.30000000000000004,290452.0,281452.0,2.6477299352273844,200.0,2200.0,0.925,14662.0,4560.0,2547.0,0.7,1024792.0,997544.0,1.6618357487922704,100.0,2199.865,1.44,2805.0,2080.0,401.4,0.7,870036.0,865496.0,1.0909090909090908,5.424600428216438,5.461958559824018,4.886697108689028,5.051565045625639,4.940881253512862,4.86241262742621,4.860865460791981,4.943368595069828,4.994926197717611,5.051204931130424,4.878968859590486,4.830934366186424,4.2016215473048035
300.0,2199.955,2.0,44781.0,16920.0,12013.5,0.30000000000000004,306144.0,297024.0,2.64373660183491,200.0,2199.9325,0.765,23764.0,2280.0,4303.2,0.7,1029276.0,1002104.0,1.367832167832168,100.0,2199.865,1.23,5367.0,1480.0,493.5,0.7,870036.0,864636.0,0.8723404255319149,300.0,2199.91,1.98,45212.0,20680.0,11731.600000000002,0.30000000000000004,303800.0,294652.0,2.605288345820175,200.0,2199.9325,0.8300000000000001,19938.0,2640.0,3213.5,0.8,1030860.0,1003692.0,1.4751748251748251,100.0,2200.0,1.27,2753.0,2440.0,441.0,0.7,870036.0,864968.0,0.9007092198581561,300.0,2199.91,1.97,46954.33333333334,17720.0,12173.5,0.30000000000000004,306548.0,297556.0,2.559777266993259,193.8,2199.9325,0.8300000000000001,19625.5,2720.0,3306.0,0.8,1035220.0,1007916.0,1.493531468531469,100.0,2200.0,1.27,2608.0,2200.0,258.3,0.7,870036.0,864972.0,0.9007092198581561,300.0,2199.865,1.9833333333333327,47282.33333333334,12680.0,11814.6,0.30000000000000004,303932.0,294916.0,2.564818824129913,200.0,2200.0,0.8899999999999999,15197.0,4920.0,2363.9,0.8,1039840.0,1012672.0,1.6663223140495869,100.0,2200.0,1.35,2852.0,2320.0,396.5,0.7,870036.0,865496.0,0.9574468085106383,5.232445758091696,5.182321225090451,5.0477703376283785,5.131541256329696,5.1579336096075865,5.171162858095081,5.229600827216894,5.054630202293807,4.9863685452253685,5.195097359652193,4.960620340164119,4.9802479571855525,4.38935935909821
293.8,2199.955,1.9566666666666663,46049.33333333334,21000.0,12675.4,0.30000000000000004,308052.0,299136.0,2.5569980157986008,200.0,2199.865,0.74,17953.0,2640.0,2919.5,0.8,1032048.0,1004744.0,1.3206964576721845,100.0,2199.865,1.22,5227.0,1200.0,488.8,0.7,870036.0,864636.0,0.7820512820512819,287.6,2199.955,1.9333333333333331,47827.33333333334,16520.0,12494.2,0.30000000000000004,305876.0,296764.0,2.5085184331893253,200.0,2200.0,0.755,23027.5,2560.0,3510.0,0.8,1034028.0,1006860.0,1.3435972210309632,100.0,2200.0,1.34,2875.0,2280.0,399.7,0.7,870036.0,864968.0,0.858974358974359,300.0,2199.955,1.9566666666666668,47170.66666666666,16240.0,11273.600000000002,0.30000000000000004,308724.0,299404.0,2.510271698583387,200.0,2199.9325,0.825,22205.5,3720.0,3952.1,0.8,1039180.0,1011876.0,1.4720816536581183,100.0,2199.865,1.34,2774.0,2320.0,252.9,0.7,870036.0,864972.0,0.858974358974359,300.0,2199.91,1.9633333333333336,47940.66666666666,17800.0,11938.8,0.30000000000000004,305936.0,297028.0,2.4996528395603894,200.0,2199.9325,0.855,19114.5,7880.0,2978.8,0.8,1046704.0,1019536.0,1.5788329104748098,100.0,2200.0,1.45,2756.0,2120.0,392.7,0.7,870036.0,865496.0,0.8055555555555555,5.006510413647527,4.998708755069897,4.967052332879332,4.995410944243788,5.066940210473044,4.97271198073207,5.043016786505318,4.900416203876953,5.0358714030882314,4.950079546236014,4.936216225685006,4.781351600737882,4.577193170040287
300.0,2199.91,2.29,32498.0,20000.0,9403.1,0.30000000000000004,392068.0,370664.0,2.6312576255418523,187.5,2199.9325,1.27,35044.0,2800.0,6336.8,1.1,1492472.0,1473920.0,1.4148936170212765,100.0,2200.0,1.48,5900.0,1320.0,546.0,0.7,870036.0,865500.0,1.0962962962962959,300.0,2199.91,2.3266666666666667,33445.333333333336,15480.0,10070.9,0.30000000000000004,392064.0,370664.0,2.6743228838529074,200.0,2199.865,1.22,34848.5,2040.0,6168.1,1.1,1496672.0,1477332.0,1.3554748313440579,100.0,2200.0,1.31,2991.0,2320.0,629.5,0.7,870036.0,864972.0,0.9703703703703704,300.0,2199.955,2.2966666666666664,33898.666666666664,13480.0,9238.7,0.30000000000000004,392068.0,370664.0,2.637866200127558,200.0,2200.0,1.44,30570.0,4280.0,5247.7,1.1,1519352.0,1499140.0,1.6175402179553708,100.0,2199.865,1.36,2634.0,2160.0,293.0,0.7,870036.0,865232.0,1.0074074074074073,300.0,2199.955,2.3366666666666664,33971.666666666664,16320.0,10095.2,0.30000000000000004,392072.0,370668.0,2.686475111761357,200.0,2199.865,1.46,29542.0,4760.0,5700.3,1.1,1535368.0,1515376.0,1.6450441100155682,100.0,2200.0,1.37,2595.0,2240.0,436.7,0.7,870036.0,864972.0,1.0148148148148148,5.326033156500827,5.348895862014661,5.3258760138702055,5.422285911384456,5.36860887539249,5.437120222444338,5.544372853675205,5.448912592131507,5.567375046536244,5.490747028613359,5.512149347433536,5.295242818213328,4.506626270148408
293.8,2199.91,2.4,32290.0,16000.0,8994.0,0.30000000000000004,392740.0,371456.0,2.7753978783299984,187.5,2199.9325,1.335,32764.5,2080.0,6108.4,1.1,1516136.0,1495476.0,1.6138882430442534,100.0,2200.0,1.31,5853.0,1360.0,575.9,0.7,870036.0,865500.0,0.9290780141843972,293.8,2199.91,2.376666666666667,33360.333333333336,17160.0,9688.9,0.30000000000000004,392596.0,371456.0,2.747914467823425,200.0,2200.0,1.305,32904.0,3160.0,6302.1,1.1,1518356.0,1498044.0,1.5761063318608075,100.0,2199.865,1.31,3042.0,2160.0,639.8,0.7,870036.0,864972.0,0.9290780141843972,300.0,2199.91,2.3433333333333333,33998.333333333336,15640.0,8895.300000000001,0.30000000000000004,392740.0,371456.0,2.7065035335084877,200.0,2199.9325,1.415,30739.5,4800.0,5391.0,1.1,1542368.0,1522636.0,1.7260327055723477,100.0,2200.0,1.36,2736.0,2120.0,264.4,0.7,870036.0,865232.0,0.9645390070921988,300.0,2199.865,2.3766666666666665,34138.666666666664,15880.0,9683.6,0.30000000000000004,392604.0,371460.0,2.7458776507109617,200.0,2199.9325,1.42,28854.5,3760.0,5475.2,1.1,1559072.0,1539400.0,1.7370766488413547,100.0,2200.0,1.36,2592.0,2200.0,384.8,0.7,870036.0,864972.0,0.9645390070921988,5.663665834977724,5.609814834558137,5.47052993426736,5.541137812834102,5.472334222407633,5.4724574005335525,5.374475867724253,5.483843398673148,5.210257280234976,5.207744999414971,5.106684803622372,5.422612794816551,4.475182444223083
300.0,2199.91,2.3433333333333333,33209.0,19440.0,8657.1,0.30000000000000004,398716.0,378320.0,2.6867304861490906,200.0,2199.9325,1.33,41133.5,3040.0,7072.700000000002,1.2999999999999998,1732568.0,1713660.0,1.6779611811546116,100.0,2200.0,0.8,4222.0,1200.0,398.2,0.7,867820.0,863800.0,0.7766990291262136,293.8,2199.91,2.3666666666666667,34026.333333333336,20680.0,9326.4,0.30000000000000004,398712.0,378320.0,2.714723784491226,200.0,2200.0,1.59,35406.0,1920.0,6321.700000000002,1.2999999999999998,1732044.0,1713200.0,2.0381138022561385,100.0,2200.0,0.92,2312.0,2000.0,394.1,0.7,867820.0,863308.0,0.8932038834951457,300.0,2199.955,2.3633333333333333,34097.0,19160.0,8460.9,0.30000000000000004,398716.0,378320.0,2.7114345166670746,200.0,2200.0,1.25,38530.5,5200.0,6491.6,1.2999999999999998,1748844.0,1730068.0,1.5579379562043796,93.8,2199.865,0.91,2195.0,2320.0,472.5,0.7,867820.0,863552.0,0.883495145631068,300.0,2199.91,2.373333333333333,34491.666666666664,21320.0,9402.3,0.30000000000000004,398720.0,378324.0,2.7243324190998606,200.0,2199.9325,1.415,31773.0,6320.0,6009.5999999999985,1.2999999999999998,1759408.0,1740820.0,1.77778699402787,100.0,2200.0,0.91,2320.0,2040.0,217.1,0.7,867820.0,863376.0,0.883495145631068,5.387251846648422,5.36610476247066,5.393136626319486,5.574636230317494,5.422964984158791,5.471048916578998,5.446288970657434,5.3585137621580206,5.406819818304324,5.394442348651028,5.436839313524767,5.344522881399521,4.312631314976102
300.0,2199.91,2.4,32457.33333333333,14720.0,9220.3,0.30000000000000004,400316.0,380168.0,2.801931920913886,193.8,2200.0,1.355,33673.0,2080.0,6545.5,1.2999999999999998,1773372.0,1754572.0,1.5730620361492844,100.0,2199.865,0.81,4143.0,1200.0,403.7,0.7,867820.0,863800.0,0.4450549450549451,300.0,2199.91,2.356666666666667,33596.0,19200.0,9922.3,0.30000000000000004,400312.0,380168.0,2.747397973443686,200.0,2199.9325,1.27,32115.0,2400.0,6449.0999999999985,1.2999999999999998,1777940.0,1759196.0,1.4745925215723874,100.0,2200.0,0.95,2474.0,2400.0,432.8,0.7,867820.0,863308.0,0.5219780219780219,300.0,2199.91,2.3400000000000003,34406.666666666664,16640.0,9119.7,0.30000000000000004,400316.0,380168.0,2.7234410337427644,193.3,2199.9325,1.37,30194.5,3880.0,5060.799999999998,1.2999999999999998,1821200.0,1803404.0,1.6002982848620433,100.0,2200.0,1.0,2102.0,2240.0,500.1,0.7,871644.0,866684.0,0.5494505494505494,300.0,2200.0,2.34,34368.0,14040.0,9880.2,0.30000000000000004,400320.0,380172.0,2.724112241875688,200.0,2199.9325,1.475,30457.5,3800.0,5901.9,1.2999999999999998,1850268.0,1832508.0,1.7284542452327687,100.0,2199.865,0.99,2291.0,2240.0,230.0,0.7,871644.0,866508.0,0.5439560439560439,5.532141529797301,5.422279813760613,5.556187093085946,5.546641677717859,5.492441174799382,5.521295345284678,5.494737793238518,5.447619582943536,5.433533439138472,5.303568899112434,5.5462368517906935,5.305759308713803,4.274932160087417
300.0,2199.955,2.47,31816.66666666667,20120.0,9810.1,0.30000000000000004,401032.0,380960.0,2.8541819916608846,193.8,2200.0,1.355,33673.0,2080.0,6545.5,1.2999999999999998,1773372.0,1754572.0,1.610379376336823,100.0,2199.865,0.88,4185.0,1280.0,436.1,0.7,867820.0,863800.0,0.6518518518518518,300.0,2199.955,2.4599999999999995,32528.66666666667,17040.0,10361.6,0.30000000000000004,400896.0,380960.0,2.8430660306540467,200.0,2199.9325,1.27,32115.0,2400.0,6449.0999999999985,1.2999999999999998,1777940.0,1759196.0,1.5096251266464034,100.0,2200.0,1.29,4166.0,2560.0,638.2,0.7,871644.0,866440.0,0.9555555555555556,300.0,2200.0,2.4266666666666663,32952.333333333336,17560.0,9520.0,0.30000000000000004,401032.0,380960.0,2.8039965266244784,193.3,2199.9325,1.37,30194.5,3880.0,5060.799999999998,1.2999999999999998,1821200.0,1803404.0,1.640661938534279,100.0,2200.0,1.33,3436.0,2360.0,573.6,0.7,871644.0,866684.0,0.9851851851851852,300.0,2199.955,2.4166666666666665,34810.0,17120.0,10781.6,0.30000000000000004,400904.0,380964.0,2.7944228324589027,200.0,2199.9325,1.475,30457.5,3800.0,5901.9,1.2999999999999998,1850268.0,1832508.0,1.77338736913205,93.8,2200.0,1.35,3292.0,2440.0,227.2,0.7,871644.0,866508.0,1.0,5.5774554428821705,5.46911688358783,5.606832054769034,5.59424032591625,5.54080140136895,5.570797939411005,5.546525122478369,5.4990261229977975,5.486082346749496,5.353071493238762,5.597262602659368,5.357546637953654,4.764797109589386
300.0,2200.0,1.57,11505.0,18480.0,2760.7,0.30000000000000004,342636.0,333000.0,2.557334936231086,100.0,2200.0,1.265,21094.5,2360.0,4661.5,0.2,396820.0,216800.0,1.7548412698412696,100.0,2199.865,1.58,3497.0,1160.0,106.9,0.0,18508.0,13176.0,0.9294117647058824,300.0,2199.91,1.5266666666666666,12885.666666666664,17400.0,2639.4,0.30000000000000004,342128.0,332740.0,2.480164337842701,100.0,2200.0,1.1949999999999998,20843.0,2160.0,4377.8,0.2,396876.0,216852.0,1.5182539682539682,100.0,2200.0,1.65,1384.0,1680.0,110.4,0.0,18508.0,13176.0,0.9705882352941176,300.0,2199.91,1.53,13674.333333333336,15720.0,3044.1,0.30000000000000004,341668.0,332216.0,2.4872161924804708,100.0,2199.9325,1.26,19982.5,2360.0,4348.3,0.2,396952.0,216916.0,1.6699206349206346,100.0,2200.0,1.6,1626.0,1840.0,137.0,0.0,18508.0,13176.0,0.9411764705882354,300.0,2199.91,1.5066666666666666,14809.0,14920.0,2244.2,0.30000000000000004,341328.0,331960.0,2.4451049659673942,100.0,2199.9325,1.35,19139.0,4880.0,4571.7,0.2,397808.0,217656.0,1.9511111111111108,93.8,2200.0,1.67,1687.0,2440.0,113.2,0.0,18508.0,13176.0,0.9823529411764704,5.16743357621658,5.195954060417852,5.00771795632237,5.144874173576986,5.189183391330187,5.193596596445924,4.7388951661476275,4.940298210980943,4.428258213701847,4.408415403747932,4.382003159245991,4.256020014440589,4.0009752738042055
300.0,2199.91,1.49,8759.0,17600.0,2257.9,0.30000000000000004,373060.0,363356.0,2.593029621687557,100.0,2200.0,1.285,21108.5,1840.0,4594.6,0.2,397728.0,217588.0,1.7799623352165723,100.0,2200.0,1.59,3695.0,1200.0,114.1,0.0,18508.0,13176.0,0.9298245614035088,300.0,2199.955,1.4833333333333334,8858.0,17600.0,1889.6,0.30000000000000004,371600.0,362040.0,2.5845189833896853,100.0,2199.865,1.225,21103.5,1920.0,4594.9,0.2,397008.0,216852.0,1.576572504708098,100.0,2199.865,1.67,1453.0,2200.0,117.5,0.0,18508.0,13176.0,0.9766081871345028,300.0,2199.955,1.47,9205.666666666666,17080.0,2033.5,0.30000000000000004,371432.0,361780.0,2.565041616546904,100.0,2199.9325,1.265,20114.5,680.0,4358.299999999998,0.2,397860.0,217704.0,1.6496421845574387,100.0,2199.865,1.65,1651.0,1520.0,190.9,0.0,18508.0,13176.0,0.9649122807017544,293.8,2199.91,1.4733333333333334,9491.666666666666,13160.0,1529.8,0.30000000000000004,369604.0,360204.0,2.5626215883265524,100.0,2200.0,1.3450000000000002,19251.5,4280.0,4637.1,0.2,397032.0,216868.0,1.88331450094162,100.0,2199.865,1.64,1504.0,1840.0,95.8,0.0,18508.0,13176.0,0.95906432748538,5.019771753954089,4.943512919788722,5.001160861281796,4.930187089843637,4.877850136027363,4.836039779377624,4.776450519834307,4.805332848366833,4.741230505115457,4.69433512520418,4.6338378720223945,4.4973520487929015,4.245432371465283
300.0,2199.955,1.346666666666667,16232.333333333336,21840.0,3784.5,0.30000000000000004,407828.0,398192.0,2.149014498363385,200.0,2200.0,2.3,23425.5,2520.0,4896.7,0.2,308084.0,283672.0,1.7577777777777777,100.0,2199.865,1.59,3237.0,1120.0,101.1,0.0,18508.0,13176.0,0.940828402366864,300.0,2199.91,1.3166666666666669,16243.0,20240.0,3318.600000000001,0.30000000000000004,405684.0,396116.0,2.103014181946089,200.0,2199.9325,2.38,23402.0,2520.0,4820.1,0.2,308216.0,281624.0,1.8166666666666664,100.0,2199.865,1.68,1579.0,2360.0,130.7,0.0,18508.0,13176.0,0.9940828402366864,300.0,2199.91,1.31,16933.0,14840.0,3350.600000000001,0.30000000000000004,404912.0,395592.0,2.092697211687779,200.0,2199.9325,2.4850000000000003,21931.0,4000.0,4866.3,0.2,308992.0,282684.0,1.8944444444444444,100.0,2200.0,1.67,1834.0,2120.0,148.5,0.0,18508.0,13176.0,0.9881656804733728,300.0,2199.91,1.2766666666666666,17167.333333333332,13640.0,2933.0,0.30000000000000004,402708.0,393224.0,2.0300174029512825,200.0,2199.9325,2.515,20778.5,5320.0,5021.5,0.2,308084.0,281888.0,1.9166666666666667,100.0,2200.0,1.67,1654.0,2360.0,108.8,0.0,18508.0,13176.0,0.9881656804733728,5.0888366211399205,5.102784238321467,5.08685260798033,5.039921343103291,4.972490408155007,4.964831262241826,4.946565232425644,5.008999083428666,5.04204839663145,4.973224381701423,4.937597814631413,4.740530348197439,4.304215253106417
300.0,2199.91,1.4333333333333336,7268.666666666668,18000.0,1764.9,0.30000000000000004,422656.0,413080.0,1.9729982726918145,200.0,2199.865,2.305,23414.5,2720.0,4975.5,0.2,308992.0,284724.0,1.7588888888888892,100.0,2200.0,1.61,3417.0,1200.0,115.1,0.0,18508.0,13176.0,0.9415204678362574,300.0,2199.955,1.2899999999999998,16611.666666666668,21920.0,3307.6,0.30000000000000004,410064.0,400676.0,1.7882667341016925,200.0,2200.0,2.39,23879.0,2720.0,5005.0999999999985,0.2,308992.0,282676.0,1.8244444444444443,100.0,2199.865,1.68,1506.0,2360.0,122.7,0.0,18508.0,13176.0,0.9824561403508772,300.0,2199.91,1.2766666666666666,17266.333333333332,18040.0,3402.3,0.30000000000000004,409452.0,399888.0,1.7729995585291731,200.0,2199.9325,2.49,21874.5,3640.0,4836.1,0.2,308992.0,282684.0,1.8977777777777776,100.0,2200.0,1.67,1769.0,2320.0,147.0,0.0,18508.0,13176.0,0.9766081871345028,293.8,2199.91,1.26,18115.0,15720.0,3127.0,0.30000000000000004,407084.0,397680.0,1.7470003557483358,200.0,2199.9325,2.5,20810.0,5840.0,5007.4,0.2,308216.0,281888.0,1.9066666666666667,100.0,2199.865,1.67,1635.0,2400.0,109.7,0.0,18508.0,13176.0,0.9766081871345028,5.036272915418387,5.024841355972038,4.921900089096449,4.982267503169516,4.967250715189599,4.985730316505214,4.9735528900404615,4.845507485026028,4.796630781787051,4.7672055332443914,4.690439795788771,4.7771771757484025,4.4461429311619565
300.0,2199.955,1.6000000000000003,960.3333333333335,15440.0,554.6,0.6,835260.0,797480.0,2.872556390977444,93.8,2199.865,1.465,2082.0,520.0,328.2,0.1,273584.0,91364.0,3.3478964401294498,100.0,2200.0,2.56,108.0,200.0,4.6,0.0,16348.0,4464.0,0.9961089494163424,300.0,2199.955,1.6766666666666667,281.6666666666667,4120.0,169.70000000000005,0.6,819840.0,783588.0,2.984206876414337,200.0,2199.865,1.7199999999999998,6849.5,2640.0,1466.6,0.2,310212.0,290248.0,1.854718118782032,100.0,2199.865,2.57,19.0,360.0,1.1,0.0,16348.0,4452.0,1.0,293.8,2199.955,1.5,280.6666666666667,4600.0,163.4,0.5,755660.0,724636.0,2.7269253230162787,100.0,2199.9325,1.275,1209.0,920.0,172.1,0.1,273556.0,91256.0,2.2694174757281558,100.0,2199.865,2.56,16.0,360.0,0.8,0.0,16348.0,4460.0,0.9961089494163424,300.0,2199.865,1.9433333333333331,281.6666666666667,4440.0,168.8,0.5,741668.0,711692.0,3.372556390977444,100.0,2200.0,1.27,720.0,1520.0,121.2,0.1,273868.0,91896.0,2.287486515641856,100.0,2200.0,2.34,861.0,520.0,1.1,0.0,16348.0,4460.0,0.9105058365758756,5.6967333895208965,5.617856667568159,8.212285612473503,5.671751309308237,5.651967322591398,8.284824873530836,8.187352377423984,5.864808629339079,6.869129230560062,7.417398216272804,4.413965069733001,6.008741813798093,7.7099124711657
300.0,2199.865,1.6566666666666665,5029.666666666667,12720.0,1036.1,0.6,900120.0,872872.0,2.8288398268398267,200.0,2199.9325,1.44,14671.0,2480.0,2104.5,0.4,539200.0,517012.0,1.77,100.0,2200.0,2.55,209.0,200.0,4.0,0.0,16348.0,4464.0,0.99609375,300.0,2200.0,1.6000000000000003,5696.666666666668,14920.0,1347.5,0.6,899984.0,873392.0,2.7478398268398267,200.0,2200.0,1.515,6944.0,2040.0,912.7,0.4,517124.0,492432.0,1.7761764705882352,100.0,2200.0,2.57,25.0,160.0,0.9,0.0,16348.0,4452.0,1.00390625,300.0,2199.865,1.6,5894.666666666668,13520.0,1485.2,0.6,899984.0,873128.0,2.7391731601731606,200.0,2199.9325,1.48,11978.5,3000.0,1843.7,0.4,551000.0,529540.0,1.8166666666666669,100.0,2199.865,2.56,25.0,280.0,2.4,0.0,16348.0,4460.0,1.0,300.0,2200.0,1.59,6055.666666666668,12320.0,1456.1,0.6,899984.0,873396.0,2.7271731601731606,200.0,2199.9325,1.545,9998.0,5320.0,1662.3,0.4,547084.0,525480.0,1.9116666666666664,100.0,2200.0,2.34,867.0,360.0,1.4,0.0,16348.0,4460.0,0.9140625,5.437050323734976,5.472427742021568,5.570966118215418,5.492272704856099,5.486636847350446,5.668543405074469,5.63430259964534,5.540261659394269,5.476728535301257,5.621200021858259,5.572421109531342,5.325703520821278,4.097406950936643
300.0,2199.865,1.596666666666667,5992.333333333332,15200.0,1247.8,0.6,900420.0,873180.0,2.7507858804576646,200.0,2199.9325,1.44,14671.0,2480.0,2104.5,0.4,539200.0,517012.0,1.6729411764705882,100.0,2199.865,2.55,200.0,320.0,4.6,0.0,16348.0,4464.0,0.9922178988326849,300.0,2199.955,1.606666666666667,6300.666666666668,13640.0,1445.8,0.6,900416.0,873700.0,2.75405947905373,193.3,2199.9325,1.37,7698.0,2280.0,1583.7,0.4,588208.0,566876.0,1.804543815362424,100.0,2200.0,2.56,25.0,280.0,1.6,0.0,16348.0,4452.0,0.9961089494163424,293.8,2199.91,1.6033333333333335,6417.333333333332,13640.0,1665.5,0.6,900416.0,873172.0,2.745656117709192,200.0,2199.9325,1.48,11978.5,3000.0,1843.7,0.4,551000.0,529540.0,1.7176470588235293,100.0,2200.0,2.56,24.0,240.0,1.7,0.0,16348.0,4460.0,0.9961089494163424,300.0,2199.865,1.5833333333333333,6657.333333333332,10640.0,1569.2,0.6,900416.0,873704.0,2.7215597321670226,200.0,2199.9325,1.545,9998.0,5320.0,1662.3,0.4,547084.0,525480.0,1.8038235294117648,100.0,2200.0,2.33,903.0,360.0,2.0,0.0,16348.0,4460.0,0.906614785992218,5.854236405163768,5.616503592407037,5.465083765274242,5.6262667633520325,5.605287024420619,5.552857130564664,5.5176359329786715,5.4255557770413265,5.367905005889495,5.497670610093555,5.4479113056097725,5.216879991409513,3.9807402842699746
300.0,2199.955,1.5566666666666666,6384.0,18120.0,1389.4,0.7999999999999999,1056620.0,1029568.0,2.658421563580589,200.0,2199.9325,1.3450000000000002,6830.5,960.0,900.7,0.4,557732.0,536128.0,1.7684817886765238,100.0,2200.0,2.55,192.0,280.0,5.1,0.0,16348.0,4464.0,0.99609375,300.0,2199.955,1.59,6332.0,16240.0,1472.9,0.7999999999999999,1056616.0,1030220.0,2.699847319943208,193.3,2199.9325,1.37,7698.0,2280.0,1583.7,0.4,588208.0,566876.0,1.6932359479199746,93.8,2200.0,2.56,24.0,280.0,0.7,0.0,16348.0,4452.0,1.0,300.0,2199.955,1.5766666666666669,6840.666666666668,10960.0,1712.4,0.7999999999999999,1056616.0,1029624.0,2.6699111544138217,200.0,2199.9325,1.485,4586.5,3800.0,976.0,0.4,563024.0,541900.0,1.9268842408943383,100.0,2200.0,2.56,26.0,400.0,2.3,0.0,16348.0,4460.0,1.0,300.0,2199.91,1.57,7028.333333333332,11120.0,1676.7,0.7999999999999999,1056616.0,1030084.0,2.6574525143976158,200.0,2199.9325,1.535,3575.5,5840.0,674.5,0.4,559200.0,537984.0,1.986386584926073,100.0,2199.865,2.34,871.0,360.0,1.3,0.0,16348.0,4460.0,0.9140625,5.737869089201206,5.500136276444477,5.616389355290566,5.507875667981428,5.487907818754036,5.6126337657784875,5.6407301625060144,5.548786521124827,5.544605306876803,5.715111527159939,5.711726893230749,5.402658260456053,4.043707675954917
300.0,2199.955,1.45,8483.666666666666,19600.0,2071.1,0.6,930856.0,871804.0,2.49515182432774,200.0,2199.9325,1.6,13547.5,2840.0,2201.9,0.4,616404.0,594904.0,1.7793386011120869,100.0,2200.0,2.55,217.0,400.0,4.5,0.0,16348.0,4464.0,0.99609375,300.0,2199.865,1.5033333333333332,8561.0,17720.0,2206.1,0.6,930852.0,869620.0,2.5588923051469066,200.0,2200.0,1.265,13806.5,2680.0,2370.0,0.5,652036.0,630720.0,1.7610098176718094,100.0,2200.0,2.56,23.0,320.0,1.4,0.0,16348.0,4452.0,1.0,300.0,2199.955,1.4733333333333334,8854.0,15680.0,2367.9,0.6,930852.0,870812.0,2.509680725410985,200.0,2200.0,1.885,7076.0,3280.0,1182.6999999999996,0.4,616440.0,595144.0,2.1581309140571654,100.0,2200.0,2.55,24.0,320.0,1.9,0.0,16348.0,4460.0,0.99609375,300.0,2199.955,1.4666666666666668,9085.0,14080.0,2391.9999999999995,0.6,930852.0,870012.0,2.4974189634491037,200.0,2199.9325,1.81,8313.5,2480.0,1542.0,0.4,614520.0,593456.0,2.0569700517022733,100.0,2199.865,2.34,867.0,520.0,1.0,0.0,16348.0,4460.0,0.9140625,5.4737090291581625,5.513470588614839,5.95905982474063,5.4829280443035495,5.4486626106920495,5.791093100230946,5.8281581285736594,5.9859942896078095,5.869000701940062,5.587840413214897,5.5532730856442045,5.726852232909803,4.050073269613763
293.8,2199.955,1.39,9943.0,19440.0,2396.8,0.7,931404.0,903460.0,2.4702953596567063,193.3,2199.9325,1.45,10005.5,2560.0,1911.7,0.5,650700.0,629412.0,1.705,100.0,2200.0,2.53,179.0,280.0,3.7,0.0,16348.0,4464.0,0.992156862745098,300.0,2199.91,1.4400000000000002,9966.0,17120.0,2452.5,0.7,931268.0,903848.0,2.5374566245757366,200.0,2200.0,1.6,5570.0,2480.0,865.6,0.5,699348.0,677072.0,1.7061214729794356,100.0,2200.0,2.54,24.0,240.0,1.1,0.0,16348.0,4452.0,0.9960784313725491,293.8,2199.91,1.4166666666666667,10137.666666666666,13120.0,2585.4,0.7,931268.0,903512.0,2.505637856020167,200.0,2199.9325,1.58,4424.5,4040.0,455.3,0.5,667428.0,646528.0,1.8916666666666664,100.0,2199.865,2.55,25.0,480.0,1.6,0.0,16348.0,4460.0,1.0,300.0,2199.865,1.413333333333333,10344.333333333334,11360.0,2625.1,0.7,931120.0,903976.0,2.501700848146152,200.0,2199.865,1.605,2771.0,5440.0,758.4,0.5,666888.0,645796.0,1.9243939393939395,100.0,2200.0,2.32,905.0,400.0,1.9,0.0,16348.0,4460.0,0.9098039215686274,5.228406868640716,5.186573423180502,5.432289775339829,5.186881768738836,5.163090357304789,5.421382534611373,5.388424160757525,5.2973659249647245,5.304637068688766,5.254815840941113,5.113732794713384,5.1015355049109745,3.9086950303206494
300.0,2199.91,1.4633333333333336,9470.0,19320.0,2277.4,0.7,931752.0,905032.0,2.6010519820097797,200.0,2199.9325,1.595,5671.0,2760.0,747.9,0.5,701824.0,679428.0,1.6988283118125298,100.0,2200.0,2.52,239.0,280.0,2.9,0.0,16348.0,4464.0,0.984375,300.0,2199.955,1.3733333333333333,10361.666666666666,17560.0,2519.0,0.7,931748.0,905684.0,2.4799963515074808,200.0,2200.0,1.65,10599.0,3000.0,1658.9,0.5,745344.0,723412.0,1.9415963659961064,93.3,2199.865,2.55,23.0,280.0,1.1,0.0,16348.0,4452.0,0.99609375,293.8,2199.91,1.3966666666666665,10307.333333333334,16280.0,2737.9,0.7,931748.0,905088.0,2.4990355142460117,193.3,2200.0,1.6549999999999998,16619.0,3840.0,2480.3,0.5,721180.0,699104.0,1.7731946437111432,100.0,2200.0,2.55,24.0,520.0,2.0,0.0,16348.0,4460.0,0.99609375,300.0,2200.0,1.356666666666667,10676.666666666666,12520.0,2730.5,0.7,931484.0,905548.0,2.442377465829165,200.0,2200.0,1.685,14999.5,4600.0,2488.3,0.5,724020.0,702124.0,1.8145624103299856,93.8,2200.0,2.31,962.0,560.0,1.3,0.0,16348.0,4460.0,0.90234375,5.110409795509731,5.1251323943806915,5.154271559951481,5.1601788815346605,5.283242693058488,5.187684042992767,5.164819197890236,5.158288093461828,5.1718156986442425,5.140197106388125,5.1230138547793445,5.062678884979577,3.855857454932522
293.8,2199.91,1.4400000000000002,9751.0,18720.0,2403.3,0.7,931960.0,906104.0,2.558322809067187,200.0,2200.0,1.92,7819.0,1560.0,1200.0,0.7999999999999999,997556.0,976084.0,2.325,100.0,2199.865,2.24,1210.0,640.0,63.4,0.0,16348.0,4716.0,0.9655172413793104,300.0,2199.91,1.3833333333333335,10034.0,17880.0,2469.4000000000005,0.7,931956.0,906756.0,2.4807037751605376,193.8,2199.9325,1.38,12347.5,2600.0,2665.7,0.7,923256.0,901472.0,1.5924338702526968,100.0,2200.0,2.25,807.0,800.0,5.1,0.0,16348.0,4704.0,0.9698275862068966,300.0,2199.955,1.3833333333333335,10136.0,12720.0,2607.4,0.7,931956.0,906424.0,2.468424047708178,200.0,2200.0,1.485,40066.5,4000.0,6234.3,0.7,912280.0,891148.0,1.696153846153846,100.0,2200.0,2.29,527.0,1040.0,8.0,0.0,16348.0,4712.0,0.9870689655172414,293.8,2199.91,1.36,10564.666666666666,12000.0,2722.0,0.7,931956.0,906884.0,2.4233900615275337,200.0,2199.865,1.5750000000000002,37752.5,5160.0,6084.299999999998,0.7,918808.0,897172.0,1.805769230769231,100.0,2200.0,2.21,1013.0,640.0,2.2,0.0,16348.0,4712.0,0.9525862068965518,5.330827918150463,5.344747902347648,5.373223453244043,5.321353821574966,5.355517127184323,5.7835597483324745,5.82522163192103,5.679467326394789,5.664110210962443,5.674225376478306,5.391418945588251,5.19472581847463,4.399603616300639
300.0,2199.91,1.3733333333333333,10185.666666666666,18360.0,2452.1,0.7,931960.0,906632.0,2.428519629907477,193.8,2199.9325,1.51,7055.0,3400.0,1361.1,0.7,936056.0,914920.0,1.76546968418736,100.0,2200.0,2.22,1052.0,680.0,56.7,0.0,16348.0,4716.0,0.9694323144104804,300.0,2199.865,1.4066666666666665,10392.0,15280.0,2599.4,0.7,931956.0,907020.0,2.45025631407852,193.3,2199.865,1.78,5436.5,3840.0,948.4,0.7999999999999999,1022268.0,1001320.0,2.6497108588562863,100.0,2200.0,2.23,829.0,800.0,5.6,0.0,16348.0,4704.0,0.9737991266375544,293.8,2199.955,1.4066666666666665,10494.666666666666,17960.0,2732.9,0.7,931956.0,906688.0,2.458633408352088,200.0,2200.0,1.63,2370.0,4200.0,423.4,0.7,981212.0,960756.0,1.9270072992700729,100.0,2199.865,2.26,727.0,800.0,6.6,0.0,16348.0,4712.0,0.9868995633187772,300.0,2199.91,1.413333333333333,10556.333333333334,13960.0,2779.2,0.7,931956.0,907148.0,2.466385346336584,200.0,2199.9325,1.645,1675.5,4480.0,377.2,0.7999999999999999,1032884.0,1012280.0,1.9329860983750868,100.0,2200.0,2.13,1113.0,680.0,2.1,0.0,16348.0,4712.0,0.9301310043668122,5.193282140664428,5.2616134511587225,5.3720522451972945,5.178246240936098,5.128088399080176,5.308203603129849,5.334973071367234,5.1869949800330275,5.239116813341563,5.184100191288168,5.085041736167974,5.014596759357466,4.011903499936899
293.8,2199.91,1.4466666666666663,9783.0,20560.0,2368.8,0.7,931960.0,906632.0,2.5307861107525493,200.0,2199.9325,1.8,4869.0,3720.0,897.2,0.7999999999999999,1024192.0,1003272.0,2.676965088884129,100.0,2200.0,2.26,902.0,600.0,36.2,0.0,16348.0,4716.0,0.9783549783549782,293.8,2199.955,1.43,9861.0,14720.0,2477.2,0.7,931956.0,907284.0,2.5068413579450106,200.0,2199.9325,1.695,4647.5,2480.0,519.8,0.7999999999999999,1115020.0,1094696.0,1.7867972301028034,100.0,2200.0,2.23,880.0,720.0,3.8,0.0,16348.0,4704.0,0.9653679653679652,300.0,2199.955,1.45,9995.0,13120.0,2564.7,0.7,931956.0,906952.0,2.5219439783141864,200.0,2200.0,1.1949999999999998,2818.0,3680.0,398.0,0.7999999999999999,1067188.0,1046556.0,1.7663846648104518,100.0,2199.865,2.28,685.0,800.0,7.4,0.0,16348.0,4712.0,0.9870129870129868,300.0,2199.91,1.406666666666667,10674.666666666666,13200.0,2765.6,0.7,931956.0,907412.0,2.4665031625145217,200.0,2200.0,1.255,1921.0,2240.0,309.3,0.7999999999999999,1116932.0,1096540.0,1.8433283358320842,100.0,2200.0,2.12,1186.0,600.0,2.0,0.0,16348.0,4712.0,0.9177489177489178,5.225797791120505,5.422111782810581,5.264573469547355,5.331751871031991,5.32021804306067,5.2562908139555535,5.19217127026727,5.121339822730988,5.07296217811261,5.067966350008928,5.0029133838263125,4.961877651073147,3.8871234662557312
300.0,2199.955,2.0,35491.0,21600.0,9734.3,0.30000000000000004,351508.0,326512.0,2.6266272601404217,193.3,2199.9325,1.08,26475.0,3200.0,7169.5,0.8999999999999999,1088752.0,1070604.0,1.5300248138957817,100.0,2199.865,1.62,1783.0,1080.0,96.3,0.0,159356.0,47112.0,0.9878048780487806,300.0,2200.0,1.97,37027.333333333336,17960.0,11059.1,0.30000000000000004,349860.0,325000.0,2.561409868836074,193.8,2199.9325,1.09,27589.5,3320.0,7395.4000000000015,0.8999999999999999,1084292.0,1066012.0,1.5404466501240694,93.8,2200.0,1.63,785.0,1720.0,37.4,0.0,159356.0,47112.0,0.9939024390243902,300.0,2199.955,1.91,39290.333333333336,19640.0,9372.4,0.30000000000000004,347152.0,322360.0,2.424679053915665,200.0,2199.865,1.165,18020.0,3080.0,3909.5,0.8999999999999999,1161044.0,1143364.0,1.6173697270471463,100.0,2200.0,1.63,554.0,1520.0,26.4,0.0,159356.0,47112.0,0.9939024390243902,300.0,2199.955,1.9566666666666663,38053.333333333336,17520.0,9462.2,0.30000000000000004,345620.0,320964.0,2.5223302283284585,193.8,2200.0,1.295,16059.0,5680.0,2913.4,0.8999999999999999,1188616.0,1169692.0,1.8136476426799004,100.0,2199.865,1.63,934.0,1200.0,25.0,0.0,159356.0,47180.0,0.9939024390243902,5.505869384419848,5.420719802624248,5.430888960407966,5.384628058194221,5.348067208732447,5.237250900064824,5.224773888545531,5.200085213290995,5.223293701778888,5.164573219649212,5.071302217961755,5.002239222713253,4.5177543214060245
300.0,2199.955,2.1766666666666663,42513.0,18120.0,10505.7,0.30000000000000004,384836.0,360604.0,2.677610454708967,200.0,2200.0,0.94,31106.5,2240.0,5965.9,1.2,1488172.0,1469524.0,1.6820186598812552,100.0,2200.0,1.62,1705.0,1160.0,97.0,0.0,159356.0,47112.0,0.9878048780487806,293.8,2199.955,2.1699999999999995,43755.333333333336,19920.0,10837.6,0.30000000000000004,383908.0,359280.0,2.666437270351425,200.0,2200.0,0.855,32216.5,1280.0,5036.9,1.2,1492336.0,1473288.0,1.5522476675148429,100.0,2199.865,1.63,786.0,1720.0,35.2,0.0,159356.0,47112.0,0.9939024390243902,300.0,2200.0,2.14,43236.0,19840.0,8866.9,0.30000000000000004,381420.0,356912.0,2.622303590644983,193.3,2200.0,0.85,24166.5,4200.0,3384.4,1.2,1498456.0,1479936.0,1.5411365564037318,93.8,2200.0,1.63,552.0,1680.0,36.0,0.0,159356.0,47112.0,0.9939024390243902,300.0,2199.955,2.14,43454.66666666666,17120.0,9721.9,0.30000000000000004,380916.0,356384.0,2.6227562779615075,200.0,2199.9325,0.87,21272.5,4240.0,2710.8,1.2,1504192.0,1486144.0,1.5786259541984733,100.0,2199.865,1.63,960.0,1480.0,19.6,0.0,159356.0,47180.0,0.9939024390243902,5.316244031304849,5.408850276497113,5.3940540509474815,5.404728116675118,5.467474571876969,5.46673930367211,5.471953934341411,5.424127466488843,5.399657844632364,5.344148052534738,5.1042400232566845,4.895724302175814,4.525324519797082
300.0,2199.91,1.9966666666666668,44812.0,25360.0,11979.6,0.30000000000000004,389040.0,364828.0,2.4451341226183283,200.0,2200.0,0.8049999999999999,29821.0,1800.0,5592.5,1.2,1519856.0,1501492.0,1.2019098021168892,100.0,2200.0,1.62,1764.0,1040.0,98.4,0.0,159356.0,47112.0,0.9878048780487806,300.0,2200.0,1.9866666666666664,46369.0,10480.0,12479.000000000002,0.30000000000000004,388180.0,363768.0,2.432622525172496,200.0,2200.0,0.8049999999999999,31245.5,3040.0,4983.5999999999985,1.2,1522384.0,1504020.0,1.2019098021168892,100.0,2200.0,1.63,778.0,1360.0,36.6,0.0,159356.0,47112.0,0.9939024390243902,300.0,2199.91,1.9866666666666664,46218.33333333334,10360.0,10464.3,0.30000000000000004,385552.0,361400.0,2.41972168011939,193.3,2199.9325,0.92,27257.0,4240.0,3832.8,1.2,1543832.0,1524188.0,1.3621721122871606,100.0,2200.0,1.63,543.0,1720.0,35.0,0.0,159356.0,47112.0,0.9939024390243902,293.8,2199.91,1.97,47194.0,20000.0,11458.100000000002,0.30000000000000004,385112.0,360608.0,2.3945121733190056,193.8,2199.9325,0.97,22782.0,5280.0,2809.3,1.2,1555412.0,1536016.0,1.4231477220432582,100.0,2200.0,1.63,965.0,1280.0,20.2,0.0,159356.0,47180.0,0.9939024390243902,4.907190014942092,4.896853478927369,4.871994406665811,5.0792751991863785,5.0108365709495235,4.949970786622045,4.969425991355469,5.010995839555403,4.836096805388428,4.824868142994252,4.735388169106988,4.704798594198486,4.123243332947236
300.0,2199.91,1.9000000000000004,43973.333333333336,20600.0,10954.1,0.30000000000000004,426520.0,403116.0,2.3325978287491558,200.0,2200.0,0.48,30064.5,3120.0,5286.8,1.4,1751608.0,1732776.0,0.9836635384080641,100.0,2200.0,1.62,1778.0,1120.0,96.3,0.0,159356.0,47112.0,0.9878048780487806,293.8,2199.91,1.9000000000000004,44592.33333333334,19680.0,10753.100000000002,0.30000000000000004,424500.0,401264.0,2.3304267254480164,200.0,2200.0,0.56,29654.5,1920.0,5053.3,1.4,1760584.0,1741684.0,1.1175993511759934,100.0,2200.0,1.63,776.0,1720.0,33.9,0.0,159356.0,47112.0,0.9939024390243902,300.0,2199.955,1.9,44513.0,15240.0,9310.2,0.30000000000000004,419692.0,396520.0,2.3221037939347795,200.0,2199.9325,0.75,20912.5,4200.0,3143.6,1.4,1768260.0,1749408.0,1.4292665971498089,100.0,2200.0,1.63,541.0,1560.0,37.7,0.0,159356.0,47112.0,0.9939024390243902,293.8,2200.0,1.9166666666666667,44452.33333333334,16040.0,10020.3,0.30000000000000004,418932.0,395728.0,2.3673115057409198,200.0,2199.9325,0.765,18479.0,4800.0,3863.9,1.4,1786928.0,1768860.0,1.4940331363689028,100.0,2200.0,1.63,951.0,1120.0,25.4,0.0,159356.0,47180.0,0.9939024390243902,5.1287210969682615,5.6320884521461485,5.724463618953309,5.4252413300436615,5.354437617205726,5.23760622530363,5.2639252110196155,5.264128891355203,5.277040169512579,5.221270262080969,5.167190309826492,5.0712577860355275,4.8998534960593405
300.0,2199.865,1.866666666666667,45877.0,17000.0,12149.4,0.30000000000000004,428456.0,405492.0,2.2967181023075045,200.0,2199.9325,0.555,29588.0,3080.0,4850.5,1.4,1768228.0,1748676.0,1.01673011420557,100.0,2200.0,1.62,1783.0,1400.0,95.8,0.0,159356.0,47112.0,0.9878048780487806,300.0,2199.865,1.903333333333333,44909.0,19160.0,11088.6,0.30000000000000004,426384.0,403376.0,2.3526569109149644,200.0,2200.0,0.55,28041.5,2640.0,4676.4,1.4,1769572.0,1750788.0,1.0204367862151873,100.0,2199.865,1.63,773.0,1760.0,33.1,0.0,159356.0,47112.0,0.9939024390243902,300.0,2200.0,1.9233333333333336,46693.0,17160.0,10364.1,0.30000000000000004,421924.0,398896.0,2.374171844632993,193.8,2199.9325,0.735,19983.0,3680.0,3033.8,1.4,1788660.0,1770256.0,1.3196754157483468,100.0,2199.865,1.63,551.0,1480.0,37.0,0.0,159356.0,47112.0,0.9939024390243902,300.0,2199.955,1.9266666666666663,44958.66666666666,14240.0,10455.6,0.30000000000000004,420920.0,397840.0,2.385478270266685,193.3,2199.9325,0.915,17917.5,5480.0,3815.9,1.4,1808216.0,1790320.0,1.543277900220397,100.0,2200.0,1.63,944.0,1160.0,26.5,0.0,159356.0,47180.0,0.9939024390243902,4.838108715779912,4.995480025241787,5.088748802126205,5.275253972304597,5.340921280955456,5.1269875871257815,5.1428359415110885,5.101630731293351,5.09834317455013,5.147829632669168,5.1755119099735465,5.001802667748667,4.759446034809309
300.0,2199.91,1.843333333333333,44318.33333333334,19120.0,11646.6,0.30000000000000004,430296.0,407340.0,2.3072115773385953,193.3,2199.865,0.675,21908.5,2640.0,3538.8,1.4,1792400.0,1773756.0,1.2273155416012558,93.8,2200.0,1.62,1726.0,920.0,95.9,0.0,159356.0,47112.0,0.9878048780487806,300.0,2199.955,1.9566666666666668,44213.0,20160.0,11720.8,0.30000000000000004,428280.0,405224.0,2.428842063979816,200.0,2199.9325,0.72,22190.5,3600.0,3677.4,1.4,1794784.0,1776360.0,1.2885400313971742,100.0,2200.0,1.63,772.0,1680.0,31.6,0.0,159356.0,47112.0,0.9939024390243902,300.0,2199.91,1.96,44373.33333333334,16120.0,9888.9,0.30000000000000004,424008.0,401008.0,2.4540795017143227,200.0,2199.9325,0.7450000000000001,19829.5,3640.0,3063.7,1.4,1832020.0,1814420.0,1.3311355311355313,100.0,2200.0,1.63,556.0,1680.0,35.4,0.0,159356.0,47112.0,0.9939024390243902,300.0,2199.865,1.9633333333333336,44212.33333333334,18680.0,10810.1,0.30000000000000004,423084.0,399952.0,2.4403819017660755,200.0,2199.9325,0.8,18093.5,4400.0,3791.3,1.4,1855356.0,1838104.0,1.4317111459968603,100.0,2199.865,1.63,949.0,1280.0,20.5,0.0,159356.0,47180.0,0.9939024390243902,4.854148787830941,4.9291046938496095,5.069071583387007,5.091862556382119,5.176520478257016,5.2856892259640285,5.2722939106425235,5.464786695141592,5.524667580137815,5.255283364129591,5.210311400448719,5.22254696245595,4.8878361497428084
293.8,2199.955,1.8333333333333333,43869.333333333336,18840.0,12704.2,0.30000000000000004,436852.0,414204.0,2.0052301152462557,200.0,2199.9325,0.67,22000.5,2080.0,3589.6,1.4,1853624.0,1835612.0,1.1292637465051258,100.0,2199.865,1.62,1715.0,1080.0,96.8,0.0,159356.0,47112.0,0.9878048780487806,293.8,2199.865,1.873333333333333,44890.33333333334,20360.0,12816.6,0.30000000000000004,435060.0,412352.0,2.051827509453211,200.0,2199.9325,0.665,21587.5,1960.0,3651.6,1.4,1856764.0,1838776.0,1.1157502329916125,100.0,2200.0,1.63,780.0,1720.0,40.9,0.0,159356.0,47112.0,0.9939024390243902,300.0,2199.91,1.88,44638.33333333334,16440.0,11098.6,0.30000000000000004,430908.0,408136.0,2.061404608435464,200.0,2200.0,0.7749999999999999,19043.0,3840.0,2830.600000000001,1.5,1899752.0,1882572.8,1.3005591798695246,100.0,2199.865,1.63,548.0,1640.0,38.7,0.0,159356.0,47112.0,0.9939024390243902,300.0,2199.91,1.8766666666666665,44634.66666666666,12120.0,11685.1,0.30000000000000004,430072.0,407344.0,2.055811573198231,193.3,2200.0,0.8049999999999999,18139.0,5360.0,3727.8,1.5,1926432.0,1907476.0,1.361789375582479,100.0,2199.865,1.63,953.0,1360.0,16.2,0.0,159356.0,47180.0,0.9939024390243902,4.5069592169451935,4.6065488140890265,4.7196442720677245,4.723635525372748,4.749435658829844,4.7313352747983926,4.829061247332358,4.811625513764975,4.8362612451045495,4.851677636152219,4.737298391476242,4.676712053350402,4.510943671987789
300.0,2199.91,1.6833333333333336,5085.333333333333,18840.0,1306.8,0.6,853028.0,801876.0,2.626335842350235,200.0,2199.9325,1.63,14151.0,2440.0,10717.3,0.8,1149044.0,1135420.0,1.8078221894762687,100.0,2200.0,1.61,2593.0,1080.0,302.9,0.0,159356.0,47112.0,0.9817073170731708,300.0,2199.91,1.7,4748.0,15000.0,1215.3,0.6,853028.0,803092.0,2.670492194213076,193.8,2199.9325,1.6,15487.0,2520.0,10419.8,0.8,1149052.0,1135352.0,1.7740806679354164,100.0,2199.865,1.63,416.0,1560.0,48.1,0.0,159356.0,47112.0,0.9939024390243902,293.8,2199.955,1.6566666666666665,5581.666666666668,13920.0,1322.4,0.6,852736.0,804980.0,2.601616279133408,193.8,2200.0,1.6800000000000002,14996.5,3840.0,9502.6,0.8,1149044.0,1135348.0,1.862269015900301,100.0,2199.865,1.63,590.0,1160.0,24.9,0.0,159356.0,47112.0,0.9939024390243902,300.0,2199.865,1.66,6213.333333333332,11920.0,1330.0,0.6,852420.0,801076.0,2.6128090434070086,200.0,2199.9325,1.735,13979.5,5040.0,8124.9,0.8,1149048.0,1135416.0,1.9234972677595628,100.0,2200.0,1.63,806.0,1320.0,19.8,0.0,159356.0,47112.0,0.9939024390243902,5.535500397136388,5.53837297071646,5.945963673751745,5.4707069983322905,5.398635821079913,5.394603568288369,5.3685091670161125,5.353311358125168,5.384725907295724,5.310883406237386,4.922150117839654,4.8255710282945685,4.270552956616327
300.0,2199.91,1.5766666666666669,8348.666666666666,17640.0,1794.6,0.7,861988.0,846860.0,2.584541332731164,200.0,2199.9325,1.625,14071.5,2480.0,10691.1,0.8,1149048.0,1135420.0,1.7933191618584876,100.0,2199.865,1.61,2592.0,1160.0,290.2,0.0,159356.0,47112.0,0.9817073170731708,300.0,2199.91,1.57,8436.333333333334,16800.0,1817.2,0.7,861988.0,846288.0,2.578751875677729,200.0,2199.865,1.59,14340.5,2560.0,10602.7,0.8,1149064.0,1135352.0,1.7728288534359673,100.0,2200.0,1.62,412.0,1120.0,46.6,0.0,159356.0,47112.0,0.9878048780487806,300.0,2199.955,1.58,9014.333333333334,15640.0,1736.8,0.7,861812.0,847136.0,2.5815560476011745,200.0,2199.9325,1.69,13763.5,3720.0,9638.0,0.8,1149060.0,1135348.0,1.8837916692532124,100.0,2200.0,1.63,622.0,960.0,39.0,0.0,159356.0,47112.0,0.9939024390243902,300.0,2200.0,1.57,10541.666666666666,15280.0,2001.2,0.7,861308.0,846060.0,2.5632682379072254,200.0,2200.0,1.74,13817.0,5080.0,8117.4,0.8,1149064.0,1135416.0,1.9189189189189189,100.0,2200.0,1.63,822.0,1400.0,22.1,0.0,159356.0,47112.0,0.9939024390243902,5.484788778613906,5.505547464667674,5.420097762637933,5.425545587815236,5.34596402402081,5.294909169141753,5.302914570867089,5.252930793986229,5.219511939253663,5.128660545337064,5.085557143568628,5.022957483136623,4.539587289649098
300.0,2199.955,1.5266666666666666,5544.0,14800.0,1239.4,0.7,892648.0,879072.0,2.679046216726789,193.8,2200.0,1.6,14408.5,2520.0,11201.4,0.8,1149072.0,1135420.0,1.7652416808355598,100.0,2199.865,1.61,2622.0,1200.0,297.1,0.0,159356.0,47112.0,0.9817073170731708,300.0,2199.955,1.5266666666666666,5599.666666666668,14520.0,1536.3000000000004,0.7,892620.0,878500.0,2.6775609048112874,200.0,2199.9325,1.62,14171.5,2520.0,10634.7,0.8,1149076.0,1135352.0,1.7959666032291732,100.0,2200.0,1.63,409.0,1320.0,44.2,0.0,159356.0,47112.0,0.9939024390243902,300.0,2199.955,1.5200000000000002,5900.333333333332,13880.0,1380.6,0.7,891576.0,877500.0,2.6641380860193404,200.0,2200.0,1.69,13905.0,3760.0,9597.2,0.8,1149072.0,1135348.0,1.8733501135735773,100.0,2200.0,1.63,563.0,1520.0,28.5,0.0,159356.0,47112.0,0.9939024390243902,300.0,2199.91,1.53,6308.333333333332,13960.0,1427.2,0.7,890812.0,876952.0,2.6744479532191123,200.0,2200.0,1.715,14079.5,5120.0,8128.5999999999985,0.8,1149072.0,1135416.0,1.8911525382560117,100.0,2200.0,1.63,799.0,1280.0,21.6,0.0,159356.0,47112.0,0.9939024390243902,5.601159752650669,5.637817330105765,5.631961473064942,5.629082848682061,5.683196570749549,5.332848586880116,5.29838855298518,5.280755924016661,5.24242902430389,5.206558214838157,5.14822293309862,5.034010582126613,4.410672460269822
300.0,2200.0,1.42,10628.0,18160.0,1737.8000000000004,0.7,913524.0,899928.0,2.4586865515436944,200.0,2200.0,1.615,15291.0,2480.0,10483.2,0.8,1149072.0,1135420.0,1.7998137802607077,100.0,2200.0,1.61,2697.0,1200.0,309.9,0.0,159356.0,47112.0,0.9817073170731708,300.0,2199.865,1.4266666666666663,10830.0,13760.0,2285.0,0.7,913096.0,899092.0,2.4697611911897632,200.0,2199.9325,1.615,14044.0,2560.0,10585.6,0.8,1149076.0,1135352.0,1.7769288841914541,100.0,2200.0,1.63,413.0,1800.0,42.1,0.0,159356.0,47112.0,0.9939024390243902,293.8,2199.91,1.356666666666667,11280.666666666664,14920.0,1953.4,0.7,911720.0,897828.0,2.3694900337757483,200.0,2200.0,1.675,13791.5,3960.0,9631.9,0.8,1149072.0,1135348.0,1.8425184961497807,100.0,2200.0,1.63,581.0,1560.0,31.1,0.0,159356.0,47112.0,0.9939024390243902,300.0,2199.91,1.3333333333333333,13290.333333333336,17040.0,2126.4,0.7,911172.0,897544.0,2.323450359164645,200.0,2199.865,1.745,13763.5,5120.0,8084.0,0.8,1149072.0,1135416.0,1.9444134078212292,100.0,2200.0,1.63,835.0,1440.0,23.5,0.0,159356.0,47112.0,0.9939024390243902,5.254103207245908,5.2754060303045165,5.347046250028762,5.208200713099202,5.202377964419308,5.198213689704356,5.163314743213231,5.1883588432573315,5.26143100918664,5.1435500805914245,5.102240103567162,4.959872946914292,4.494180580464109
293.8,2199.955,1.403333333333333,11146.0,20280.0,1789.2,0.7,916448.0,902568.0,2.4892354124748493,200.0,2200.0,1.615,14221.5,2400.0,10836.5,0.8,1149072.0,1135420.0,1.7771100709648195,100.0,2199.865,1.61,2686.0,1000.0,301.8,0.0,159356.0,47112.0,0.9817073170731708,300.0,2199.91,1.3966666666666665,11438.0,13920.0,2398.2000000000007,0.7,915900.0,901732.0,2.484581732821169,200.0,2199.9325,1.625,13932.0,2560.0,10563.9,0.8,1149076.0,1135352.0,1.8068280034572168,100.0,2200.0,1.63,398.0,1280.0,41.8,0.0,159356.0,47112.0,0.9939024390243902,300.0,2199.865,1.3833333333333335,11314.0,13920.0,1967.5,0.7,914760.0,900732.0,2.4604170477409912,193.8,2199.9325,1.675,13805.5,3800.0,9633.6,0.8,1149072.0,1135348.0,1.8622669465366093,100.0,2200.0,1.63,587.0,1400.0,30.5,0.0,159356.0,47112.0,0.9939024390243902,300.0,2199.91,1.3766666666666667,12920.0,13160.0,2098.5,0.7,913976.0,900184.0,2.4314752149259187,200.0,2199.865,1.74,13744.0,5000.0,8066.5,0.8,1149072.0,1135416.0,1.913332326740148,100.0,2200.0,1.63,824.0,1480.0,21.1,0.0,159356.0,47112.0,0.9939024390243902,5.358142784056791,5.401963525218884,5.234848968318884,5.302544986011613,5.262811128320008,5.278904072934079,5.264945144538531,5.2938315163826495,5.263659575647328,5.370451844411429,5.182057844045596,5.1299842174032095,4.462969559879629
300.0,2199.91,1.4266666666666663,11073.0,16080.0,1744.1,0.7,918840.0,904944.0,2.449065011424869,200.0,2199.9325,1.605,14142.5,2560.0,11043.0,0.8,1149072.0,1135420.0,1.7848499814791952,100.0,2200.0,1.61,2665.0,880.0,297.0,0.0,159356.0,47112.0,0.9817073170731708,293.8,2199.865,1.4333333333333331,11235.333333333336,14360.0,2376.1,0.7,918404.0,904636.0,2.455019231271162,200.0,2199.9325,1.61,14040.5,2560.0,10584.9,0.8,1149076.0,1135352.0,1.7949283009497796,100.0,2200.0,1.63,401.0,1360.0,47.0,0.0,159356.0,47112.0,0.9939024390243902,300.0,2199.955,1.3633333333333333,12800.0,18560.0,2272.7000000000007,0.7,917056.0,903108.0,2.3320736316849726,200.0,2200.0,1.67,13804.5,3880.0,9605.8,0.8,1149072.0,1135348.0,1.8615991060897636,100.0,2199.865,1.63,617.0,1600.0,35.9,0.0,159356.0,47112.0,0.9939024390243902,300.0,2199.91,1.3833333333333335,13622.0,13040.0,2127.0,0.7,916164.0,902296.0,2.369710214047251,200.0,2199.865,1.73,13798.0,4920.0,8106.5,0.8,1149072.0,1135416.0,1.9230769230769231,100.0,2200.0,1.63,801.0,1320.0,17.2,0.0,159356.0,47112.0,0.9939024390243902,5.333257124699788,5.324566597587042,5.3111925590958045,5.302636168380747,5.214545773128264,5.1925368171544966,5.162665133958581,5.1310162274479465,5.145100256595009,5.169151328017649,5.134727945829057,4.9897974797465645,4.527352337965527
300.0,2199.865,1.9433333333333331,36248.333333333336,19520.0,11399.1,0.30000000000000004,380272.0,337816.0,2.641303700237338,187.5,2199.9325,1.6,10586.5,2000.0,3235.1,0.7,1846452.0,927524.0,2.1654002026342454,100.0,2200.0,1.89,831.0,840.0,41.6,0.0,10536.0,5408.0,0.9593908629441624,300.0,2199.91,2.026666666666667,35215.666666666664,16840.0,11128.6,0.30000000000000004,380312.0,337836.0,2.7441843586735515,200.0,2200.0,1.54,12764.5,1760.0,2895.8,0.7,1846452.0,940748.0,2.072779466396488,100.0,2199.865,1.91,288.0,1360.0,3.6,0.0,10536.0,5408.0,0.9695431472081218,300.0,2199.955,1.9966666666666668,37424.66666666666,16240.0,10796.2,0.30000000000000004,380412.0,340128.0,2.707615494978479,200.0,2199.865,1.275,12838.5,5160.0,2522.100000000001,1.0,1846452.0,1270652.0,1.6542925413893157,100.0,2200.0,1.92,496.0,1360.0,4.9,0.0,10536.0,5408.0,1.0052356020942408,300.0,2200.0,2.036666666666666,36623.66666666666,16960.0,11228.5,0.30000000000000004,380736.0,339712.0,2.755393929036244,200.0,2200.0,1.36,10660.5,5640.0,3053.4,1.0,1846452.0,1269752.0,1.7739783856805134,100.0,2200.0,1.81,241.0,1400.0,35.9,0.0,10536.0,5404.0,1.0055555555555555,5.7961281602464885,5.451899447529743,5.4834178601689265,5.4054788705509695,5.461173768950299,5.500884231101001,5.542943948652033,5.526371189271378,5.442021427216618,5.436324932258235,5.36240049038338,5.223702741935226,5.0247743772719815
300.0,2199.955,2.026666666666667,36949.0,17040.0,10942.5,0.30000000000000004,380428.0,338644.0,2.747205783891749,193.3,2200.0,1.22,10592.0,3840.0,2865.5,1.0,1846452.0,1272492.0,1.5739033964840417,100.0,2199.865,1.88,1359.0,1000.0,75.9,0.0,10536.0,5408.0,0.9842931937172776,300.0,2199.91,2.023333333333333,36536.333333333336,18720.0,10931.9,0.30000000000000004,381628.0,338684.0,2.7520057388809183,200.0,2200.0,1.225,12828.5,3360.0,2529.4,1.0,1846452.0,1269684.0,1.581967912613074,93.8,2200.0,1.92,512.0,1520.0,9.9,0.0,10536.0,5408.0,1.0052356020942408,300.0,2199.865,2.036666666666666,37208.333333333336,17320.0,10792.7,0.30000000000000004,382116.0,340916.0,2.7247644695676905,200.0,2199.9325,1.265,16833.0,3920.0,3280.9,1.0,1846452.0,1270652.0,1.6075465425531914,100.0,2200.0,2.07,396.0,1480.0,8.8,0.0,10536.0,5408.0,1.0048543689320388,293.8,2199.955,2.0,37186.0,14000.0,10825.7,0.30000000000000004,381828.0,340524.0,2.7099140534262487,200.0,2199.9325,1.31,13898.0,4040.0,2913.8,1.0,1846452.0,1269752.0,1.6987946693829046,100.0,2200.0,1.97,442.0,1640.0,44.5,0.0,10536.0,5404.0,0.9949494949494948,5.452091496926423,5.407609391724169,5.39970945362624,5.4319711648147795,5.40887968846075,5.4153587028307255,5.464221994488852,5.415317280201068,5.387522422420559,5.410095271220092,5.2889319594800215,5.276419377211343,4.864228419082385
300.0,2199.865,1.98,38958.0,19040.0,11902.500000000002,0.30000000000000004,382976.0,340260.0,2.5184212352970867,200.0,2200.0,1.23,12298.0,2360.0,3007.8,1.1,1846452.0,1478936.0,1.592805939580133,100.0,2199.865,1.91,1301.0,1040.0,50.0,0.0,10536.0,5408.0,0.9794871794871794,300.0,2199.955,1.9233333333333336,39911.0,16720.0,11899.8,0.30000000000000004,383152.0,340264.0,2.4432928214447984,200.0,2199.9325,1.235,12450.5,2560.0,2375.4,1.1,1846452.0,1478052.0,1.5980969448711384,100.0,2200.0,1.94,430.0,1400.0,7.7,0.0,10536.0,5408.0,0.9948717948717948,300.0,2199.955,1.9833333333333332,41865.0,17840.0,12749.8,0.30000000000000004,383200.0,342204.0,2.6860119047619047,200.0,2199.9325,1.275,16054.0,4240.0,3191.3,1.1,1846452.0,1478944.0,1.666062801932367,100.0,2200.0,2.04,476.0,1480.0,7.3,0.0,10536.0,5408.0,0.9951219512195124,300.0,2199.955,1.9566666666666668,41798.333333333336,14200.0,12234.5,0.30000000000000004,383176.0,342088.0,2.5327798736620464,200.0,2200.0,1.315,10063.0,6400.0,1970.8,1.1,1846452.0,1478052.0,1.709320091673033,100.0,2200.0,1.95,418.0,1560.0,44.4,0.0,10536.0,5404.0,0.9948979591836736,5.180212107356018,5.089162656307664,5.111270821025482,5.135812076921778,5.0931281005784985,5.110950144825273,5.098178861424771,5.087301282235047,5.202242898201463,5.178946706961536,5.173750160347443,4.999554648663211,4.681647295203309
300.0,2199.955,1.95,41436.66666666666,18040.0,14164.0,0.30000000000000004,384900.0,342028.0,2.5405260556234883,200.0,2200.0,0.84,15039.5,2760.0,3053.0,1.1,1846452.0,1478956.0,1.939934426229508,100.0,2199.865,1.98,868.0,840.0,65.3,0.0,10876.0,5776.0,1.137931034482759,300.0,2199.955,1.9766666666666668,40762.333333333336,20640.0,13544.7,0.30000000000000004,384900.0,342032.0,2.57235996565809,200.0,2199.9325,0.92,8728.0,2800.0,2526.9,1.1,1846452.0,1478132.0,2.07632786885246,100.0,2199.865,1.74,217.0,1280.0,3.2,0.0,10876.0,5776.0,1.0,300.0,2199.955,1.9933333333333332,42864.333333333336,14200.0,11657.7,0.30000000000000004,384924.0,343688.0,2.6268226282761167,200.0,2199.865,0.94,7488.5,3200.0,1826.1,1.1,1846452.0,1478964.0,2.372509287402905,100.0,2200.0,1.89,362.0,1200.0,2.5,0.0,10876.0,5776.0,0.9895287958115184,300.0,2199.91,1.97,42642.333333333336,13680.0,12367.6,0.30000000000000004,384908.0,343572.0,2.6210514224451504,200.0,2200.0,0.915,12922.5,5720.0,2645.7,1.1,1846452.0,1478132.0,2.01511111111111,93.8,2199.865,1.72,192.0,1120.0,51.4,0.0,10876.0,5772.0,1.0117647058823531,5.520032861194574,5.677529248096987,5.6103891612930346,5.588144954542167,5.560741472824278,5.460296330664848,5.55725745357555,5.497488507347906,5.603898920418699,5.616071256019606,5.40260296338673,5.275305698514552,4.691430865441073
286.6,2199.91,2.036666666666666,41038.66666666666,17680.0,12208.2,0.30000000000000004,385664.0,343172.0,2.7633311531601192,200.0,2199.9325,0.78,8273.0,2560.0,1903.4,1.1,1846452.0,1478956.0,1.7231209735146742,100.0,2200.0,1.65,1034.0,1160.0,65.7,0.0,10876.0,5776.0,0.8776595744680851,293.3,2199.91,2.036666666666666,41034.0,15720.0,12168.3,0.30000000000000004,385664.0,343176.0,2.762885110772576,200.0,2199.865,0.78,11526.0,2280.0,2679.3,1.1,1846452.0,1478132.0,1.7128131710808874,93.8,2200.0,1.81,449.0,1600.0,8.6,0.0,10876.0,5776.0,0.9627659574468086,300.0,2199.91,2.0166666666666666,42055.333333333336,20680.0,11982.1,0.30000000000000004,385664.0,344832.0,2.77176964996762,200.0,2200.0,0.8150000000000001,8868.0,4160.0,1587.9,1.1,1846452.0,1478964.0,2.555730396013637,100.0,2200.0,1.91,522.0,1200.0,1.5,0.0,10876.0,5776.0,0.9794871794871794,300.0,2199.865,2.01,41862.333333333336,16880.0,12820.0,0.30000000000000004,385664.0,344716.0,2.7343711662725987,200.0,2199.9325,0.855,7048.0,3960.0,1486.0,1.1,1846452.0,1478132.0,2.404121863799283,100.0,2200.0,1.93,597.0,1280.0,33.3,0.0,10876.0,5772.0,1.0052083333333333,5.457900181957103,5.838240583937239,5.761791859437466,5.544472465471202,5.595820277344136,5.9134218626246335,6.107116373475972,5.740540924204619,5.620816802879356,5.481493131708541,5.259847845735624,5.2379621851275315,5.3224562155335144
300.0,2199.91,1.0666666666666669,1783.666666666667,15000.0,446.8,0.4,472344.0,460852.0,2.8923270175068736,200.0,2200.0,1.79,6905.5,2240.0,1916.6,0.7,1548152.0,980392.0,2.390681003584229,100.0,2199.865,2.78,8346.0,1840.0,659.0,0.0,32968.0,29080.0,0.9553264604810996,300.0,2199.955,1.0633333333333332,1816.0,16680.0,392.2,0.4,472684.0,461048.0,2.8851327729025567,193.3,2200.0,1.745,7987.5,2200.0,1872.4,0.8,1548152.0,1104720.0,2.3192524321556585,100.0,2200.0,2.77,7924.0,2560.0,601.2,0.0,32968.0,26784.0,0.9518900343642612,300.0,2200.0,1.0633333333333332,1995.666666666667,13480.0,427.9,0.4,471864.0,460372.0,2.8856308359905483,200.0,2199.865,1.735,7277.0,3680.0,1340.7,1.0,1548152.0,1313100.0,2.2905785970302097,100.0,2200.0,2.78,7402.0,2520.0,618.5,0.0,32968.0,27548.0,0.9553264604810996,300.0,2199.91,1.06,2051.333333333333,13640.0,438.8,0.4,473088.0,461264.0,2.878436591386232,200.0,2200.0,1.745,6254.5,4520.0,1401.3000000000004,1.0,1548152.0,1313028.0,2.303891449052739,100.0,2199.865,2.81,6404.0,2560.0,616.6,0.0,32968.0,27448.0,0.9656357388316152,5.7620426849463176,5.7060090338835625,6.248648645411594,5.6028383881185375,5.5945352447490135,5.424131170912662,5.3772505565824735,5.238973032554197,5.06685391579368,4.827956311226521,4.826033672314003,5.265977762197613,5.236766953887199
300.0,2199.955,0.98,6746.333333333332,16280.0,1443.4,0.4,483968.0,472408.0,2.7703220947746496,200.0,2199.9325,1.42,7526.0,2600.0,2154.6,1.0,1548152.0,1313032.0,1.8327163758152651,100.0,2200.0,2.53,88.0,400.0,5.3,0.0,32968.0,29080.0,0.996062992125984,300.0,2199.955,0.9766666666666668,6875.0,17320.0,1230.5,0.4,483964.0,472400.0,2.7630228247016566,200.0,2200.0,1.41,8978.0,2520.0,1380.4,1.0,1548152.0,1313164.0,1.8165873435572009,100.0,2199.865,2.53,45.0,640.0,4.6,0.0,32968.0,26784.0,0.996062992125984,300.0,2199.91,0.9666666666666668,7207.0,14000.0,1510.8000000000004,0.4,483476.0,471728.0,2.7390568879619974,200.0,2199.9325,1.455,11478.5,3600.0,1913.5,1.0,1548152.0,1313100.0,1.87876784769963,100.0,2200.0,2.53,46.0,720.0,5.2,0.0,32968.0,27548.0,0.996062992125984,300.0,2199.91,0.96,7400.666666666668,13560.0,1527.6,0.4,483692.0,472140.0,2.7234242845556715,200.0,2199.9325,1.49,11252.5,4920.0,2163.7,1.0,1548152.0,1313028.0,1.9274193548387093,93.8,2200.0,2.53,48.0,960.0,4.1,0.0,32968.0,27448.0,0.996062992125984,5.656693771526619,5.598796039794415,5.569061325093843,5.479401957697249,5.373882375246892,5.306581767038717,5.27421594404055,5.188753656935926,5.121302122519476,5.011377215553263,4.80765660033008,4.71427898374818,4.582873222193943
300.0,2199.865,1.1033333333333333,7919.333333333332,17560.0,1530.5,0.4,501920.0,490396.0,2.699413388543824,200.0,2199.865,1.385,6897.5,2800.0,2616.1,1.1,1548152.0,1521392.0,1.748720744903951,93.3,2200.0,2.05,2231.0,1160.0,368.8,0.1,79892.0,75636.0,0.9669811320754716,300.0,2199.91,1.096666666666667,8193.666666666666,16080.0,1490.1,0.4,501784.0,490124.0,2.6856452726017945,200.0,2199.9325,1.37,8591.0,2600.0,1258.7,1.1,1548152.0,1521260.0,1.7236808992534185,100.0,2200.0,2.01,1505.0,1400.0,155.5,0.1,87216.0,80996.0,0.9481132075471695,300.0,2199.955,1.086666666666667,8687.333333333334,13120.0,1651.6,0.4,501636.0,490132.0,2.6664423740510697,200.0,2199.9325,1.445,11957.0,3600.0,2079.7,1.1,1548152.0,1521400.0,1.8274893045885412,100.0,2200.0,2.01,1761.0,1200.0,150.9,0.1,86572.0,81232.0,0.9481132075471695,300.0,2199.91,1.0766666666666669,9006.333333333334,11760.0,1705.7,0.4,501504.0,489864.0,2.647239475500345,200.0,2200.0,1.48,9610.0,4800.0,2138.9,1.1,1548160.0,1521328.0,1.8766462545088496,100.0,2200.0,2.06,1720.0,1240.0,163.7,0.1,87216.0,81660.0,0.9716981132075472,5.467040364462697,5.465284109625141,5.425397308822747,5.400394856138678,5.471119775617581,5.215958963038129,4.8229344722335785,4.827732965972451,4.776195341798796,4.784022403367975,4.792156750346495,4.557322816409071,4.271131209051634
300.0,2199.865,0.9933333333333332,7064.666666666668,16120.0,1470.4,0.4,530612.0,518904.0,2.7164408463109764,200.0,2200.0,1.39,6831.5,2560.0,2617.0,1.1,1548176.0,1521540.0,1.7771840542832908,100.0,2200.0,2.87,8987.0,1720.0,971.4,0.1,121752.0,117920.0,0.9695945945945946,300.0,2199.91,0.99,7198.0,13600.0,1344.8,0.4,529520.0,518104.0,2.708176383501059,200.0,2199.9325,1.38,8745.5,2680.0,1400.5,1.1,1548180.0,1521476.0,1.753604749787956,100.0,2200.0,2.9,6618.0,2360.0,762.3,0.0,26220.0,19860.0,0.9797297297297296,300.0,2200.0,0.9766666666666666,8417.666666666666,12080.0,1732.8,0.4,527244.0,515736.0,2.6765802739828715,200.0,2199.9325,1.46,8796.0,3640.0,1249.1,1.1,1548176.0,1521480.0,1.8591178965224768,100.0,2200.0,2.87,6458.0,2360.0,533.3,0.0,26220.0,20624.0,0.9695945945945946,300.0,2199.955,0.9466666666666668,12925.0,12040.0,2300.1,0.4,525500.0,513744.0,2.6095088173010246,200.0,2200.0,1.47,12277.0,4760.0,2333.0,1.1,1548184.0,1521476.0,1.872307039864292,100.0,2199.865,2.9,6427.0,2360.0,430.4,0.0,26220.0,20524.0,0.9797297297297296,5.465214125447595,5.4089692277706565,5.386483032274644,5.306437008439586,5.296155033054013,5.279426115760011,5.249968587318642,5.218126521794608,5.138865353446002,5.1204908371038025,5.075450197384691,4.839925972207622,4.6021400056395585
293.8,2199.955,0.9566666666666668,9033.666666666666,16240.0,1829.5,0.4,543528.0,532124.0,2.477853018874691,200.0,2200.0,1.435,6806.0,2880.0,2354.7000000000007,1.1,1548176.0,1521540.0,1.8625494505494504,100.0,2200.0,2.53,109.0,480.0,6.9,0.0,32968.0,29080.0,1.0,300.0,2199.91,0.9533333333333333,9038.666666666666,16560.0,1641.7,0.4,542768.0,531324.0,2.4694496575301534,200.0,2199.9325,1.38,8104.5,2560.0,1191.7,1.1,1548180.0,1521476.0,1.7745494505494506,100.0,2199.865,2.53,59.0,600.0,4.8,0.0,32968.0,26784.0,1.0,300.0,2199.865,0.9366666666666666,9938.666666666666,14560.0,1891.1,0.4,541620.0,529992.0,2.4307260599830256,200.0,2199.9325,1.45,13113.0,3960.0,2045.0,1.1,1548176.0,1521480.0,1.8765274725274723,100.0,2199.865,2.53,63.0,520.0,8.1,0.0,32968.0,27548.0,1.0,300.0,2199.955,0.93,9976.666666666666,14120.0,1905.2,0.4,540472.0,528792.0,2.415565941881732,200.0,2199.9325,1.51,8651.0,5000.0,1893.6,1.1,1548184.0,1521476.0,1.967516483516484,100.0,2199.865,2.53,67.0,560.0,3.9,0.0,32968.0,27448.0,1.0,5.357416812791426,5.3831815885562015,5.325013451446888,5.417724352461194,5.096678295347027,5.046026641754196,5.10387157265795,5.065029803933829,5.040963053346954,5.022391554893103,4.901494472292268,4.810319018777222,4.5540761221875785
300.0,2199.955,0.7433333333333333,23540.0,20200.0,5354.4000000000015,0.4,555084.0,543740.0,1.928968253968254,200.0,2200.0,1.405,6935.0,2440.0,2527.5,1.1,1548176.0,1521540.0,1.8466042154566744,100.0,2199.865,2.53,91.0,280.0,6.4,0.0,32920.0,29124.0,1.0,300.0,2200.0,0.7433333333333333,23605.33333333333,15080.0,6052.8,0.4,554552.0,543204.0,1.9279761904761907,200.0,2200.0,1.41,6400.0,2560.0,2016.7,1.1,1548180.0,1521476.0,1.84669428931724,100.0,2199.865,2.53,47.0,840.0,3.6,0.0,32920.0,26828.0,1.0,300.0,2199.955,0.7300000000000001,23878.33333333333,15560.0,5816.3,0.4,553052.0,541628.0,1.8956349206349208,200.0,2199.9325,1.45,10576.0,3600.0,2083.3,1.1,1548176.0,1521480.0,1.901459196541164,100.0,2200.0,2.53,47.0,640.0,5.6,0.0,32920.0,27592.0,1.0,300.0,2199.91,0.7200000000000001,23865.0,15880.0,5789.9,0.4,551508.0,540040.0,1.8748015873015875,193.8,2199.865,1.485,6879.0,4920.0,1176.4,1.1,1548184.0,1521476.0,1.9507295982705817,100.0,2199.865,2.53,49.0,800.0,2.7,0.0,32920.0,27492.0,1.0,4.83753277687704,4.84419098660902,4.7851518244960864,4.704319291819291,4.700777637662884,4.732967783582539,4.69385996517144,4.838018174903421,4.6548832542685,4.631395744510499,4.501975520080171,4.504014792129547,4.504795432254449
300.0,2199.91,0.7366666666666667,23593.0,21720.0,5245.6,0.4,558956.0,547436.0,1.9309125874125872,200.0,2200.0,1.42,6873.5,2560.0,2341.6,1.1,1548176.0,1521540.0,1.8415767780408665,100.0,2199.865,2.53,104.0,400.0,6.2,0.0,32920.0,29124.0,1.0,300.0,2199.955,0.7366666666666667,23809.66666666667,15840.0,5966.799999999998,0.4,558216.0,546636.0,1.9309125874125872,200.0,2200.0,1.4,8325.5,2640.0,1261.4,1.1,1548180.0,1521476.0,1.805007454178725,100.0,2200.0,2.53,52.0,520.0,3.1,0.0,32920.0,26828.0,1.0,300.0,2199.91,0.7166666666666668,24618.33333333333,15280.0,5853.0,0.4,556632.0,545060.0,1.8769335664335665,200.0,2200.0,1.46,10215.5,3600.0,1911.4,1.1,1548176.0,1521480.0,1.8905989651846005,100.0,2200.0,2.53,54.0,560.0,4.8,0.0,32920.0,27592.0,1.0,293.8,2199.865,0.7066666666666667,25113.33333333333,17080.0,6095.2,0.4,555288.0,543736.0,1.8559545454545456,200.0,2199.9325,1.475,7538.0,5080.0,1231.5,1.1,1548184.0,1521476.0,1.9095851968780144,100.0,2200.0,2.53,57.0,840.0,4.1,0.0,32920.0,27492.0,1.0,4.76770441314364,4.7402114061506335,4.69906072135354,4.694306753099571,4.661644248937066,4.713844657491067,4.701281165427575,4.6232751159215235,4.77197880112521,4.635352205498616,4.76855673609642,4.514359198505606,4.403126209272618
300.0,2199.955,0.7200000000000001,23733.66666666667,19840.0,5429.700000000002,0.4,564008.0,552452.0,1.5696829212454213,200.0,2199.9325,1.4,9134.5,2640.0,2861.5,1.1,1548176.0,1521540.0,1.7926939460436295,100.0,2200.0,1.93,418.0,280.0,54.5,0.0,33492.0,29848.0,0.7628458498023716,293.8,2199.865,0.7166666666666668,24063.0,16640.0,6141.8,0.4,563128.0,551652.0,1.5618704212454213,200.0,2200.0,1.395,7385.5,2480.0,1103.1,1.1,1548180.0,1521476.0,1.7775913256744549,100.0,2199.865,2.49,183.0,800.0,14.7,0.0,33492.0,27552.0,0.9841897233201584,300.0,2199.91,0.7033333333333335,25393.66666666667,15160.0,6047.5,0.4,561464.0,549812.0,1.5326903998778998,200.0,2200.0,1.515,5997.5,3440.0,1229.6,1.1,1548176.0,1521480.0,1.952110494384923,100.0,2199.865,2.49,242.0,720.0,40.6,0.0,33492.0,28316.0,0.9841897233201584,300.0,2199.91,0.6966666666666667,24789.0,14360.0,6162.6,0.4,560156.0,548488.0,1.5168173840048842,200.0,2199.9325,1.47,12118.5,5040.0,2238.3,1.1,1548184.0,1521476.0,1.88124435265264,100.0,2199.865,2.49,223.0,1160.0,39.6,0.0,33492.0,28216.0,0.9841897233201584,4.393465591404284,4.3712314479280385,4.383831040174388,4.4319117321511134,4.3846656847820356,4.364097607098096,4.272792454333188,4.298793517821413,4.104132745653473,4.188035776321311,4.065295758734205,4.259782442002523,4.117809532890528
300.0,2199.955,0.7200000000000001,23995.66666666667,16840.0,5412.6,0.4,565620.0,554036.0,1.2200651544401546,200.0,2200.0,1.415,8397.5,2400.0,2372.4,1.1,1548176.0,1521540.0,1.8631361451736064,100.0,2200.0,2.53,104.0,240.0,6.4,0.0,33492.0,29848.0,0.996062992125984,300.0,2200.0,0.7133333333333334,24139.66666666667,17800.0,6191.6,0.4,564760.0,553236.0,1.2086812258687258,200.0,2199.9325,1.4300000000000002,6686.5,2880.0,1945.8,1.1,1548180.0,1521476.0,1.869289853119526,100.0,2200.0,2.53,56.0,800.0,4.1,0.0,33492.0,27552.0,0.996062992125984,300.0,2199.91,0.7000000000000001,24901.0,14040.0,6036.9,0.4,563132.0,551660.0,1.1925615347490348,200.0,2200.0,1.475,7244.0,3520.0,1045.4,1.1,1548176.0,1521480.0,1.9320397071374031,100.0,2200.0,2.53,58.0,840.0,6.7,0.0,33492.0,28316.0,0.996062992125984,300.0,2199.91,0.6933333333333334,25409.66666666667,16040.0,6142.299999999998,0.4,561640.0,550072.0,1.1854186776061777,200.0,2199.865,1.49,10480.0,5280.0,2003.9,1.1,1548184.0,1521476.0,1.9590351704622015,100.0,2200.0,2.53,57.0,1080.0,5.1,0.0,33492.0,28216.0,0.996062992125984,4.1274183912620055,4.097288537139638,4.151297320531044,4.120620438291662,4.134613977780629,4.099928629195957,4.043256973036361,4.0767645223975695,4.0244975822387925,3.9833045391128894,3.9266501528714137,3.9148079174912684,3.8343236106887018
300.0,2200.0,1.5566666666666666,3914.666666666666,12880.0,1056.6,0.30000000000000004,462084.0,450636.0,2.9307217696392955,200.0,2199.9325,1.25,14851.0,2280.0,4377.6,0.5,1511144.0,661448.0,1.6777362667773623,100.0,2200.0,2.14,4208.0,1240.0,595.3,0.0,25772.0,22780.0,0.9553571428571428,293.8,2199.955,1.55,3995.0,12200.0,1122.3,0.30000000000000004,462176.0,450856.0,2.916245824622113,200.0,2199.865,1.245,14573.0,2560.0,4106.4,0.5,1511148.0,661292.0,1.6726857617268576,100.0,2200.0,2.21,2144.0,2480.0,354.6,0.0,25772.0,22784.0,0.9866071428571428,300.0,2199.91,1.5433333333333332,4074.0,12520.0,1125.4,0.30000000000000004,462520.0,451236.0,2.90508615096244,200.0,2199.9325,1.275,13276.0,3840.0,3839.2,0.5,1511144.0,660932.0,1.7375812923758132,100.0,2200.0,2.21,2274.0,2160.0,297.0,0.0,25772.0,22784.0,0.9866071428571428,300.0,2199.91,1.5466666666666669,4204.666666666667,11600.0,1161.5,0.30000000000000004,462468.0,451048.0,2.9092528176291066,200.0,2200.0,1.305,11771.0,5280.0,4250.9,0.5,1511148.0,661908.0,1.8111249481112492,100.0,2199.865,2.21,2221.0,2440.0,407.9,0.0,25772.0,22780.0,0.9866071428571428,5.743914132341791,5.767144725949098,5.768897348787196,5.792408388736591,5.739876892455094,5.777340503315825,5.720073293736973,5.673064746728424,5.583433401555842,5.511279166901609,5.414863082985524,5.317517752787312,4.779604520544184
300.0,2199.955,1.5433333333333332,3044.0,12560.0,713.8,0.4,524104.0,512872.0,2.878388994961288,193.8,2200.0,1.25,22647.5,2360.0,5098.4,0.7999999999999999,970236.0,965316.0,1.5975223278594064,100.0,2199.865,2.14,5325.0,1480.0,605.2,0.0,29984.0,27200.0,0.9427312775330396,300.0,2199.955,1.5333333333333334,3563.0,16200.0,915.0,0.4,524100.0,512868.0,2.8645653778961133,200.0,2199.9325,1.135,22692.5,2600.0,3859.2,0.7999999999999999,970832.0,965436.0,1.5061941803514838,100.0,2200.0,2.21,3225.0,2320.0,506.8,0.0,29984.0,27204.0,0.9735682819383259,300.0,2200.0,1.5233333333333334,3806.0,13120.0,549.9,0.4,524100.0,512872.0,2.850741760830938,200.0,2199.9325,1.385,22726.0,3400.0,3968.0,0.7999999999999999,970252.0,965344.0,1.7198693940266976,100.0,2199.865,2.21,3310.0,2120.0,356.6,0.0,29984.0,27204.0,0.9735682819383259,300.0,2199.865,1.51,4599.333333333333,11440.0,583.9000000000002,0.4,524104.0,512868.0,2.8313932818873098,200.0,2200.0,1.4249999999999998,19303.5,4960.0,3647.3,0.7999999999999999,970820.0,965316.0,1.761019878997407,100.0,2199.865,2.21,3281.0,2400.0,375.6,0.0,29984.0,27200.0,0.9735682819383259,5.529179400679537,5.52857160121339,5.558858593726467,5.561570464973722,5.562516725701977,5.559080666256511,5.5259544197238775,5.52827098619262,5.5537182077025244,5.505862348806523,5.50407745850193,4.8631112426520575,4.092417916611222
300.0,2199.955,1.51,3696.333333333334,15840.0,798.4,0.4,527312.0,516040.0,2.8322753987878997,200.0,2199.9325,1.4700000000000002,25433.0,2400.0,6624.7,0.7999999999999999,981708.0,976532.0,2.143631436314364,93.8,2200.0,2.13,5376.0,1280.0,616.3,0.0,29984.0,27200.0,0.9383259911894272,300.0,2199.91,1.5033333333333332,4194.0,13360.0,1019.5,0.4,527156.0,515772.0,2.8211022144303577,200.0,2200.0,1.48,25532.5,2560.0,4889.2,0.7999999999999999,981724.0,976648.0,2.1558265582655824,100.0,2199.865,2.21,3203.0,2320.0,502.9,0.0,29984.0,27204.0,0.9735682819383259,293.8,2199.91,1.4966666666666668,4681.333333333333,10840.0,656.4,0.4,527156.0,515776.0,2.811417261595849,200.0,2200.0,1.4249999999999998,28170.5,3400.0,4889.9,0.7999999999999999,981724.0,976556.0,2.098780487804878,100.0,2200.0,2.22,3299.0,2120.0,366.6,0.0,29984.0,27204.0,0.9779735682819384,300.0,2199.91,1.4966666666666668,5245.0,11480.0,608.0999999999998,0.4,526968.0,515508.0,2.806952567026749,200.0,2199.9325,1.39,26879.0,2680.0,4808.1,0.7999999999999999,981712.0,976528.0,2.0811653116531166,100.0,2199.865,2.21,3265.0,2400.0,371.1,0.0,29984.0,27200.0,0.9735682819383259,5.826098545881344,5.6871388752082845,5.69550892259591,5.72485064338742,5.664834897978568,5.618000990365997,5.532566576256978,5.5573057556938315,5.476051843721106,5.4758924754796245,5.384227988485558,5.207317225304571,4.81705869055784
300.0,2199.955,1.5,3964.666666666666,14480.0,847.5999999999998,0.4,530248.0,518944.0,2.8396281396610483,200.0,2200.0,0.8600000000000001,55774.5,1880.0,11416.1,1.1,1437880.0,1432176.0,1.368793856745664,100.0,2199.865,2.11,5690.0,1160.0,644.8,0.0,29984.0,27200.0,0.9295154185022024,300.0,2200.0,1.4966666666666668,4490.0,14600.0,1077.4,0.4,529956.0,518676.0,2.8325762850232787,193.8,2199.9325,0.8500000000000001,58756.0,3080.0,11694.6,1.0,1247980.0,1242584.0,1.35674566397458,100.0,2199.865,2.21,3215.0,2400.0,490.2,0.0,29984.0,27204.0,0.9735682819383259,293.8,2199.91,1.4800000000000002,4989.333333333333,11600.0,739.2,0.4,529788.0,518680.0,2.8073541516021887,193.8,2199.865,0.79,43924.5,6080.0,9586.3,1.1,1437896.0,1432208.0,1.2993512511584802,100.0,2200.0,2.21,3288.0,1960.0,375.9,0.0,29984.0,27204.0,0.9735682819383259,300.0,2199.91,1.4833333333333334,5815.0,11600.0,671.2,0.4,529576.0,518412.0,2.8058027435818795,200.0,2199.9325,0.8200000000000001,39320.0,5320.0,9026.6,1.1,1437884.0,1432180.0,1.3603204024890772,100.0,2199.865,2.21,3283.0,2200.0,374.7,0.0,29984.0,27200.0,0.9735682819383259,5.135291807053549,5.183526222017541,5.205509083412113,5.244310450369332,5.24892587631701,5.252241393273477,5.1941236323987505,5.1542880158300965,5.1234880066455,5.0853992258803915,5.007865529392952,4.867343877897595,3.783398840545978
293.8,2199.91,1.3033333333333332,11189.666666666664,17600.0,2008.8,0.4,565532.0,554328.0,2.4248577011298957,193.8,2199.9325,0.62,25397.5,2640.0,4794.0,1.1,1437880.0,1432176.0,1.012652705061082,100.0,2199.865,2.14,5315.0,1320.0,643.4,0.0,29984.0,27204.0,0.9385964912280704,300.0,2199.91,1.3133333333333337,11637.333333333336,13520.0,3027.0,0.4,565068.0,553796.0,2.428114292187013,200.0,2199.9325,0.62,25486.5,2200.0,3632.3,1.1,1437896.0,1432296.0,1.02130599185573,100.0,2200.0,2.22,3182.0,2440.0,523.5,0.0,29984.0,27208.0,0.973684210526316,300.0,2199.955,1.2933333333333332,12091.333333333336,12360.0,2905.4,0.4,564604.0,553536.0,2.3893750176988644,200.0,2200.0,0.78,23912.5,5720.0,4930.799999999998,0.7999999999999999,974252.0,968788.0,1.2494182664339732,100.0,2199.865,2.22,3292.0,1960.0,342.7,0.0,29984.0,27208.0,0.973684210526316,300.0,2199.91,1.2966666666666666,12743.333333333336,14800.0,3593.2,0.4,563808.0,552476.0,2.375187607963073,200.0,2199.9325,0.5700000000000001,20475.5,6280.0,5971.2,0.7999999999999999,974252.0,968784.0,1.02086969168121,100.0,2200.0,2.21,3244.0,2200.0,362.3,0.0,29984.0,27204.0,0.9692982456140352,4.370978626818137,4.553804993013562,4.915353688267516,5.209462952667373,5.217945384213016,5.338369318507799,5.1802680240338885,5.148706229038656,5.190799058415079,5.278695436993901,5.4373611111403735,5.2575604941691765,4.613462939534415
300.0,2199.91,1.31,11565.333333333336,17720.0,2093.3,0.4,568724.0,557232.0,2.4216050977352968,200.0,2200.0,0.925,31136.0,2360.0,9238.5,0.7999999999999999,969572.0,964680.0,1.980625717566016,100.0,2199.865,2.13,5536.0,1320.0,657.8,0.0,29984.0,27204.0,0.9342105263157896,300.0,2199.955,1.2966666666666666,12367.0,15600.0,3234.7,0.4,568316.0,556964.0,2.388166279169896,200.0,2200.0,0.925,29975.5,2640.0,8807.9,0.7999999999999999,972500.0,966012.0,1.9965556831228468,100.0,2200.0,2.22,3142.0,2400.0,506.9,0.0,29984.0,27208.0,0.973684210526316,300.0,2199.955,1.2833333333333334,13718.666666666664,14840.0,3059.3,0.4,567988.0,556440.0,2.35009149229312,200.0,2200.0,0.535,21881.0,3920.0,4987.6,0.7999999999999999,974264.0,968244.0,1.2624856486796785,100.0,2200.0,2.22,3252.0,2000.0,355.2,0.0,29984.0,27208.0,0.973684210526316,300.0,2199.91,1.26,14203.0,15560.0,3704.3,0.4,566884.0,555644.0,2.3050557564798067,200.0,2199.9325,0.55,20430.5,4520.0,4980.6,0.7999999999999999,971924.0,965848.0,1.2966417910447758,100.0,2200.0,2.22,3214.0,2320.0,367.5,0.0,29984.0,27204.0,0.973684210526316,6.063669909132228,5.857311648916109,5.315073174881259,5.310787602478147,5.438245877754346,5.536054422093917,5.721492990187813,5.420538281980937,5.4882343818424975,5.5073705473013534,5.559604083569343,5.634418719616967,5.055139377326062
300.0,2199.955,1.4,40250.66666666666,18080.0,10198.8,0.4,462424.0,453844.0,2.5947748541524818,200.0,2200.0,1.9,6852.0,1960.0,1052.7,0.2,303760.0,296480.0,1.862065501306008,93.8,2200.0,1.32,1137.0,1520.0,199.7,0.0,23828.0,20360.0,0.9635036496350364,300.0,2200.0,1.4,40409.66666666666,20160.0,10349.6,0.4,462424.0,453840.0,2.5994566595912265,200.0,2199.9325,1.93,6437.0,2840.0,1066.4,0.2,303760.0,296216.0,1.8905967450271248,93.8,2200.0,1.33,803.0,1960.0,103.6,0.0,23832.0,20364.0,0.9708029197080292,300.0,2200.0,1.3966666666666667,40490.66666666666,15600.0,11470.3,0.4,462420.0,453840.0,2.5913265782904134,200.0,2200.0,1.945,5843.5,3840.0,1057.3,0.2,303888.0,296468.0,1.8977797870202933,100.0,2200.0,1.33,751.0,2320.0,130.8,0.0,23828.0,20360.0,0.9708029197080292,300.0,2199.91,1.3866666666666667,40966.333333333336,15160.0,11850.1,0.4,462424.0,453840.0,2.5716181398267186,200.0,2199.865,1.845,5655.0,4600.0,941.1,0.2,301688.0,294120.0,1.8302190074341973,100.0,2200.0,1.34,806.0,2320.0,124.4,0.0,23828.0,20360.0,0.978102189781022,5.483633918322727,5.4621089408620245,5.469601784299321,5.481950210703294,5.4989846667621425,5.5099257860615065,5.647036469976228,5.513313319936845,5.375295511187329,5.251440378511376,5.152245376709142,5.119929720800181,5.108750109244151
300.0,2199.865,1.3966666666666665,39900.333333333336,17240.0,9929.4,0.4,462904.0,454404.0,2.6248416963588523,200.0,2199.9325,1.875,1924.5,2120.0,175.2,0.2,302100.0,296952.0,2.2810421286031044,93.8,2200.0,1.39,643.0,1320.0,61.7,0.0,23828.0,20360.0,1.0,300.0,2199.91,1.3833333333333335,40196.66666666666,18440.0,9957.9,0.4,462904.0,454400.0,2.600923902701497,200.0,2199.9325,1.895,2047.0,2680.0,267.4,0.2,302100.0,296948.0,2.3054323725055434,100.0,2199.865,1.38,635.0,2000.0,29.3,0.0,23832.0,20364.0,0.9928057553956836,300.0,2199.955,1.393333333333333,40542.66666666666,16080.0,11091.8,0.4,462900.0,454400.0,2.616367120087666,200.0,2200.0,1.865,5022.0,3640.0,1069.7,0.2,302112.0,296936.0,2.2684774575018483,100.0,2199.865,1.38,447.0,2320.0,65.7,0.0,23828.0,20360.0,0.9928057553956836,300.0,2199.91,1.3866666666666667,41101.333333333336,16240.0,11507.6,0.4,462904.0,454400.0,2.5944277118315977,200.0,2199.865,1.915,852.0,4960.0,171.4,0.2,291216.0,285728.0,2.329453067257945,93.8,2200.0,1.38,483.0,2120.0,68.2,0.0,23828.0,20360.0,0.9928057553956836,5.709332506399491,5.676872012963388,5.765559782407669,5.640317815702288,5.773399503662024,5.91210051602984,5.657855890598774,5.51048094227302,5.473895576419362,5.467840667201989,5.3348869345169625,4.8764036201738445,4.98377187782317
300.0,2199.91,1.41,42108.66666666666,20360.0,10341.1,0.4,463384.0,454920.0,2.607237019101426,200.0,2200.0,1.355,7185.5,2400.0,908.5,0.5,758340.0,752596.0,1.9373358546065764,100.0,2200.0,1.31,1064.0,840.0,181.2,0.0,23828.0,20360.0,0.9357142857142858,300.0,2199.955,1.3933333333333335,42231.333333333336,15120.0,10581.0,0.4,463384.0,454656.0,2.5852031207963413,200.0,2199.865,1.34,7500.0,2680.0,1082.4,0.5,758340.0,752596.0,1.9165878768778235,100.0,2200.0,1.31,865.0,1280.0,94.0,0.0,23832.0,20364.0,0.9357142857142858,300.0,2199.91,1.3966666666666667,42397.66666666666,16600.0,11641.5,0.4,463380.0,454656.0,2.588592951304816,200.0,2200.0,1.475,4610.0,3640.0,482.2,0.5,758332.0,752588.0,2.1617816997583783,100.0,2200.0,1.34,615.0,2160.0,85.8,0.0,23828.0,20360.0,0.9571428571428572,300.0,2199.865,1.4,42666.333333333336,12320.0,11749.2,0.4,463120.0,454656.0,2.5818132902878665,200.0,2199.9325,1.665,2142.0,4760.0,452.9,0.5,758332.0,752592.0,2.478411597856918,93.8,2199.865,1.34,652.0,2160.0,81.5,0.0,23828.0,20360.0,0.9571428571428572,6.03380017926002,5.849379869037255,5.902332873016127,5.769170651518,5.833161136204293,5.9964491898917425,5.704442446825478,5.6128390345599115,5.472190803813554,5.500277860658616,5.366955855079698,5.4550500353484965,4.995075589443855
300.0,2199.955,1.393333333333333,39749.333333333336,20240.0,10397.7,0.4,463384.0,454920.0,2.5732686761962573,200.0,2200.0,1.3450000000000002,7099.5,2200.0,950.3,0.5,758340.0,752596.0,2.5135135135135136,93.8,2199.865,1.24,1651.0,1280.0,237.2,0.0,23828.0,20360.0,0.8920863309352518,293.8,2199.955,1.3933333333333335,40067.0,13480.0,10297.4,0.4,463384.0,454916.0,2.5683940438948145,200.0,2199.9325,1.3250000000000002,7333.0,2640.0,1076.1,0.5,758340.0,752596.0,2.4737476329833017,100.0,2200.0,1.24,1434.0,1920.0,129.0,0.0,23832.0,20364.0,0.8920863309352518,300.0,2199.91,1.376666666666667,39442.0,18320.0,11303.8,0.4,463380.0,454916.0,2.541695626749556,200.0,2200.0,1.5499999999999998,13129.5,3840.0,5089.8,0.2,290028.0,285092.0,3.139008435186779,100.0,2199.865,1.28,1260.0,1920.0,138.2,0.0,23828.0,20360.0,0.9208633093525179,300.0,2199.91,1.3766666666666667,40641.333333333336,16120.0,11996.9,0.4,463384.0,454916.0,2.5368209944481133,200.0,2199.9325,1.67,7976.0,5200.0,2431.3,0.6,791304.0,785756.0,3.44190049922534,100.0,2200.0,1.28,1294.0,1600.0,148.2,0.0,23828.0,20360.0,0.9208633093525179,5.375883088279729,5.40245564166276,5.410684288609475,5.421372772006583,5.406738882445073,5.396014583184762,5.381390686280434,5.343083784337168,5.356597297850682,5.348332835040763,5.2816239233395565,4.910709892018955,4.8728052839869465
300.0,2199.91,1.42,39966.333333333336,18160.0,9930.0,0.4,463384.0,454920.0,2.6442416845475956,200.0,2199.865,1.37,10402.5,2480.0,2628.2,0.4,583720.0,578000.0,2.112231658410002,100.0,2199.865,1.21,1936.0,1200.0,313.5,0.0,23828.0,20360.0,0.8581560283687943,300.0,2199.865,1.4266666666666667,40359.333333333336,15160.0,9618.8,0.4,463384.0,454916.0,2.6512103256625785,200.0,2199.9325,1.4249999999999998,12027.5,2560.0,2890.0,0.4,583140.0,577348.0,2.2227530077848545,100.0,2200.0,1.23,1448.0,2040.0,165.7,0.0,23832.0,20364.0,0.8723404255319149,300.0,2199.955,1.4166666666666667,40258.0,17360.0,10705.8,0.4,463380.0,454916.0,2.6357671082764096,200.0,2199.9325,1.08,5260.0,3680.0,2009.8,0.2,294108.0,287068.0,1.5636352913422975,100.0,2200.0,1.3,1213.0,1720.0,137.9,0.0,23828.0,20360.0,0.9219858156028371,300.0,2200.0,1.4,40508.66666666666,11440.0,11433.9,0.4,463384.0,454916.0,2.5909860430323435,200.0,2199.9325,1.185,6872.0,5160.0,1438.4,0.2,294692.0,288608.0,1.7609695682944093,100.0,2199.865,1.29,1257.0,1480.0,143.7,0.0,23828.0,20360.0,0.9148936170212768,5.1345074586012265,5.159626730905985,5.162220383418802,5.1487015732411106,5.147323921865049,5.145749672844231,5.114616123138738,5.055833344285245,5.1153356883169785,5.0947786577505365,5.016702973845997,5.021394450994113,4.55349301229401
300.0,2200.0,1.3233333333333333,42697.0,18160.0,12768.2,0.4,463384.0,454920.0,2.190065489291654,193.8,2200.0,1.12,11795.0,2200.0,2872.9,0.2,294696.0,289180.0,1.3004850158995278,100.0,2200.0,1.36,764.0,1400.0,97.8,0.0,23828.0,20360.0,1.0625,293.8,2199.91,1.3233333333333333,42394.66666666666,15640.0,12913.7,0.4,463384.0,454916.0,2.185471777572585,200.0,2199.865,1.14,10389.5,2720.0,3230.4,0.2,294700.0,288656.0,1.3250248932001414,100.0,2200.0,1.35,809.0,2040.0,43.3,0.0,23832.0,20364.0,1.0546875,300.0,2199.91,1.3166666666666669,42822.333333333336,19760.0,14459.7,0.4,463380.0,454916.0,2.1693427453145206,200.0,2199.865,1.105,6982.0,3680.0,2579.7,0.2,294708.0,289208.0,1.2973693508495812,93.8,2199.865,1.3,782.0,2040.0,68.3,0.0,23828.0,20360.0,1.015625,293.8,2199.91,1.3166666666666669,42922.66666666666,14800.0,14792.8,0.4,463384.0,454916.0,2.173936457033589,200.0,2200.0,1.12,6815.0,5240.0,1570.7,0.2,294708.0,289208.0,1.3139755243632159,100.0,2199.865,1.3,815.0,2120.0,62.3,0.0,23828.0,20360.0,1.015625,5.146302133421625,5.263174424688851,5.243359103363452,5.272417035557224,5.235637008555483,5.219157499555536,5.293069343199238,5.379801025628046,5.401398840527708,5.475986800325707,5.415368428047234,5.294975477439236,5.1427646986472455
293.8,2199.91,1.2966666666666666,45929.0,16400.0,12711.2,0.4,463320.0,454940.0,2.1381929046563197,200.0,2200.0,1.045,8636.5,2560.0,4671.3,0.2,292376.0,286528.0,2.2552334943639294,100.0,2199.865,1.26,1644.0,840.0,249.5,0.0,23828.0,20360.0,0.875,300.0,2199.91,1.2966666666666666,44567.0,14520.0,12197.9,0.4,463320.0,454936.0,2.1334127624038928,200.0,2199.9325,1.07,10249.0,2720.0,4039.4,0.2,292380.0,286528.0,2.3016639828234027,100.0,2200.0,1.27,1300.0,1720.0,147.0,0.0,23832.0,20364.0,0.8819444444444445,300.0,2199.91,1.2933333333333332,45615.66666666666,16480.0,13978.0,0.4,463316.0,454936.0,2.120912762403893,200.0,2200.0,1.485,7276.5,4280.0,1815.7,0.2,305780.0,300660.0,3.965915190552872,100.0,2200.0,1.4,323.0,1480.0,59.0,0.0,23828.0,20360.0,0.9722222222222222,300.0,2199.865,1.2966666666666666,47225.0,12760.0,14969.6,0.4,463320.0,454936.0,2.1196169407089585,200.0,2200.0,1.64,6115.5,5280.0,1439.1,0.2,305780.0,299720.0,4.639828234031132,93.8,2200.0,1.4,352.0,1480.0,59.8,0.0,23828.0,20360.0,0.9722222222222222,4.498495442582656,4.4425414672602885,4.468215369120765,4.458026116089519,4.4615224695806495,4.537526009561182,4.4259064831906185,4.417000799240749,4.439974238095564,4.439035800074876,4.142350167453107,4.092348639242335,4.3447645059112325
300.0,2199.955,1.02,4763.0,15360.0,1379.7,0.8,1046188.0,1030620.0,2.7878509341772104,200.0,2200.0,1.49,46213.0,2640.0,10159.1,0.7,895680.0,876836.0,1.894043297028372,100.0,2200.0,2.28,29.0,160.0,0.7,0.0,15204.0,996.0,1.0,293.8,2199.865,1.0066666666666666,5049.666666666667,17280.0,1354.0,0.8,1045792.0,1030348.0,2.7562082306789657,193.8,2200.0,1.515,49928.5,2480.0,10065.7,0.7,895680.0,876848.0,1.922952803549819,100.0,2199.865,2.29,5.0,320.0,0.8,0.0,15204.0,996.0,1.0043859649122808,300.0,2199.865,1.01,7378.0,15000.0,1666.6999999999996,0.8,1043776.0,1027936.0,2.7644726934888832,200.0,2200.0,1.54,44652.0,3800.0,10260.9,0.7,895680.0,876852.0,1.967997848594864,100.0,2200.0,2.28,11.0,200.0,0.5,0.0,15204.0,996.0,1.0,300.0,2199.91,0.9866666666666668,11308.666666666664,16400.0,2296.9,0.8,1041884.0,1026100.0,2.7151123402680057,200.0,2199.9325,1.48,45084.0,4640.0,10343.7,0.7,895680.0,876776.0,1.9123302406884501,100.0,2199.865,2.27,6.0,360.0,2.3,0.0,15204.0,996.0,0.9956140350877194,5.53517122624574,5.478809459143418,5.4654183145526485,5.409717284831131,5.379052918796115,5.352689169141417,5.311656394591656,5.286118459962811,5.454096388415705,5.19741804047858,5.182663883756801,5.009052254029113,4.7116902636559495
300.0,2199.955,0.8533333333333334,14815.666666666664,16440.0,3752.3,0.8,1064016.0,1048572.0,2.180359204546879,200.0,2199.865,1.44,46074.0,2360.0,10054.4,0.7,895100.0,876272.0,1.8272117672507031,100.0,2199.865,2.26,61.0,240.0,0.9,0.0,15204.0,996.0,1.0,300.0,2199.91,0.8733333333333334,14968.666666666664,18000.0,3857.8,0.8,1063832.0,1048300.0,2.2206276609227182,200.0,2199.9325,1.42,45418.5,2720.0,9224.5,0.7,895100.0,876284.0,1.7924291585550511,100.0,2199.865,2.26,8.0,480.0,1.8,0.0,15204.0,996.0,1.0,300.0,2199.865,0.8533333333333334,15340.666666666664,16800.0,3853.7,0.8,1062788.0,1046944.0,2.15954812535949,200.0,2200.0,1.44,45760.5,3680.0,10115.1,0.7,895100.0,876288.0,1.8234912394549,100.0,2199.865,2.26,13.0,320.0,1.6,0.0,15204.0,996.0,1.0,300.0,2199.91,0.8166666666666668,16723.666666666668,16360.0,4647.4,0.8,1061668.0,1045900.0,2.079775803551657,200.0,2200.0,1.4700000000000002,43875.5,4920.0,9690.2,0.7,895100.0,876212.0,1.8682240969067707,100.0,2200.0,2.26,7.0,600.0,2.0,0.0,15204.0,996.0,1.0,4.984792771456254,4.934420933396466,4.870206519567917,4.895586374181518,4.977435328954684,5.0383883591354905,4.806872997887531,4.790228582162219,4.705464227743842,4.846834479657608,4.902442515428124,4.8488562226315945,4.519315655003863
300.0,2199.91,1.71,33260.666666666664,16320.0,9075.1,0.6,741296.0,727256.0,2.659379769574672,193.3,2200.0,1.505,19298.0,2640.0,12626.0,0.6,1246600.0,784660.0,2.1102556791179543,100.0,2200.0,2.08,5810.0,1200.0,572.1,0.0,28804.0,25856.0,0.912280701754386,300.0,2199.955,1.6833333333333331,35020.666666666664,18240.0,9084.4,0.6,747344.0,733692.0,2.5205392669475533,200.0,2199.9325,1.29,18502.0,2880.0,11946.5,0.8,1246600.0,1016468.0,1.7670373538637012,100.0,2200.0,2.21,3224.0,2400.0,429.8,0.0,28804.0,25852.0,0.9692982456140352,300.0,2199.865,1.663333333333333,34771.333333333336,18000.0,8904.0,0.6,738516.0,724668.0,2.5584201142671907,200.0,2199.9325,1.365,17833.5,5520.0,11628.4,0.8,1246600.0,1016272.0,1.8763425529892597,100.0,2200.0,2.21,3277.0,2200.0,257.8,0.0,28804.0,25852.0,0.9692982456140352,300.0,2199.91,1.6333333333333335,36250.0,16800.0,9349.000000000002,0.6,736308.0,722856.0,2.4894046220133177,200.0,2199.9325,1.345,18510.5,5240.0,10322.7,0.8,1246600.0,1018316.0,1.8348541013211672,100.0,2199.865,2.21,3217.0,2360.0,309.3,0.0,28804.0,25856.0,0.9692982456140352,5.259167959837144,5.833601665653963,5.73506322848074,5.170405184922325,5.233058605158101,5.217133049339315,5.6542301505821575,5.7019648951173565,5.096064253334614,5.180914512809477,5.586911285327238,5.538707531083771,4.740899834182216
300.0,2199.865,1.7733333333333332,34716.666666666664,18600.0,9341.7,0.6,758552.0,744540.0,2.5476086321548332,200.0,2199.9325,1.16,18520.0,2400.0,16838.0,0.8,1246600.0,1018580.0,1.561142857142857,100.0,2200.0,2.08,5798.0,1240.0,537.8,0.0,30080.0,27120.0,0.920353982300885,293.8,2199.955,1.9266666666666663,32022.33333333333,18680.0,9501.7,0.7999999999999999,917972.0,904220.0,2.7957941712266967,200.0,2200.0,1.15,23380.0,2280.0,12755.2,0.8,1246600.0,1016468.0,1.5471904761904758,100.0,2200.0,2.19,3312.0,2360.0,440.8,0.0,30080.0,27116.0,0.9690265486725664,300.0,2199.955,1.5266666666666666,39408.333333333336,15120.0,9573.4,0.6,750792.0,736732.0,2.1451739472592437,200.0,2199.9325,1.25,23463.5,3160.0,12375.8,0.8,1246600.0,1016536.0,1.694904761904762,100.0,2200.0,2.19,3323.0,2120.0,238.2,0.0,30080.0,27116.0,0.9690265486725664,293.8,2199.955,1.5066666666666666,40879.0,15520.0,10439.7,0.6,746868.0,733696.0,2.108792089940708,200.0,2199.9325,1.3,23090.0,5680.0,9933.7,0.8,1246600.0,1018580.0,1.7646666666666668,100.0,2199.865,2.19,3235.0,2520.0,326.1,0.0,30080.0,27120.0,0.9690265486725664,5.0106503686236525,4.987657476300754,4.903997593051795,4.987843379817883,5.0691099127981465,5.074626002859916,4.964952818256493,4.942810639317705,5.006250148670082,5.064511647131166,4.937749211577082,4.891378343128242,4.6017186634427025
300.0,2199.91,1.8966666666666665,32118.66666666667,19720.0,9136.6,0.7999999999999999,919220.0,905408.0,2.7464162135442405,200.0,2199.9325,1.16,19612.5,2400.0,16313.2,0.8,1246600.0,1018580.0,1.586727666273121,100.0,2199.865,2.07,5878.0,1120.0,553.0,0.0,29984.0,27204.0,0.915929203539823,300.0,2199.865,2.35,35650.0,15520.0,10392.2,0.6,795252.0,717056.0,2.8909311845237418,200.0,2199.9325,1.135,21384.5,2440.0,12160.6,0.8,1246600.0,1016468.0,1.5477174340810704,100.0,2200.0,2.19,3345.0,2320.0,446.6,0.0,29984.0,27200.0,0.9690265486725664,300.0,2199.91,1.9266666666666663,31397.33333333333,16280.0,8374.9,0.7999999999999999,916024.0,902212.0,2.800861767989796,187.6,2199.865,1.27,22844.0,3720.0,12221.1,0.8999999999999999,1246600.0,1224708.0,1.7546733569460844,100.0,2199.865,2.19,3346.0,2240.0,232.0,0.0,29984.0,27200.0,0.9690265486725664,300.0,2199.91,1.5266666666666666,38568.66666666666,16120.0,10193.4,0.7999999999999999,906780.0,893720.0,2.140522107650135,200.0,2200.0,1.33,21330.5,2880.0,9758.3,0.8999999999999999,1246600.0,1224632.0,1.8445985832349467,100.0,2199.865,2.19,3287.0,2480.0,336.8,0.0,29984.0,27204.0,0.9690265486725664,5.002013104425715,4.952913154323092,4.923440440806759,4.629955087584063,5.041716805440004,5.042580995693512,4.995684931278778,4.983590231062125,4.388659929558727,4.980427922118292,4.9866435119146715,4.952223026616959,4.6971315874992365
293.8,2199.955,2.33,35494.666666666664,14840.0,10119.8,0.6,796484.0,719776.0,2.8616019043496053,200.0,2199.9325,1.1949999999999998,22493.0,2840.0,12972.1,0.8999999999999999,1246600.0,1224632.0,1.5840149036713922,100.0,2199.865,2.07,5875.0,1400.0,576.1,0.0,29984.0,27204.0,0.9118942731277532,293.3,2199.91,1.6833333333333331,39463.333333333336,17840.0,10650.5,0.6,797940.0,740692.0,2.395367360718548,200.0,2200.0,1.16,17927.0,2440.0,13185.8,0.8999999999999999,1246600.0,1224700.0,1.528898582333697,100.0,2200.0,2.19,3280.0,2320.0,423.7,0.0,29984.0,27200.0,0.9647577092511012,300.0,2199.91,2.356666666666667,35393.0,18360.0,9419.7,0.6,793716.0,715584.0,2.898713285691057,200.0,2200.0,1.22,20311.0,4120.0,11429.8,0.8999999999999999,1246600.0,1224708.0,1.6154580152671754,100.0,2200.0,2.19,3308.0,2120.0,260.2,0.0,29984.0,27200.0,0.9647577092511012,300.0,2199.865,2.1833333333333336,33010.666666666664,15240.0,9154.9,0.6,790216.0,709324.0,2.7135858163889885,200.0,2200.0,1.265,24239.0,6480.0,10444.6,0.8999999999999999,1246600.0,1224632.0,1.6757542711741185,100.0,2199.865,2.2,3259.0,2440.0,332.7,0.0,29984.0,27204.0,0.9691629955947136,5.450349418841999,4.7456187287983935,4.832583552679108,5.21737896108231,4.642849035857691,5.127107185761092,4.483683346603387,4.447145002379181,5.578029421135233,4.484157071407346,4.7867026044557015,4.4052857111724135,4.272229051080114
293.8,2199.955,1.7033333333333331,39139.333333333336,19560.0,10714.2,0.6,799216.0,742896.0,2.4267221751146284,200.0,2199.9325,1.13,19609.0,2240.0,15357.6,0.8999999999999999,1246600.0,1224632.0,1.5150175838798594,100.0,2200.0,2.07,5839.0,1360.0,572.0,0.0,29984.0,27204.0,0.9118942731277532,300.0,2199.955,1.5566666666666666,44055.33333333334,19040.0,11942.1,0.6,800380.0,761500.0,2.2647630080669936,200.0,2200.0,1.17,21289.0,2280.0,13021.0,0.8999999999999999,1246600.0,1224700.0,1.578509647371923,100.0,2200.0,2.2,3283.0,2320.0,444.6,0.0,29984.0,27200.0,0.9691629955947136,300.0,2199.955,1.6866666666666668,39378.0,16480.0,9973.2,0.6,796768.0,738968.0,2.402263912442686,200.0,2200.0,1.21,22327.0,3920.0,11980.0,0.8999999999999999,1246600.0,1224708.0,1.6342077749263375,100.0,2200.0,2.2,3282.0,2320.0,248.9,0.0,29984.0,27200.0,0.9691629955947136,300.0,2199.91,1.7166666666666668,38516.333333333336,16680.0,10489.6,0.6,794012.0,735808.0,2.4365633440110543,200.0,2199.9325,1.265,23958.0,4960.0,10585.8,0.8999999999999999,1246600.0,1224632.0,1.7117669423058646,100.0,2200.0,2.2,3216.0,2280.0,320.4,0.0,29984.0,27204.0,0.9691629955947136,5.3594393965466125,5.454727578964942,4.868312980140965,4.730184525265011,5.396518642332459,4.839257605091701,5.42461795617124,5.526857802501347,4.777471979513595,5.62176572391796,5.673932599623518,5.715086971208218,4.591430880086311
300.0,2199.865,1.5766666666666669,43524.66666666666,19040.0,11118.2,0.7,803536.0,784128.0,2.3339679291890585,200.0,2199.9325,1.145,18680.5,2200.0,16144.0,0.8999999999999999,1246600.0,1224632.0,1.5315667876844734,100.0,2200.0,2.09,5645.0,1280.0,584.1,0.0,29984.0,27204.0,0.920704845814978,300.0,2199.91,1.5433333333333332,45337.66666666666,19880.0,11335.1,0.7,804300.0,788164.0,2.249402637762981,200.0,2199.9325,1.18,24854.0,2320.0,12596.8,0.8999999999999999,1246600.0,1224700.0,1.5885708897166295,100.0,2199.865,2.19,3227.0,2360.0,470.5,0.0,29984.0,27200.0,0.9647577092511012,300.0,2199.91,1.5599999999999998,44589.33333333334,16960.0,10731.4,0.7,801324.0,780584.0,2.2961023092758106,200.0,2200.0,1.265,16530.5,3360.0,11013.6,0.8999999999999999,1246600.0,1224848.0,1.7129991984534867,100.0,2200.0,2.19,3241.0,2360.0,265.0,0.0,29984.0,27200.0,0.9647577092511012,293.8,2199.91,1.5599999999999998,44283.0,14800.0,11340.0,0.7,799216.0,777952.0,2.2961023092758106,200.0,2199.865,1.255,22171.5,4840.0,9924.3,0.8999999999999999,1246600.0,1224848.0,1.6897071997736808,100.0,2199.865,2.19,3219.0,2400.0,299.5,0.0,29984.0,27204.0,0.9647577092511012,5.1148488544413295,5.1494042154666175,5.151441693754006,5.058519311685154,5.364514872965597,5.350076363563996,4.731379022141046,4.698934650633113,5.1449416379927255,4.733813131111775,4.656741694064942,4.642255544191197,5.004676427396491
300.0,2199.865,1.4633333333333336,46093.33333333334,20320.0,12029.3,0.7,810164.0,796192.0,2.223800154697626,200.0,2200.0,1.13,20681.0,2880.0,13912.2,0.8999999999999999,1246600.0,1224848.0,1.5277187560363146,100.0,2200.0,2.08,5727.0,1240.0,551.4,0.0,29984.0,27204.0,0.9162995594713657,293.8,2199.865,1.46,47174.66666666666,17760.0,11444.5,0.7,810480.0,796784.0,2.2002087666994585,200.0,2200.0,1.215,19072.5,2240.0,12635.2,0.8999999999999999,1246600.0,1224848.0,1.6627390380529263,100.0,2200.0,2.2,3197.0,2320.0,397.9,0.0,29984.0,27204.0,0.9691629955947136,287.6,2200.0,1.4466666666666663,47247.66666666666,18240.0,11617.6,0.7,808088.0,794580.0,2.18664944466556,200.0,2199.9325,1.27,19501.5,3680.0,11368.4,0.8999999999999999,1246600.0,1224848.0,1.7389897624106627,100.0,2199.865,2.2,3236.0,2240.0,239.6,0.0,29984.0,27204.0,0.9691629955947136,300.0,2199.955,1.4399999999999995,48144.0,14760.0,12660.3,0.7,806136.0,792948.0,2.171695966597328,193.8,2199.9325,1.255,22387.0,6200.0,9770.5,0.8999999999999999,1246600.0,1224848.0,1.7085667374927564,100.0,2200.0,2.2,3181.0,2480.0,295.0,0.0,29984.0,27208.0,0.9691629955947136,5.031186365470012,4.965294313737856,4.980891389742099,5.061491448495636,4.9480319407714415,5.009830029123712,5.00604490944283,4.961625885329798,5.0408843581902785,4.9619168359805235,4.957944970568732,4.9250643454341505,4.755136779462423
300.0,2199.955,1.586666666666667,38310.66666666666,20080.0,10196.6,0.7,822528.0,808608.0,2.4721580207801828,200.0,2200.0,1.165,23701.5,2880.0,15089.1,0.8999999999999999,1246600.0,1224848.0,1.5705731394354148,100.0,2200.0,2.02,5541.0,1160.0,557.0,0.0,29984.0,27208.0,0.8859649122807018,300.0,2199.91,1.61,35663.333333333336,17120.0,11310.6,0.7,823728.0,810256.0,2.527300100368016,200.0,2199.9325,1.14,23061.5,2200.0,12715.6,0.8999999999999999,1246600.0,1224848.0,1.5328390837372874,100.0,2199.865,2.2,3197.0,2360.0,434.8,0.0,29984.0,27204.0,0.9649122807017544,300.0,2199.865,1.4366666666666663,47334.66666666666,17480.0,11147.5,0.7,812040.0,798452.0,2.1736281518073497,200.0,2199.9325,1.235,22255.5,3280.0,12121.1,0.8999999999999999,1246600.0,1224848.0,1.671941830624465,100.0,2200.0,2.2,3260.0,2440.0,264.5,0.0,29984.0,27204.0,0.9649122807017544,300.0,2199.955,1.4566666666666668,48464.33333333334,17880.0,12257.5,0.7,810164.0,796908.0,2.210669519344707,200.0,2199.9325,1.275,19091.0,4600.0,8887.6,0.8999999999999999,1246600.0,1224848.0,1.7256914741944682,100.0,2199.865,2.2,3178.0,2360.0,301.2,0.0,29984.0,27208.0,0.9649122807017544,5.027595400027515,4.942756120113804,4.9983087370389265,4.971126338418583,5.002121813392531,4.993500092975305,5.121446256778649,5.099668280455218,4.947629201963343,5.0754038176453005,4.8878499645193365,4.923151623490257,4.828521121014965
300.0,2199.91,1.413333333333333,44568.0,21200.0,10659.5,0.7,843276.0,829464.0,2.1344438479056134,193.8,2200.0,1.145,18573.5,2840.0,15336.8,0.8999999999999999,1246600.0,1224848.0,1.5357142857142856,100.0,2200.0,2.08,5739.0,1280.0,563.6,0.0,29984.0,27208.0,0.9162995594713657,300.0,2199.865,1.3866666666666667,46586.66666666666,19680.0,11786.5,0.7,843276.0,829792.0,2.1215762465930075,193.8,2200.0,1.14,17733.0,2000.0,12289.1,0.8999999999999999,1246600.0,1224848.0,1.5238095238095235,100.0,2199.865,2.2,3210.0,2320.0,430.9,0.0,29984.0,27204.0,0.9691629955947136,300.0,2199.91,1.403333333333333,44996.0,15960.0,10425.2,0.7,839376.0,825740.0,2.1157419587293007,200.0,2199.865,1.23,22015.0,4600.0,11924.7,0.8999999999999999,1246600.0,1224848.0,1.6607142857142856,100.0,2200.0,2.2,3242.0,2440.0,258.0,0.0,29984.0,27204.0,0.9691629955947136,300.0,2200.0,1.3733333333333333,45206.33333333334,15120.0,11219.3,0.7,835272.0,821996.0,2.0644200432285635,200.0,2199.9325,1.31,17307.0,5440.0,8652.5,0.8999999999999999,1246600.0,1224848.0,1.7738095238095242,100.0,2200.0,2.21,3188.0,2400.0,270.7,0.0,29984.0,27208.0,0.9735682819383259,4.953811556407052,5.123327099427302,5.3490952995074785,5.358049480492876,5.067590682511329,4.977240411158501,5.0099643424131965,5.016957349406203,4.913964529439284,4.964519887877832,4.931897224813861,4.875192193876873,4.7479468779640595
293.8,2199.91,1.4,40088.0,20520.0,10439.2,0.4,462424.0,453840.0,2.599456659591226,200.0,2199.9325,1.265,10922.0,2720.0,1732.6,0.5,687776.0,665540.0,1.7916666666666663,100.0,2200.0,2.2,84.0,400.0,0.6,0.0,6576.0,3760.0,1.0185185185185186,300.0,2199.955,1.4066666666666665,40027.333333333336,18520.0,11652.1,0.4,462424.0,453840.0,2.606353211315364,200.0,2200.0,1.315,4479.0,2440.0,831.5999999999998,0.5,691076.0,668820.0,1.8770833333333332,100.0,2200.0,2.2,18.0,600.0,1.5,0.0,6576.0,3760.0,1.0185185185185186,300.0,2199.955,1.393333333333333,39967.0,17320.0,11297.2,0.4,462420.0,453840.0,2.5831964969896006,200.0,2199.9325,1.375,3034.5,3240.0,612.7,0.5,702800.0,683944.0,1.96875,100.0,2199.865,2.2,16.0,760.0,2.2,0.0,6576.0,3760.0,1.0185185185185186,300.0,2199.955,1.393333333333333,40254.333333333336,16240.0,10788.4,0.4,462420.0,453836.0,2.5831964969896006,200.0,2200.0,1.285,9801.0,4000.0,1470.9,0.5,705400.0,686584.0,1.8166666666666669,100.0,2200.0,2.2,16.0,720.0,3.1,0.0,6576.0,3756.0,1.0185185185185186,5.42714736082757,5.629870804253905,5.4482335730902545,5.6829434316099325,5.533047220771548,5.5301371678614935,5.52118400090733,5.493377737158894,5.504787027805471,5.389087829105277,5.355726009801284,5.23117743330854,5.137151883770748
300.0,2199.955,1.39,40002.333333333336,20400.0,10780.6,0.4,462904.0,454400.0,2.623247405791255,200.0,2199.865,1.26,5175.5,2520.0,1077.1,0.5,762384.0,743808.0,1.6224137213271719,100.0,2200.0,2.1,282.0,880.0,16.7,0.0,6576.0,3760.0,1.0,300.0,2199.865,1.39,40042.66666666666,19920.0,12096.4,0.4,462904.0,454400.0,2.61808692374854,200.0,2200.0,1.26,5217.5,2720.0,845.5,0.5,776040.0,757192.0,1.6224137213271719,100.0,2200.0,2.1,105.0,920.0,3.2,0.0,6576.0,3760.0,1.0,300.0,2199.91,1.3766666666666667,39856.333333333336,19640.0,11513.5,0.4,462900.0,454400.0,2.5939251292132806,200.0,2199.9325,1.345,5392.5,3760.0,1057.1,0.5,784780.0,766008.0,1.7330252695558053,100.0,2199.865,2.07,477.0,1080.0,9.8,0.0,6576.0,3760.0,0.9857142857142857,293.8,2199.91,1.3766666666666667,40074.333333333336,16280.0,10972.1,0.4,462900.0,454396.0,2.5939251292132806,200.0,2199.9325,1.705,4600.5,7440.0,1098.5,0.6,791964.0,773508.0,2.203280462928271,100.0,2200.0,2.1,88.0,1120.0,6.9,0.0,6576.0,3756.0,1.0,5.760972893526432,5.798030069337933,5.694353151655878,5.522955167174729,5.597565444010277,5.5903704091335795,5.536994576041723,5.518794395360931,5.519530994268743,5.5384862342330585,5.406840675401007,5.29351148977138,4.9675510031411365
293.8,2200.0,1.3966666666666665,40011.333333333336,22160.0,10118.0,0.4,462904.0,454400.0,2.6248416963588523,193.8,2199.9325,1.355,10454.5,2280.0,1888.6,0.6,818912.0,800540.0,1.8166666666666669,100.0,2200.0,2.05,422.0,960.0,49.5,0.0,6576.0,3760.0,0.9951456310679612,300.0,2200.0,1.393333333333333,40301.333333333336,18200.0,11442.1,0.4,462904.0,454400.0,2.6113768643739705,200.0,2200.0,1.355,9343.5,2400.0,1206.5,0.6,819664.0,801216.0,1.8166666666666669,100.0,2200.0,2.05,234.0,920.0,3.8,0.0,6576.0,3760.0,0.9951456310679612,300.0,2199.91,1.393333333333333,40240.333333333336,17280.0,10863.7,0.4,462900.0,454400.0,2.6113768643739705,200.0,2200.0,1.375,4601.5,4160.0,1024.2,0.6,833324.0,815072.0,1.8409090909090908,100.0,2199.865,2.03,684.0,1080.0,8.9,0.0,6576.0,3760.0,0.9854368932038834,293.8,2199.91,1.393333333333333,40738.333333333336,12760.0,10425.0,0.4,462900.0,454396.0,2.606386608660276,200.0,2200.0,1.41,2153.0,4640.0,437.4,0.6,842020.0,823864.0,1.8924242424242423,100.0,2200.0,2.06,149.0,1160.0,5.7,0.0,6576.0,3756.0,1.0,5.5151686033646,5.570040184448569,5.536405657134154,5.545806976565093,5.56295259331638,5.543595256885873,5.5364305896915855,5.476362122514348,5.482586539820933,5.468830005601399,5.330252956113759,5.206828312226113,4.941178682807866
300.0,2199.91,1.3833333333333335,40100.0,18800.0,10722.4,0.4,463384.0,454916.0,2.5582245523693907,200.0,2200.0,1.27,12836.0,2360.0,2070.0,0.7,1014356.0,995680.0,1.6738685871788035,100.0,2200.0,2.06,453.0,720.0,41.8,0.0,6576.0,3760.0,0.995169082125604,293.8,2199.91,1.3866666666666667,41390.333333333336,17840.0,11955.4,0.4,463384.0,454916.0,2.5567397505764218,200.0,2200.0,1.3,13684.5,2760.0,2259.2,0.7,1016304.0,997388.0,1.7173468480483685,100.0,2199.865,2.07,193.0,1080.0,5.2,0.0,6576.0,3760.0,1.0,300.0,2199.91,1.38,40015.0,16320.0,11461.3,0.4,463380.0,454916.0,2.549960089559473,200.0,2200.0,1.215,18461.5,3800.0,2977.3,0.7,1041220.0,1022132.0,1.5874899973326222,100.0,2200.0,2.03,621.0,1120.0,10.0,0.0,6576.0,3760.0,0.9806763285024156,300.0,2199.91,1.38,41060.0,15400.0,11064.2,0.4,463380.0,454912.0,2.545085457258031,200.0,2199.9325,1.3050000000000002,15210.5,5440.0,2452.2,0.7,1052068.0,1033108.0,1.7168133724548769,100.0,2200.0,2.07,188.0,1000.0,5.5,0.0,6576.0,3756.0,1.0,4.806159619455579,4.956149935460633,5.187725970908163,5.0581421831588615,5.5277698624722085,5.589507518259009,5.375359535681662,5.137215665229824,5.0721908846981405,5.648523229919642,4.9021338022234335,4.804494006132303,5.195580728905107
300.0,2199.955,1.3033333333333337,44131.33333333334,21320.0,12717.6,0.4,463384.0,454916.0,2.1355015673981192,200.0,2200.0,1.345,14592.0,2480.0,2157.0,0.7999999999999999,1063076.0,1044320.0,1.593661631836678,100.0,2199.865,2.03,559.0,880.0,57.7,0.0,6576.0,3760.0,0.9950980392156862,300.0,2199.955,1.3,44211.66666666666,18160.0,14093.6,0.4,463384.0,454916.0,2.1272371045882017,200.0,2199.865,1.275,16615.0,2680.0,2149.4,0.7999999999999999,1063108.0,1044180.0,1.5148630940064831,100.0,2199.865,2.04,241.0,800.0,5.0,0.0,6576.0,3760.0,1.0,300.0,2199.955,1.2966666666666666,44397.66666666666,15000.0,13529.2,0.4,463380.0,454916.0,2.1189726417782846,200.0,2200.0,1.41,13409.0,5760.0,2460.9,0.7999999999999999,1063704.0,1044808.0,1.6680460721429062,100.0,2200.0,2.01,647.0,1080.0,13.9,0.0,6576.0,3760.0,0.9852941176470588,300.0,2199.865,1.3,45028.0,13800.0,13614.6,0.4,463380.0,454912.0,2.1133691935024226,200.0,2199.865,1.21,11551.5,4880.0,1873.2,0.7999999999999999,1072428.0,1053680.0,1.4457548796468722,100.0,2199.865,2.05,156.0,1000.0,4.8,0.0,6576.0,3756.0,1.0049019607843137,4.612974631577751,4.61003175877989,4.661218655971597,4.7048659216813,4.8155244494099385,4.786483523228441,4.735574539369326,4.677884259292928,4.6680691227482685,4.720751971890555,4.5371285036726,4.688783045790347,4.733539148324058
300.0,2199.865,1.3,44297.33333333334,20680.0,12662.2,0.4,463320.0,454936.0,2.1403455284552844,200.0,2199.9325,1.19,14615.0,2560.0,1948.3,0.7999999999999999,1088684.0,1069720.0,1.6099439110181577,100.0,2199.865,2.03,538.0,1080.0,47.9,0.0,6576.0,3760.0,0.9902439024390244,300.0,2199.865,1.29,44267.33333333334,16120.0,14024.3,0.4,463320.0,454936.0,2.11623112659698,200.0,2200.0,1.2,13928.5,2480.0,2243.9,0.7999999999999999,1088680.0,1070108.0,1.6259625439680576,100.0,2200.0,2.03,252.0,1000.0,4.6,0.0,6576.0,3760.0,0.9902439024390244,300.0,2199.91,1.2833333333333332,44587.0,16520.0,13453.7,0.4,463316.0,454936.0,2.0999709639953545,200.0,2200.0,1.42,3995.5,4520.0,749.6,0.7999999999999999,1100612.0,1082024.0,1.9499477136609944,93.8,2200.0,2.01,653.0,920.0,10.4,0.0,6576.0,3760.0,0.9804878048780488,300.0,2199.91,1.2866666666666668,44783.33333333334,11480.0,13460.4,0.4,463316.0,454932.0,2.0990853658536586,200.0,2200.0,1.51,2208.5,2720.0,489.7,0.7999999999999999,1117676.0,1099376.0,2.0853693316855213,100.0,2200.0,2.04,177.0,1200.0,5.9,0.0,6576.0,3756.0,0.9951219512195124,5.22910394739286,4.982349555224449,4.999243372219944,5.014414831994244,5.029325306467792,5.017672270914293,4.996112751438501,4.943567820014708,4.9608129026167385,4.97412633545256,4.857079739165702,4.798614659668491,4.779018473473144
300.0,2199.955,1.3333333333333333,44914.33333333334,20280.0,12206.1,0.4,463320.0,454936.0,2.1454795221843,200.0,2199.9325,1.31,6646.5,2240.0,1061.0,0.7999999999999999,1089996.0,1071560.0,1.7911937838474217,100.0,2200.0,2.04,497.0,1000.0,48.0,0.0,6576.0,3760.0,0.9951219512195124,300.0,2200.0,1.3266666666666669,44837.66666666666,14880.0,13590.9,0.4,463320.0,454936.0,2.138653583617748,200.0,2200.0,1.285,6511.0,2320.0,949.5,0.7999999999999999,1092232.0,1073532.0,1.7504591476336238,100.0,2200.0,2.03,276.0,1080.0,3.8,0.0,6576.0,3760.0,0.9902439024390244,300.0,2199.955,1.33,45640.0,14000.0,13027.9,0.4,463316.0,454936.0,2.1283924914675767,200.0,2199.9325,1.39,2957.0,5080.0,529.4,0.7999999999999999,1123180.0,1104668.0,1.8986578761478692,100.0,2199.865,2.02,718.0,800.0,7.6,0.0,6576.0,3760.0,0.9853658536585368,300.0,2199.91,1.3333333333333333,45712.33333333334,19600.0,13097.6,0.4,463316.0,454932.0,2.1363924914675767,200.0,2200.0,1.39,2096.0,4880.0,394.8,0.7999999999999999,1143448.0,1125628.0,1.8986578761478692,100.0,2200.0,2.04,168.0,1040.0,5.0,0.0,6576.0,3756.0,0.9951219512195124,4.984155981901845,4.960684851728182,5.004291121880064,5.052429448689993,4.994058899809977,4.994028078100007,4.967086306196844,5.012571121644531,5.000971922302765,4.929282157361282,4.817956674531998,4.712855155153634,4.710661755607061
293.8,2199.91,1.3266666666666669,46116.66666666666,20360.0,13762.9,0.4,463320.0,454936.0,2.141580126471919,193.8,2200.0,1.28,4980.0,2440.0,758.1,0.7999999999999999,1112664.0,1094264.0,1.6075163141756428,100.0,2200.0,2.04,449.0,680.0,46.1,0.0,6576.0,3760.0,0.9951219512195124,300.0,2199.955,1.3333333333333333,44548.0,23000.0,14753.9,0.4,463320.0,454936.0,2.1343708960082988,200.0,2200.0,1.285,4887.5,2600.0,864.0,0.7999999999999999,1115436.0,1096988.0,1.6137274942998665,100.0,2200.0,2.03,251.0,880.0,2.7,0.0,6576.0,3760.0,0.9902439024390244,300.0,2199.91,1.3133333333333332,46591.66666666666,15280.0,14484.4,0.4,463316.0,454936.0,2.0954485007669983,193.3,2200.0,1.38,2762.5,3640.0,465.4,0.7999999999999999,1149300.0,1131332.0,1.7323295856592498,93.8,2200.0,2.01,736.0,1000.0,7.7,0.0,6576.0,3760.0,0.9804878048780488,300.0,2199.955,1.3233333333333333,45888.66666666666,7400.0,14373.9,0.4,463316.0,454932.0,2.110269773652788,200.0,2199.865,1.445,1913.5,5200.0,338.8,0.7999999999999999,1168544.0,1150708.0,1.8134287286736381,100.0,2199.865,2.04,198.0,840.0,5.5,0.0,6576.0,3756.0,0.9951219512195124,4.890180654860441,4.857249510940937,4.906619066140832,4.9287315608923645,4.8487635751899525,4.871545114748042,4.840279626221896,4.791136949754231,4.80762468912947,4.795284948939648,4.693541316267434,4.603176805552102,4.754835847296964
300.0,2199.91,1.336666666666667,44980.0,15960.0,12614.1,0.4,463320.0,454936.0,2.039705062444246,200.0,2200.0,1.365,4625.0,1840.0,741.1,0.7999999999999999,1181096.0,1163508.0,1.7839906590555268,100.0,2200.0,2.03,403.0,1000.0,41.2,0.0,6576.0,3760.0,0.9902439024390244,293.8,2199.865,1.336666666666667,45160.0,16920.0,14066.1,0.4,463320.0,454936.0,2.0352823929527206,200.0,2200.0,1.36,4543.0,2400.0,726.3,0.7999999999999999,1183104.0,1165480.0,1.7759038228680157,100.0,2200.0,2.04,279.0,1040.0,3.6,0.0,6576.0,3760.0,0.9951219512195124,300.0,2199.955,1.3266666666666669,45492.0,14760.0,13326.5,0.4,463316.0,454936.0,2.009131077163248,200.0,2199.9325,1.42,2785.5,3280.0,514.3,0.9,1222904.0,1227816.0,1.8629994810586403,100.0,2199.865,2.0,765.0,920.0,6.1,0.0,6576.0,3760.0,0.9756097560975612,300.0,2199.91,1.33,45512.33333333334,13760.0,13408.1,0.4,463316.0,454932.0,2.016943577163248,200.0,2200.0,1.445,2101.0,4880.0,355.7999999999999,0.9,1244032.0,1227816.0,1.8974658363604917,100.0,2200.0,2.04,202.0,960.0,4.9,0.0,6576.0,3756.0,0.9951219512195124,4.618039092223788,4.641146155616551,4.6795500727859904,4.708803751603042,4.658819869743541,4.657257307841598,4.631875194798483,4.624012877090101,4.634726403208949,4.606039922823367,4.533308158482238,4.495163083768047,4.296497518832075
300.0,2199.91,1.3133333333333337,44064.66666666666,19600.0,13869.8,0.4,463320.0,454936.0,1.7838434522125342,187.5,2199.865,1.365,4418.0,2280.0,879.0,0.9,1226768.0,1227884.0,1.8021084998901824,100.0,2199.865,2.03,405.0,880.0,47.1,0.0,6576.0,3760.0,0.9902439024390244,300.0,2199.91,1.3099999999999998,44252.0,18320.0,15399.9,0.4,463320.0,454936.0,1.774175377754473,200.0,2199.9325,1.37,4358.0,2400.0,681.9,0.9,1229536.0,1227888.0,1.8090050516143203,100.0,2200.0,2.02,322.0,760.0,3.6,0.0,6576.0,3760.0,0.9853658536585368,300.0,2199.955,1.3,44436.0,22000.0,14806.0,0.4,463316.0,454936.0,1.7575868880714989,200.0,2199.9325,1.34,10269.0,3000.0,1957.3,0.9,1269684.0,1227816.0,1.768679991214584,100.0,2199.865,1.98,829.0,960.0,8.4,0.0,6576.0,3760.0,0.9658536585365854,300.0,2199.955,1.2966666666666666,44089.33333333334,14520.0,14698.4,0.4,463316.0,454932.0,1.7541266804590419,200.0,2199.9325,1.4300000000000002,2190.5,4800.0,443.2000000000001,0.9,1290608.0,1227816.0,1.8917636723039757,100.0,2200.0,2.04,185.0,1080.0,4.5,0.0,6576.0,3756.0,0.9951219512195124,4.636999052924239,4.714289015593057,4.623798344653773,4.7212098409018965,4.596822700018545,4.637139979106005,4.588742866545616,4.557249677262512,4.55000951946159,4.547669597827452,4.4769133668296615,4.412349647881094,4.447857263364417
300.0,2199.865,1.5233333333333334,6257.333333333332,13240.0,1408.1,0.30000000000000004,390848.0,365424.0,2.6769147413498366,200.0,2200.0,1.845,48757.0,2640.0,10236.8,0.7,976844.0,972392.0,1.7737056428155904,100.0,2199.865,1.65,5011.0,1120.0,489.5,0.0,32968.0,26728.0,0.9428571428571428,300.0,2199.865,1.5,7087.0,15000.0,1835.5,0.30000000000000004,390336.0,364760.0,2.6410464799587414,200.0,2199.9325,1.85,48880.5,3160.0,10130.8,0.7,976844.0,972396.0,1.7781500872600349,100.0,2199.865,1.78,1809.0,880.0,157.7,0.0,32968.0,26576.0,1.0171428571428571,300.0,2199.955,1.4966666666666668,7034.666666666668,14760.0,1945.3,0.30000000000000004,390148.0,364528.0,2.621704941211921,200.0,2200.0,1.92,47827.5,4720.0,10075.9,0.7,977284.0,972656.0,1.8451192553810356,100.0,2200.0,1.8,1038.0,1160.0,98.0,0.0,32968.0,29208.0,1.0285714285714287,293.3,2199.955,1.4833333333333334,7785.666666666668,15280.0,1973.6,0.30000000000000004,390004.0,364536.0,2.601279777943895,200.0,2200.0,1.95,47138.0,5080.0,9952.4,0.7,976844.0,972396.0,1.875741710296684,100.0,2200.0,1.74,2671.0,960.0,235.3,0.0,32968.0,29080.0,0.9942857142857144,5.5010782078361,5.422920063212001,5.363420831891989,5.1523926856547,5.2017322705870805,5.102698790811289,4.919855899492924,4.952990867579909,4.81898096151097,4.7307866495118445,4.586328732892103,4.4255182606355685,4.2761319489490015
300.0,2199.91,1.6900000000000002,6441.666666666668,20600.0,1337.8,0.30000000000000004,408648.0,383388.0,2.718625278774227,200.0,2199.9325,1.885,49937.5,2560.0,10694.5,0.7,976712.0,972392.0,1.8163816172193137,100.0,2199.865,2.48,257.0,640.0,6.9,0.0,32968.0,26728.0,0.9802371541501976,300.0,2199.865,1.68,6744.0,20560.0,1459.7,0.30000000000000004,408512.0,383124.0,2.7021897889156334,193.3,2200.0,1.885,49664.5,3280.0,10282.0,0.7,977620.0,973184.0,1.8147993019197208,100.0,2200.0,2.53,60.0,1000.0,5.2,0.0,32968.0,26576.0,1.0,300.0,2200.0,1.67,6887.666666666668,15680.0,1690.8,0.30000000000000004,408248.0,382856.0,2.679858204348104,200.0,2200.0,1.93,48731.5,4760.0,10267.1,0.7,976712.0,972396.0,1.8563816172193135,100.0,2200.0,2.44,55.0,760.0,5.5,0.0,32968.0,29208.0,0.9644268774703558,300.0,2200.0,1.653333333333333,7209.0,13240.0,1710.4,0.30000000000000004,408252.0,382864.0,2.656899383596879,200.0,2199.865,1.92,46292.5,4840.0,9644.0,0.7,976712.0,972396.0,1.8435369400814428,93.8,2199.865,2.53,67.0,960.0,4.3,0.0,32968.0,29080.0,1.0,5.5291734214250745,5.5424982993903065,5.510785038905723,5.470821888562452,4.911801755226148,4.879344377224581,4.755235664658313,4.759591009013658,4.7501518225469885,4.712189258222076,4.611901500727092,4.565070099934035,3.6935230573122912
293.8,2199.91,1.6166666666666665,9026.666666666666,19720.0,1896.6,0.30000000000000004,419420.0,394472.0,2.5661735305877653,200.0,2199.865,1.82,47679.5,2240.0,10199.7,0.7,976844.0,972392.0,1.7850637522768669,100.0,2200.0,2.77,12534.0,1320.0,860.9,0.1,121752.0,115568.0,0.9389830508474576,300.0,2199.91,1.596666666666667,9743.0,17640.0,2226.3,0.30000000000000004,419104.0,394208.0,2.5348527255764357,193.3,2200.0,1.83,47740.0,2920.0,9780.8,0.7,977620.0,973184.0,1.7949726775956283,100.0,2199.865,2.88,5782.0,2400.0,347.8,0.0,26220.0,19640.0,0.976271186440678,293.8,2199.91,1.5599999999999998,10490.333333333334,15720.0,2492.600000000001,0.30000000000000004,418808.0,393940.0,2.476276156204185,200.0,2199.9325,1.935,47181.0,3920.0,10161.7,0.7,977620.0,973184.0,1.9025865209471768,100.0,2200.0,2.9,6154.0,2440.0,508.8,0.0,26220.0,22284.0,0.983050847457627,293.8,2199.955,1.5599999999999998,11281.333333333336,11960.0,2432.9,0.30000000000000004,418812.0,393684.0,2.4679461548713846,200.0,2199.9325,1.91,45075.5,6040.0,9489.8,0.7,977620.0,973184.0,1.873224043715847,100.0,2200.0,2.89,6037.0,2480.0,588.8,0.0,26220.0,22156.0,0.9796610169491524,5.254767049865554,5.267274935600148,5.2705491061579135,5.146114803075994,5.203335102870339,5.304083172757262,5.228660406253599,5.25007720011391,5.113742932832891,4.657180278319488,4.628498370896462,4.497690307052802,3.6934198825178015
300.0,2199.955,1.3633333333333333,13550.666666666664,17640.0,2650.0,0.30000000000000004,474328.0,450720.0,2.2705914154594993,200.0,2200.0,1.81,47253.5,2440.0,9984.3,0.7,976844.0,972392.0,1.7645645645645645,100.0,2200.0,2.51,228.0,600.0,5.4,0.0,32920.0,26772.0,0.9920948616600792,300.0,2199.955,1.36,14425.0,21200.0,3031.100000000001,0.30000000000000004,473604.0,449928.0,2.254050308351736,200.0,2200.0,1.82,47372.5,2320.0,9828.6,0.7,977416.0,972656.0,1.7753753753753752,100.0,2199.865,2.53,59.0,640.0,5.0,0.0,32920.0,26608.0,1.0,300.0,2199.955,1.3033333333333337,15772.0,15880.0,3098.4,0.30000000000000004,471852.0,448076.0,2.1660943404865303,193.8,2200.0,1.92,47600.5,4000.0,10088.0,0.7,976712.0,972396.0,1.875795795795796,100.0,2199.865,2.52,63.0,680.0,4.0,0.0,32920.0,29252.0,0.9960474308300395,293.8,2199.865,1.34,16120.333333333336,13000.0,3144.2,0.30000000000000004,470992.0,447292.0,2.1898317889331493,193.3,2199.9325,1.9,44587.5,4320.0,9304.1,0.7,976844.0,972396.0,1.851291291291291,100.0,2199.865,2.53,69.0,680.0,4.4,0.0,32920.0,29124.0,1.0,5.1706304587984935,5.201388355841695,5.2006770807600775,4.997443871255473,5.143265919051696,5.118181966394426,4.939610982419606,4.914993791645299,4.981859443272703,4.776634836883313,4.922362920559452,4.5686376379251135,4.188746998757088
300.0,2200.0,1.3533333333333333,14982.0,15680.0,2941.4,0.30000000000000004,480560.0,457056.0,2.34733629707113,200.0,2199.9325,1.885,49178.0,2880.0,10640.4,0.7,976712.0,972392.0,1.8253968253968251,100.0,2200.0,2.79,12560.0,1440.0,925.7,0.1,121456.0,115540.0,1.55,300.0,2199.865,1.346666666666667,15683.666666666664,18840.0,3256.2,0.30000000000000004,479252.0,455736.0,2.3427839958159,200.0,2200.0,1.86,48065.0,2480.0,9914.3,0.7,976712.0,972396.0,1.798095238095238,100.0,2199.865,1.99,6127.0,1320.0,605.5,0.0,33492.0,27332.0,1.1055555555555556,300.0,2199.955,1.3266666666666669,16389.333333333332,12160.0,3259.5,0.30000000000000004,477640.0,454148.0,2.2911555962343098,186.6,2199.9325,1.885,46434.5,3920.0,9908.5,0.7,976844.0,972396.0,1.8186243386243384,100.0,2199.865,2.3,6914.0,1240.0,674.1,0.0,33492.0,29976.0,1.2777777777777777,300.0,2199.91,1.3033333333333337,16869.333333333332,13880.0,3324.7,0.30000000000000004,476348.0,452836.0,2.2582384937238493,200.0,2199.865,1.93,46159.5,5080.0,9692.9,0.7,976844.0,972396.0,1.8645502645502647,100.0,2200.0,2.06,6405.0,1080.0,639.4,0.0,33492.0,29848.0,1.1444444444444444,4.835299834517047,4.852760481026377,4.847979415375213,4.637433117677915,4.8105175936360265,4.826896050431918,4.6166777856985926,4.648215873613671,4.702786408477962,4.638131210554711,4.814381684561047,4.467501221748468,3.8773530781771575
293.8,2199.91,1.0233333333333332,4889.0,15560.0,1256.6,0.8,1047668.0,1032560.0,2.786699379205234,100.0,2200.0,0.69,8513.0,1240.0,1426.8,0.5,846460.0,664916.0,2.0269328999303458,100.0,2200.0,1.51,5226.0,1480.0,487.3,0.6,833092.0,774184.0,0.9320987654320988,300.0,2199.91,1.0133333333333334,5451.0,19160.0,1424.5,0.8,1052552.0,1037052.0,2.76091646546192,100.0,2199.9325,1.2000000000000002,7561.5,1880.0,998.9,0.5,832620.0,651396.0,1.9521880470117534,100.0,2200.0,1.54,4088.0,2360.0,375.8,0.6,833088.0,773588.0,0.9506172839506172,300.0,2199.91,1.0266666666666666,5084.333333333333,16440.0,1421.8,0.8,1044988.0,1029016.0,2.7921081000706294,100.0,2199.9325,0.83,6328.5,1760.0,693.7,0.5,846416.0,664860.0,2.413745066171349,100.0,2199.865,1.54,4204.0,2320.0,374.2,0.6,833084.0,775436.0,0.9506172839506172,300.0,2199.865,0.9366666666666666,14915.666666666664,14200.0,2954.600000000001,0.8,1037500.0,1021768.0,2.6067120232749126,100.0,2199.9325,0.92,4523.0,2360.0,741.5,0.5,846444.0,664852.0,1.454013822434875,100.0,2200.0,1.55,4205.0,1760.0,358.9,0.6,833092.0,775172.0,0.95679012345679,4.768812729369098,4.782829706797652,4.830712426923978,4.745994948349604,5.338223850148459,4.700935745843888,4.618914089216571,5.132576162681253,4.7229012032557005,4.645236585664357,4.607136470699053,4.473750040482449,3.725202843431558
300.0,2199.91,1.7366666666666664,3873.333333333334,13280.0,1607.3000000000004,0.8,1185760.0,1157144.0,2.685247106810852,100.0,2200.0,1.125,3142.0,760.0,462.5,0.1,279252.0,96836.0,1.6990938166311302,100.0,2200.0,2.15,5262.0,1120.0,677.5,0.0,29984.0,27200.0,0.9513274336283186,300.0,2199.955,1.7666666666666666,3679.0,9360.0,1430.5,0.8,1185616.0,1157656.0,2.7205918389932338,100.0,2200.0,1.16,3048.0,680.0,916.7,0.1,280360.0,98052.0,1.7468017057569298,100.0,2200.0,2.19,3471.0,2240.0,150.5,0.0,29984.0,27204.0,0.9690265486725664,300.0,2199.955,1.7166666666666668,4071.0,6960.0,1563.8,0.8,1185760.0,1157676.0,2.6628782489091254,100.0,2199.9325,1.205,1550.0,640.0,140.7,0.1,280416.0,98108.0,1.7915778251599148,93.8,2199.865,2.2,3485.0,1800.0,693.6,0.0,29984.0,27204.0,0.9734513274336284,293.8,2199.91,1.7666666666666666,4057.666666666666,9680.0,1696.6999999999996,0.8,1185760.0,1157480.0,2.716497106810852,100.0,2200.0,1.17,1287.5,160.0,161.4,0.1,280400.0,98096.0,1.7825159914712154,100.0,2200.0,2.2,3336.0,2200.0,366.1,0.0,29984.0,27204.0,0.9734513274336284,5.8929249250752616,5.783996944008258,6.175446648256591,5.72036215586245,6.052295265182372,5.8413461785025005,5.55718634648887,5.594159386740198,5.629854160602468,5.686626943138102,5.555563123720003,5.4537464120427925,4.552105838535416
300.0,2199.91,1.58,2723.0,12400.0,773.0,0.7000000000000001,1117472.0,1039404.0,3.0307219662058373,100.0,2199.9325,0.8099999999999999,644.5,160.0,95.2,0.1,323776.0,141236.0,1.451863354037267,100.0,2199.865,2.15,5196.0,1480.0,672.9,0.0,29984.0,27200.0,0.947136563876652,293.8,2199.955,1.596666666666667,2514.0,12320.0,637.9000000000002,0.7000000000000001,1117160.0,1036624.0,3.0283395915116342,100.0,2199.865,0.84,1936.0,80.0,362.5,0.1,323656.0,141132.0,1.434782608695652,100.0,2199.865,2.2,3456.0,2200.0,145.4,0.0,29984.0,27204.0,0.9691629955947136,300.0,2199.955,1.5433333333333332,3011.0,14560.0,866.5,0.7000000000000001,1117472.0,1038904.0,2.9702452068043463,100.0,2199.9325,1.02,1794.0,200.0,288.1,0.1,323712.0,141188.0,1.6677018633540373,100.0,2200.0,2.21,3449.0,1880.0,685.9,0.0,29984.0,27204.0,0.9735682819383259,300.0,2199.91,1.5366666666666664,2976.333333333333,11680.0,976.3,0.7000000000000001,1117472.0,1040460.0,2.942915457700404,100.0,2199.865,0.955,1676.5,520.0,309.3,0.1,323696.0,141176.0,1.621894409937888,100.0,2200.0,2.21,3275.0,2160.0,404.3,0.0,29984.0,27204.0,0.9735682819383259,5.625673232539731,5.823089678025613,5.4383945989385545,5.904716748081943,5.734373750987826,5.444927890924825,5.711104350477005,5.390010706659816,5.549336850861311,5.431205783724458,5.581742810823006,5.316376426432719,4.487214521141701
293.8,2199.955,1.3033333333333337,4926.0,17720.0,1341.0,0.8,1117888.0,1089760.0,2.7155377998193817,100.0,2199.9325,1.205,13655.0,40.0,2062.4,0.1,279388.0,97152.0,1.7169871285555378,100.0,2200.0,2.17,4904.0,1600.0,629.8,0.0,29984.0,27200.0,0.9517543859649124,300.0,2199.91,1.35,4802.333333333333,10480.0,1164.1,0.8,1117888.0,1089812.0,2.7618894552356457,100.0,2199.9325,1.23,13538.5,280.0,2018.9,0.1,278088.0,95912.0,1.6768631813125694,100.0,2200.0,2.2,3411.0,2440.0,127.4,0.0,29984.0,27204.0,0.9649122807017544,300.0,2199.865,1.27,5379.666666666667,14880.0,1387.5,0.8,1117888.0,1090300.0,2.6677718081768234,100.0,2199.9325,1.31,694.0,680.0,134.1,0.1,283636.0,101244.0,1.8011282377244562,100.0,2199.865,2.21,3398.0,2440.0,662.6,0.0,29984.0,27204.0,0.9692982456140352,300.0,2199.91,1.3,5306.333333333333,10960.0,1544.5,0.8,1117888.0,1089840.0,2.7030659258238816,93.8,2199.865,1.345,6886.0,880.0,1038.9,0.1,283620.0,101232.0,1.820753217861116,100.0,2200.0,2.21,3256.0,2520.0,374.8,0.0,29984.0,27204.0,0.9692982456140352,5.623707662726962,5.642605884905682,5.486682568782031,5.542720399279909,5.547830509212702,5.504043021573797,5.357704909412862,5.419124615578943,5.429890640294863,5.436638828537589,5.2395590731342025,5.1490090291847785,4.216330176627105
293.8,2199.91,1.32,9565.666666666666,20080.0,2775.600000000001,0.8,1118160.0,1091080.0,2.5484663710273465,200.0,2200.0,2.4,2654.5,1640.0,493.7000000000001,0.1,197220.0,167812.0,2.593037214885954,100.0,2199.865,2.19,4371.0,1760.0,500.0,0.0,29984.0,27204.0,0.9563318777292577,300.0,2200.0,1.2833333333333332,10312.333333333334,16960.0,3034.3,0.8,1118160.0,1091660.0,2.486881005173688,200.0,2200.0,2.475,2512.5,3040.0,499.3,0.1,206292.0,177148.0,2.724089635854342,100.0,2200.0,2.21,3356.0,1720.0,110.7,0.0,29984.0,27208.0,0.9650655021834059,300.0,2199.91,1.2966666666666666,10330.333333333334,14840.0,3110.600000000001,0.8,1118160.0,1091620.0,2.4820718269166155,200.0,2199.865,2.315,2233.0,4440.0,678.5,0.2,263352.0,234176.0,2.440176070428171,93.8,2199.865,2.22,3372.0,2480.0,687.0,0.0,29984.0,27208.0,0.9694323144104804,300.0,2199.91,1.2966666666666666,10589.333333333334,17840.0,3288.5,0.8,1118160.0,1091416.0,2.4905067862662094,200.0,2199.9325,2.5250000000000004,1479.5,6040.0,442.8,0.1,248532.0,219384.0,2.7781112444978,100.0,2200.0,2.22,3188.0,2440.0,346.8,0.0,29984.0,27208.0,0.9694323144104804,5.454619058845808,5.2340918009868,5.358929626047897,5.152582825629574,5.344066961056095,5.25546927435611,5.188800374359833,5.202131035537311,4.2336768801251425,5.146488664539326,4.9687301348315005,4.9035161786417065,4.305390719353912
300.0,2199.955,1.2633333333333334,9904.333333333334,20800.0,2820.8,0.8,1118436.0,1091872.0,2.016945798149479,200.0,2200.0,2.4,4143.5,1560.0,630.5999999999998,0.1,197488.0,169080.0,1.944503117228222,93.8,2199.865,2.19,4401.0,1520.0,545.1,0.0,29984.0,27204.0,0.9605263157894738,300.0,2199.865,1.3099999999999998,9954.666666666666,17640.0,3071.9,0.8,1118436.0,1092452.0,2.0611609549047794,200.0,2199.9325,2.435,3821.5,2520.0,849.2,0.1,197488.0,169076.0,1.9679930501141283,100.0,2200.0,2.21,3317.0,2000.0,118.8,0.0,29984.0,27208.0,0.9692982456140352,300.0,2200.0,1.25,10478.333333333334,17320.0,3066.8,0.8,1118436.0,1092412.0,1.9864902420948616,200.0,2199.9325,2.46,2373.5,4080.0,499.4,0.1,197476.0,169232.0,1.9933737607740265,100.0,2200.0,2.22,3317.0,2480.0,667.9,0.0,29984.0,27208.0,0.973684210526316,293.8,2199.91,1.2433333333333332,10640.333333333334,15960.0,3299.2000000000007,0.8,1118436.0,1092208.0,1.9756206768774704,200.0,2199.9325,2.44,1690.5,4720.0,427.9,0.1,197488.0,169072.0,1.964467005076142,100.0,2200.0,2.22,3122.0,2200.0,327.9,0.0,29984.0,27208.0,0.973684210526316,4.869352648266087,4.974884647558993,4.885300665303445,4.913366303986189,4.966197596970092,4.829385710458269,4.8748578384066334,4.764194216973669,4.881727270238919,4.686343841466673,4.751749011484574,4.675221045266655,4.097203485511435
300.0,2199.91,1.6766666666666667,6092.333333333332,14880.0,1335.0,0.30000000000000004,320928.0,311104.0,2.753514329712583,200.0,2199.9325,1.305,36282.0,2560.0,6886.1,1.0,1373308.0,1354120.0,1.7054512139257898,100.0,2200.0,2.12,5556.0,1240.0,601.3,0.0,30080.0,27120.0,0.9380530973451328,300.0,2199.865,1.67,6287.0,11840.0,1601.6,0.30000000000000004,320932.0,311096.0,2.7408915590853447,200.0,2199.9325,1.305,33842.0,1960.0,6629.1,1.0,1371504.0,1352168.0,1.7085203847915709,100.0,2200.0,2.2,3307.0,2320.0,359.7,0.0,29984.0,27180.0,0.9734513274336284,300.0,2199.91,1.6666666666666667,6525.0,15480.0,1575.1,0.30000000000000004,320800.0,310832.0,2.732488197740807,193.3,2199.9325,1.345,39754.0,3960.0,7108.4,1.0,1388668.0,1369596.0,1.721071919377004,100.0,2199.865,2.2,3307.0,2240.0,424.4,0.0,30080.0,27116.0,0.9734513274336284,300.0,2199.955,1.6733333333333331,6769.0,13240.0,1391.8,0.30000000000000004,320536.0,310572.0,2.7367430642443704,200.0,2200.0,1.455,31371.5,4560.0,6036.200000000002,1.0,1394700.0,1375304.0,1.9105817682088868,100.0,2200.0,2.2,3315.0,2040.0,163.9,0.0,30080.0,27112.0,0.9734513274336284,5.405866551025653,5.545062513710442,5.417837494208278,5.417899972372731,5.569175837447905,4.769899529505546,4.755431426950361,4.664440558313646,4.607765694107403,4.678226371403344,4.59422016823425,4.588165858093993,3.8499911338567103
300.0,2199.955,1.62,7034.333333333332,16120.0,1597.2,0.30000000000000004,325788.0,316116.0,2.662759090423795,200.0,2199.9325,1.305,36282.0,2560.0,6886.1,1.0,1373308.0,1354120.0,1.6083098023396531,100.0,2200.0,2.13,5543.0,1240.0,587.4,0.0,29984.0,27204.0,0.9424778761061948,300.0,2199.955,1.6133333333333333,7215.333333333332,13800.0,1742.1999999999996,0.30000000000000004,325640.0,316108.0,2.648790008658103,200.0,2199.9325,1.305,33842.0,1960.0,6629.1,1.0,1371504.0,1352168.0,1.6103670835014117,93.8,2199.865,2.2,3354.0,2320.0,361.6,0.0,29984.0,27204.0,0.9734513274336284,300.0,2199.955,1.58,7892.0,16080.0,1957.5,0.30000000000000004,325376.0,315584.0,2.592767171839578,193.3,2199.9325,1.345,39754.0,3960.0,7108.4,1.0,1388668.0,1369596.0,1.6330375151270673,100.0,2200.0,2.19,3329.0,2360.0,411.7,0.0,29984.0,27200.0,0.9690265486725664,300.0,2199.955,1.5833333333333333,8381.333333333334,13880.0,1595.2,0.30000000000000004,325084.0,315324.0,2.5913503913291165,200.0,2200.0,1.455,31371.5,4560.0,6036.200000000002,1.0,1394700.0,1375304.0,1.7992739007664382,100.0,2199.865,2.19,3347.0,2080.0,171.3,0.0,29984.0,27196.0,0.9690265486725664,5.296582462991248,5.420600080115705,5.308553406173874,5.307603994634303,5.440665845037078,4.657579772359075,4.638052221283779,4.552120801167176,4.4944340472569095,4.563882834848829,4.480888521383756,4.473822321539478,3.7356475973021945
300.0,2199.955,1.59,10219.0,16800.0,2223.4,0.30000000000000004,340004.0,330636.0,2.582606745200793,200.0,2200.0,1.33,39134.0,1920.0,7125.8,1.1,1475096.0,1456344.0,1.6640316205533596,100.0,2200.0,2.13,5486.0,1200.0,598.2,0.0,29984.0,27204.0,0.9383259911894272,300.0,2199.955,1.5599999999999998,10813.333333333334,15400.0,2455.0,0.30000000000000004,339828.0,330364.0,2.5325043734991564,200.0,2200.0,1.33,40089.5,1800.0,7056.1,1.1,1470052.0,1451380.0,1.6511857707509878,100.0,2200.0,2.2,3293.0,2240.0,362.7,0.0,29984.0,27204.0,0.9691629955947136,300.0,2199.955,1.54,11790.0,17840.0,2852.8,0.30000000000000004,339504.0,329836.0,2.4990732993801816,200.0,2200.0,1.605,35565.5,3720.0,6624.700000000002,1.1,1482240.0,1463464.0,2.046442687747036,100.0,2200.0,2.2,3265.0,2240.0,417.9,0.0,29984.0,27200.0,0.9691629955947136,293.8,2199.91,1.5366666666666664,12553.0,12280.0,2053.2,0.30000000000000004,339004.0,329576.0,2.4831575654938294,200.0,2199.9325,1.46,34649.5,5360.0,6480.7,1.1,1487484.0,1468544.0,1.8310276679841893,100.0,2200.0,2.19,3302.0,2040.0,203.8,0.0,29984.0,27196.0,0.9647577092511012,5.130497957848426,5.200743517319124,5.1630940526826485,5.168814628978796,5.126164449643231,5.063766995974381,5.0873383113516155,5.004348315594485,5.014940870495576,4.98657785802892,4.9344429089035025,4.619859921106781,4.016646007096844
300.0,2199.91,1.51,12575.666666666664,15520.0,2625.2,0.30000000000000004,345796.0,335940.0,2.510340018275381,200.0,2199.9325,1.355,33811.0,2600.0,6214.2,1.1,1522036.0,1501888.0,1.6257847012322717,100.0,2199.865,2.14,5458.0,1240.0,590.6,0.0,29984.0,27204.0,0.9385964912280704,293.8,2199.865,1.4900000000000002,13436.333333333336,17000.0,2921.6,0.30000000000000004,345508.0,335816.0,2.472983696436301,200.0,2200.0,1.33,34193.0,2520.0,6209.5,1.1,1517716.0,1497400.0,1.5990467333178329,100.0,2200.0,2.22,3253.0,2280.0,355.4,0.0,29984.0,27212.0,0.973684210526316,300.0,2199.955,1.47,14206.666666666664,13840.0,3316.3,0.30000000000000004,344904.0,335380.0,2.4369379117972394,200.0,2199.9325,1.47,32548.0,3040.0,5906.0,1.1,1546576.0,1526796.0,1.786755018212819,100.0,2200.0,2.2,3257.0,2360.0,422.9,0.0,29984.0,27208.0,0.9649122807017544,300.0,2199.91,1.4533333333333331,15053.333333333336,14960.0,2350.2,0.30000000000000004,344440.0,334592.0,2.4022026643581973,200.0,2199.865,1.44,29457.0,2000.0,5639.9000000000015,1.1,1574052.0,1554288.0,1.7584670231729054,100.0,2199.865,2.2,3228.0,1880.0,206.2,0.0,29984.0,27204.0,0.9649122807017544,5.244323185822512,5.1367014396506345,5.203925084255208,5.11472017435227,5.170318842134152,4.9659361562928686,5.055171121889743,4.859056995603418,4.739959243148588,4.609809495335785,4.58881816819393,4.524914692668932,3.9944050251348133
300.0,2199.865,1.5033333333333332,8484.0,15600.0,1627.9,0.30000000000000004,377652.0,368140.0,2.5827270044934565,200.0,2200.0,1.36,41038.5,2120.0,7447.0,1.2,1682328.0,1663016.0,1.7673454676518292,100.0,2199.865,2.13,5538.0,1280.0,607.9,0.0,29984.0,27208.0,0.9342105263157896,300.0,2199.91,1.4800000000000002,8896.666666666666,16520.0,2094.7,0.30000000000000004,377116.0,367604.0,2.5380249254820715,200.0,2200.0,1.31,42760.5,3480.0,8000.8,1.2,1682332.0,1663104.0,1.689178230311768,100.0,2200.0,2.22,3255.0,2240.0,352.3,0.0,29984.0,27208.0,0.973684210526316,300.0,2199.955,1.4466666666666663,9880.333333333334,11640.0,2138.3,0.30000000000000004,375968.0,366284.0,2.474327511662981,200.0,2199.9325,1.42,44589.5,3600.0,8672.4,1.2,1694284.0,1675344.0,1.861641737249955,100.0,2200.0,2.21,3268.0,2320.0,397.3,0.0,29984.0,27204.0,0.9692982456140352,300.0,2199.91,1.4233333333333331,10761.0,15840.0,2007.7,0.30000000000000004,374624.0,364948.0,2.4334705394979284,200.0,2199.9325,1.275,42336.0,6440.0,7777.9,1.2,1709196.0,1689788.0,1.6352045413588034,100.0,2200.0,2.21,3238.0,2040.0,182.9,0.0,29984.0,27200.0,0.9692982456140352,5.130182367878117,5.189388728263114,5.229166310543706,5.378707753599988,5.1612657639636765,5.158986764904008,5.17389663934825,5.488232896905153,5.627848588566784,5.44377861285798,5.3585918688805725,5.213124114230125,4.537117584638271
300.0,2199.865,1.4466666666666663,10877.666666666666,17800.0,1958.7,0.30000000000000004,384736.0,375268.0,2.478164970593704,200.0,2199.9325,1.285,44965.5,1400.0,8293.5,1.2,1705788.0,1686604.0,1.619294517637059,100.0,2200.0,2.14,5431.0,1360.0,590.2,0.0,29984.0,27208.0,0.9385964912280704,300.0,2199.91,1.4233333333333331,11478.0,16560.0,2383.600000000001,0.30000000000000004,383956.0,374468.0,2.429084181253174,193.8,2199.9325,1.355,45667.5,3560.0,8597.1,1.2,1695360.0,1676200.0,1.7204844878878027,100.0,2200.0,2.22,3236.0,2320.0,346.2,0.0,29984.0,27208.0,0.973684210526316,293.8,2199.865,1.403333333333333,12645.666666666664,13400.0,2591.8,0.30000000000000004,382796.0,373412.0,2.394766143486303,200.0,2199.9325,1.31,41848.5,3320.0,7786.3,1.2999999999999998,1731052.0,1712184.0,1.6187420314492138,100.0,2199.865,2.21,3220.0,2200.0,405.0,0.0,29984.0,27204.0,0.9692982456140352,293.8,2199.955,1.3966666666666665,13349.0,11920.0,2349.1,0.30000000000000004,381376.0,371832.0,2.3690855856076527,193.8,2199.9325,1.44,39228.0,4720.0,7124.9,1.2999999999999998,1731688.0,1712464.0,1.8425839354016147,100.0,2199.865,2.21,3226.0,1680.0,181.4,0.0,29984.0,27200.0,0.9692982456140352,4.7043556202709835,5.092685574332396,4.9020610792000285,4.931090713602983,4.894591818388222,5.108005487100026,4.854294514718927,4.948835970230464,4.9652606274205535,5.025814752063188,5.003192907972597,4.945495110936804,4.342457786547494
300.0,2199.91,1.376666666666667,13844.666666666664,18400.0,2368.0,0.30000000000000004,396736.0,387148.0,2.39300170524614,200.0,2199.9325,1.0699999999999998,41749.0,2400.0,7269.5,1.2999999999999998,1748892.0,1729872.0,1.194628168541212,100.0,2200.0,2.14,5398.0,1240.0,593.8,0.0,29984.0,27208.0,0.9427312775330396,300.0,2199.865,1.356666666666667,14236.333333333336,17520.0,2872.2,0.30000000000000004,395796.0,386348.0,2.3534614333115016,200.0,2199.9325,1.11,41493.5,1800.0,7529.5,1.2999999999999998,1748876.0,1729960.0,1.2394829612220917,100.0,2199.865,2.22,3227.0,2440.0,346.8,0.0,29984.0,27208.0,0.9779735682819384,300.0,2199.865,1.3433333333333335,15082.666666666664,15880.0,2734.3,0.30000000000000004,394604.0,385028.0,2.3307189176112395,193.8,2199.9325,1.48,34913.0,4000.0,6344.7,1.2999999999999998,1767396.0,1748676.0,1.6910525432264565,100.0,2200.0,2.21,3233.0,1960.0,396.3,0.0,29984.0,27204.0,0.9735682819383259,293.8,2199.91,1.3133333333333332,16190.666666666664,16040.0,2743.6,0.30000000000000004,392968.0,383712.0,2.2707206090895324,200.0,2199.865,1.42,30101.0,4200.0,5880.299999999998,1.2999999999999998,1788120.0,1769296.0,1.6229645794863186,100.0,2199.865,2.22,3214.0,1880.0,182.3,0.0,29984.0,27200.0,0.9779735682819384,4.9698012201068025,4.883042612450437,4.839683185908858,4.841750311501994,4.793597412089851,4.799923632625312,4.834179953385225,4.786719638815352,4.936892254222978,4.7132730193007095,4.705149356610376,4.589762892883659,4.0833310312653035
300.0,2199.955,1.3833333333333335,14291.333333333336,17840.0,2378.6,0.30000000000000004,399348.0,389788.0,2.352643854891102,200.0,2200.0,1.35,35142.0,2440.0,6426.200000000002,1.2999999999999998,1766012.0,1747356.0,1.6782432271154075,100.0,2199.865,2.14,5475.0,1360.0,604.2,0.0,29984.0,27208.0,0.9427312775330396,293.8,2199.865,1.3633333333333333,15314.666666666664,17240.0,3031.1,0.30000000000000004,398232.0,388460.0,2.3089861406718253,200.0,2200.0,1.25,33306.5,2800.0,6244.1,1.2999999999999998,1761372.0,1742692.0,1.549826948323189,100.0,2200.0,2.22,3259.0,2320.0,344.5,0.0,29984.0,27208.0,0.9779735682819384,300.0,2199.955,1.346666666666667,15605.333333333336,16400.0,2754.9,0.30000000000000004,396784.0,387404.0,2.276535713692523,193.3,2199.9325,1.4249999999999998,30584.5,3760.0,5586.3,1.2999999999999998,1809876.0,1791520.0,1.7745554362095717,100.0,2200.0,2.21,3234.0,1960.0,404.1,0.0,29984.0,27204.0,0.9735682819383259,300.0,2199.955,1.3333333333333333,16734.333333333332,13320.0,2849.600000000001,0.30000000000000004,395224.0,385824.0,2.2470623966363656,200.0,2199.9325,1.465,30760.0,4040.0,5931.799999999998,1.2999999999999998,1835548.0,1817344.0,1.8203842940685049,100.0,2200.0,2.21,3237.0,2280.0,188.4,0.0,29984.0,27200.0,0.9735682819383259,5.066730366947768,4.9932339091541245,5.020190026795168,5.023643422188413,4.972058703106794,4.9720498738041465,4.960890699940616,4.9314083679727405,4.900854280548296,4.8985060172264285,5.045713109499925,4.80499385930661,4.421919853162302
300.0,2199.955,1.3233333333333333,14546.666666666664,15560.0,2380.6,0.30000000000000004,402220.0,392692.0,2.301078883375371,200.0,2200.0,1.37,34610.0,2680.0,6348.5999999999985,1.2999999999999998,1786556.0,1767640.0,1.584673839707397,100.0,2199.865,2.14,5448.0,1160.0,599.0,0.0,29984.0,27208.0,0.9427312775330396,300.0,2199.865,1.3033333333333337,15126.666666666664,16400.0,2970.3,0.30000000000000004,401036.0,391364.0,2.255277356657814,200.0,2199.9325,1.295,33016.0,2600.0,6023.7,1.2999999999999998,1780844.0,1762228.0,1.5038883562373495,100.0,2199.865,2.22,3249.0,2160.0,360.3,0.0,29984.0,27208.0,0.9779735682819384,300.0,2199.955,1.28,16413.0,15360.0,3080.1,0.30000000000000004,399604.0,390044.0,2.208638537089847,200.0,2199.9325,1.41,30490.5,4000.0,5506.1,1.2999999999999998,1832336.0,1814488.0,1.6568303682397645,100.0,2200.0,2.21,3240.0,2000.0,398.8,0.0,29984.0,27204.0,0.9735682819383259,300.0,2199.955,1.2733333333333332,17591.333333333332,12320.0,3080.8,0.30000000000000004,397804.0,388200.0,2.1898530000685166,200.0,2200.0,1.475,29461.5,5680.0,5754.3,1.4,1856992.0,1838992.0,1.7284542452327687,100.0,2199.865,2.22,3202.0,2160.0,197.4,0.0,29984.0,27200.0,0.9779735682819384,4.794965929325027,4.853564997731598,4.8275556920608,4.753358418515875,4.7692732374210935,4.813581871296604,4.76345120527577,4.767190861280303,4.659598717992498,4.6502137227108165,4.585036578769,4.594446273479007,4.122553212253045
300.0,2199.91,1.3533333333333335,15076.0,14120.0,2518.8,0.30000000000000004,404608.0,395068.0,2.3812389705882357,200.0,2200.0,1.37,34610.0,2680.0,6348.5999999999985,1.2999999999999998,1786556.0,1767640.0,1.620848812338174,100.0,2200.0,2.14,5412.0,1120.0,601.9,0.0,29984.0,27208.0,0.9427312775330396,300.0,2199.91,1.346666666666667,15304.666666666664,12840.0,2962.4,0.30000000000000004,403404.0,394004.0,2.3616281512605037,200.0,2199.9325,1.295,33016.0,2600.0,6023.7,1.2999999999999998,1780844.0,1762228.0,1.5396825396825395,100.0,2200.0,2.21,3247.0,2280.0,344.2,0.0,29984.0,27208.0,0.9735682819383259,300.0,2199.865,1.3299999999999998,16015.0,18120.0,3047.8,0.30000000000000004,401888.0,392420.0,2.317829831932773,200.0,2199.9325,1.41,30490.5,4000.0,5506.1,1.2999999999999998,1832336.0,1814488.0,1.7010019137678711,100.0,2200.0,2.21,3242.0,2040.0,419.1,0.0,29984.0,27204.0,0.9735682819383259,300.0,2199.955,1.3233333333333337,17013.0,14120.0,2977.1,0.30000000000000004,400172.0,390576.0,2.3058156512605037,200.0,2200.0,1.475,29461.5,5680.0,5754.3,1.4,1856992.0,1838992.0,1.77338736913205,100.0,2199.865,2.21,3250.0,2040.0,182.9,0.0,29984.0,27200.0,0.9735682819383259,4.844468523451353,4.904209959414686,4.8759159186303656,4.80171864508544,4.818775831547421,4.864988411350866,4.813334588587684,4.818978190520153,4.709862890489999,4.701239473579492,4.637204697194437,4.648137548646792,4.1766252766064165
300.0,2199.955,1.3433333333333335,15788.333333333336,17120.0,2694.7,0.30000000000000004,407612.0,397940.0,2.1536728214438767,200.0,2200.0,1.495,33048.0,2280.0,6020.0,1.2999999999999998,1805224.0,1787032.0,1.8393550893550892,100.0,2200.0,2.14,5429.0,1360.0,596.4,0.0,29984.0,27208.0,0.9427312775330396,300.0,2199.91,1.33,15539.666666666664,16400.0,2985.4,0.30000000000000004,406656.0,396876.0,2.1268913997471737,200.0,2200.0,1.325,31607.0,2600.0,5756.8,1.2999999999999998,1800520.0,1782104.0,1.6174048174048172,100.0,2200.0,2.22,3222.0,2240.0,342.9,0.0,29984.0,27208.0,0.9779735682819384,300.0,2199.865,1.3033333333333337,16602.333333333332,13880.0,3210.9,0.30000000000000004,404372.0,395060.0,2.086136544815288,200.0,2199.9325,1.4300000000000002,31661.5,4760.0,5875.2,1.4,1853796.0,1835872.0,1.7484459984459986,100.0,2199.865,2.15,3084.0,2000.0,377.7,0.0,29984.0,27204.0,0.947136563876652,300.0,2199.91,1.2933333333333332,16954.333333333332,15080.0,2945.0,0.30000000000000004,402704.0,393480.0,2.0646005846039945,200.0,2199.865,1.51,30426.5,5040.0,5781.9,1.4,1878684.0,1860884.0,1.8588966588966593,100.0,2200.0,2.21,3211.0,2040.0,184.8,0.0,29984.0,27200.0,0.9735682819383259,4.7582224659841605,4.763391705592759,4.845430198500819,4.791051216063192,4.8537522550534105,4.850665671936493,4.716728312457652,4.735352398534242,4.682683259656279,4.6217520902928815,4.53892007831926,4.5067241171839125,4.031150715898733
293.8,2200.0,1.33,15739.333333333336,16120.0,2663.8,0.30000000000000004,409400.0,399892.0,1.9556698778134571,200.0,2200.0,1.335,32581.0,1960.0,5807.9000000000015,1.2999999999999998,1824876.0,1807096.0,1.6319111630625365,100.0,2199.865,2.15,5387.0,1320.0,591.6,0.0,29984.0,27208.0,0.9429824561403508,300.0,2199.91,1.31,16507.333333333332,16080.0,3289.5,0.30000000000000004,408408.0,398832.0,1.9282332766660373,200.0,2200.0,1.3199999999999998,33214.0,2240.0,6132.9,1.2999999999999998,1818956.0,1801112.0,1.6087278394700952,100.0,2200.0,2.22,3198.0,2280.0,348.2,0.0,29984.0,27208.0,0.973684210526316,300.0,2199.865,1.2866666666666666,16958.333333333332,14320.0,3315.9,0.30000000000000004,406824.0,397404.0,1.9019074286010584,200.0,2200.0,1.435,31902.0,3720.0,5830.1,1.4,1872840.0,1855149.6,1.7611143580751998,100.0,2200.0,2.15,3089.0,1960.0,368.3,0.0,29984.0,27204.0,0.9429824561403508,300.0,2199.955,1.2833333333333334,17979.666666666668,14320.0,3135.7,0.30000000000000004,405148.0,395824.0,1.891436201142976,200.0,2200.0,1.46,28563.5,5080.0,5432.8,1.4,1904244.0,1895700.0,1.8018312877459572,100.0,2200.0,2.22,3208.0,2080.0,166.4,0.0,29984.0,27200.0,0.973684210526316,4.582930371378066,4.520360996354736,4.636926777812102,4.5672563721960975,4.618225485952709,4.532133297299263,4.47262327848687,4.519323840824987,4.500154855958229,4.633683216125385,4.476949050628091,4.3394833613077575,4.046169737419685
300.0,2199.865,1.55,2138.333333333333,14160.0,558.6,0.4,512124.0,500992.0,2.895813856064902,200.0,2200.0,2.545,5373.5,3280.0,358.2999999999999,0.2,299136.0,265892.0,2.101258894362343,100.0,2200.0,2.17,4170.0,2160.0,895.4,0.0,29984.0,27204.0,0.9601769911504424,300.0,2199.865,1.5466666666666669,2193.6666666666665,14680.0,638.5,0.4,512256.0,500988.0,2.8916297556464916,200.0,2199.865,2.38,7331.0,3120.0,809.3,0.2,299132.0,265888.0,1.967911877394636,100.0,2200.0,2.2,3337.0,2240.0,498.4,0.0,29984.0,27200.0,0.9734513274336284,300.0,2199.865,1.5366666666666668,2490.0,14160.0,511.9,0.4,511832.0,500460.0,2.8777670493151666,193.3,2200.0,2.435,4869.0,3760.0,830.2,0.2,298552.0,265892.0,2.016351943076081,100.0,2200.0,2.2,3387.0,2400.0,412.7,0.0,29984.0,27204.0,0.9734513274336284,300.0,2199.91,1.5366666666666664,2650.6666666666665,12640.0,646.9,0.4,512256.0,500984.0,2.876456644239071,200.0,2199.9325,2.425,5614.5,5080.0,868.1999999999998,0.2,298552.0,265892.0,2.0080733442802408,100.0,2200.0,2.2,3387.0,1920.0,259.2,0.0,29984.0,27196.0,0.9734513274336284,5.830503393420192,5.815660562396403,5.8212283526273,5.775394658954222,5.766420067964018,5.7646463263078624,5.774426344737457,5.746242792510485,5.765382413540379,5.140168179170679,5.043682371658325,4.977916587561852,4.460971760570836
300.0,2199.865,1.58,2477.333333333333,15840.0,638.6,0.4,516892.0,505744.0,2.9227248086169246,200.0,2200.0,2.255,3806.5,1720.0,386.1,0.2,299136.0,265892.0,1.8835530445699933,100.0,2200.0,2.16,4546.0,1800.0,936.6,0.0,29984.0,27204.0,0.9515418502202644,300.0,2199.955,1.58,2544.6666666666665,12720.0,685.1,0.4,517028.0,505740.0,2.9227248086169246,200.0,2200.0,2.26,3852.5,2240.0,319.9000000000001,0.2,308188.0,275512.0,1.8876682709074424,100.0,2199.865,2.2,3353.0,2200.0,507.2,0.0,29984.0,27200.0,0.9691629955947136,300.0,2199.955,1.5633333333333332,2938.333333333333,14320.0,612.5,0.4,516712.0,505476.0,2.9006327927489752,193.3,2199.865,2.38,1979.5,1840.0,321.2999999999999,0.2,308188.0,275516.0,1.9875322591895097,100.0,2200.0,2.21,3343.0,2360.0,388.8,0.0,29984.0,27204.0,0.9735682819383259,300.0,2199.91,1.5599999999999998,3285.0,12960.0,864.5,0.4,516892.0,505736.0,2.8951382872544698,200.0,2199.9325,2.37,1862.0,4760.0,306.5,0.2,308188.0,275516.0,1.9794238683127567,100.0,2200.0,2.21,3360.0,2040.0,271.4,0.0,29984.0,27196.0,0.9735682819383259,5.823191952781258,5.8247048338586485,5.780759860914137,5.769389876273415,5.751805600516817,5.730848495177861,5.747377703039482,5.503429718925678,5.5000994139510455,5.154033181859197,5.017224883675043,4.956998487118541,4.3858509297118164
300.0,2199.955,1.4433333333333334,2473.333333333333,16280.0,595.0,0.4,556956.0,545616.0,2.90176521058874,200.0,2199.865,1.71,9225.5,1960.0,1258.4,0.5,766484.0,733316.0,2.450984883188273,93.8,2200.0,2.15,4880.0,1720.0,1010.4,0.0,29984.0,27208.0,0.9513274336283186,293.8,2199.955,1.4533333333333331,2457.333333333333,11720.0,644.2,0.4,556648.0,545348.0,2.9169253286900347,200.0,2199.9325,1.705,8859.5,2360.0,776.7,0.5,766480.0,733312.0,2.43747136967476,100.0,2200.0,2.21,3256.0,2200.0,497.7,0.0,29984.0,27204.0,0.9778761061946905,300.0,2199.91,1.4400000000000002,2772.0,16640.0,498.7,0.4,555728.0,544292.0,2.895008453831984,200.0,2199.9325,1.925,13308.0,4680.0,4952.2,0.2,300640.0,267720.0,2.985684837379753,100.0,2200.0,2.21,3295.0,2400.0,374.6,0.0,29984.0,27208.0,0.9778761061946905,300.0,2199.865,1.46,2747.333333333333,9400.0,627.7,0.4,555580.0,544288.0,2.9202185378655967,193.3,2199.9325,1.59,5860.0,4800.0,1526.2,0.2,302668.0,268584.0,2.0710032065964272,100.0,2199.865,2.22,3317.0,1960.0,253.9,0.0,29984.0,27200.0,0.9823008849557524,5.835264623512711,5.869786540387571,5.872412831398705,5.833430528299463,5.807240757842492,5.631671904556789,5.586155942789582,5.237808859464494,5.265760802578461,5.529092620431436,5.495058214195051,5.296033559288044,4.468418248986572
300.0,2199.91,1.3066666666666666,12798.333333333336,16600.0,3516.8,0.4,568856.0,557496.0,2.4122190648411266,193.3,2199.9325,1.41,12819.5,2160.0,3035.3,0.2,302824.0,269656.0,1.522979139504563,100.0,2200.0,2.15,5111.0,2080.0,1098.5,0.0,29984.0,27208.0,0.9429824561403508,300.0,2199.91,1.29,13517.666666666664,19000.0,3452.9,0.4,568124.0,556964.0,2.377674804098855,200.0,2200.0,1.415,12747.5,2960.0,4414.0,0.2,303412.0,270460.0,1.5325945241199481,100.0,2200.0,2.22,3262.0,2480.0,497.3,0.0,29984.0,27204.0,0.973684210526316,300.0,2199.865,1.2766666666666666,15013.333333333336,15560.0,3528.2,0.4,567432.0,555908.0,2.333902738310514,200.0,2200.0,2.095,3741.0,3520.0,600.9,0.2,299320.0,266404.0,2.877933507170795,100.0,2199.865,2.22,3292.0,2400.0,360.3,0.0,29984.0,27208.0,0.973684210526316,300.0,2199.865,1.2566666666666666,15114.666666666664,11000.0,3076.2,0.4,566880.0,555640.0,2.293086411779902,200.0,2199.9325,1.875,7429.5,5040.0,1762.0,0.2,314616.0,282176.0,2.3634289439374188,100.0,2199.865,2.22,3253.0,1800.0,261.4,0.0,29984.0,27200.0,0.973684210526316,5.630994458078541,5.6872947805939615,5.636342295231326,5.691888080815357,5.571110245122485,5.627948304089391,5.570974686989191,4.6280233521098175,4.519860168732078,5.503251262455598,5.3731095693777755,5.4731612622778,4.290745202008943
300.0,2199.955,2.4033333333333338,32331.66666666667,19600.0,8648.800000000001,0.30000000000000004,386500.0,364332.0,2.7691368779128527,200.0,2199.9325,1.4,54140.5,2600.0,14742.5,0.7999999999999999,1008924.0,992468.0,1.6166269841269842,100.0,2200.0,1.41,1355.0,920.0,595.4,0.0,5476.0,3184.0,0.9929577464788732,300.0,2199.91,2.4,33136.333333333336,6960.0,7911.7,0.30000000000000004,386500.0,364324.0,2.7642912348815987,193.3,2200.0,1.41,55365.5,1640.0,14253.8,0.7999999999999999,1009832.0,993384.0,1.63,93.8,2199.865,1.42,527.0,2000.0,167.5,0.0,5476.0,3188.0,1.0,300.0,2199.955,2.4,33507.0,5120.0,8866.599999999999,0.30000000000000004,386500.0,364336.0,2.767422403624366,200.0,2199.9325,1.505,59599.0,4280.0,13276.0,0.7999999999999999,1009832.0,993384.0,1.7772222222222218,100.0,2199.865,1.42,617.0,1200.0,76.1,0.0,5476.0,3188.0,1.0,300.0,2199.865,2.3833333333333333,33189.0,9200.0,9738.4,0.30000000000000004,386500.0,364328.0,2.7473582810107624,193.3,2200.0,1.535,58890.5,4680.0,13863.7,0.7999999999999999,1008924.0,992396.0,1.8218253968253968,100.0,2200.0,1.42,604.0,1600.0,9.8,0.0,5476.0,3188.0,1.0,5.839517056076903,5.555986266250933,5.580706973130104,5.63325096936617,5.529801940160186,5.632173711755308,6.503515846469417,5.561483009407088,5.479038887951352,5.402049474242737,5.2424258868721365,5.260080008738584,4.634215180194863
300.0,2199.91,2.273333333333333,31689.33333333333,19280.0,9197.3,0.30000000000000004,387320.0,365388.0,2.622660290488089,200.0,2199.865,1.47,60451.5,3360.0,14138.9,0.7999999999999999,1009832.0,993256.0,1.7242911877394635,100.0,2200.0,1.41,1398.0,920.0,620.4,0.0,5476.0,3184.0,1.0,293.8,2199.955,2.263333333333333,31958.66666666667,18760.0,8404.699999999999,0.30000000000000004,387320.0,365380.0,2.6101079892328585,200.0,2199.9325,1.46,61200.0,2800.0,13889.6,0.7999999999999999,1009832.0,993384.0,1.702873563218391,100.0,2199.865,1.42,524.0,2000.0,194.5,0.0,5476.0,3188.0,1.0070921985815602,300.0,2199.91,2.276666666666667,32041.0,16040.0,9244.3,0.30000000000000004,387320.0,365392.0,2.6269681736922816,200.0,2199.9325,1.525,60279.5,5640.0,13567.7,0.7999999999999999,1009832.0,993384.0,1.7857088122605365,100.0,2199.865,1.42,620.0,1040.0,76.8,0.0,5476.0,3188.0,1.0070921985815602,300.0,2199.91,2.26,32515.66666666667,15040.0,10254.9,0.30000000000000004,387320.0,365384.0,2.6057238521410584,200.0,2200.0,1.52,58623.0,4560.0,13805.9,0.7999999999999999,1008924.0,992396.0,1.7603831417624518,100.0,2200.0,1.42,575.0,1600.0,7.5,0.0,5476.0,3188.0,1.0070921985815602,5.435396566157153,5.438143668132233,5.409444051935357,5.388104849515799,5.385807868698954,5.422375028561722,5.395948958100457,5.439108262154867,5.417106474148586,5.361105743302272,5.36338356256275,5.3291807811971506,4.597788514467056
300.0,2199.955,2.306666666666667,33159.333333333336,17080.0,9130.4,0.30000000000000004,390692.0,369084.0,2.640917536247593,200.0,2199.9325,1.4449999999999998,59371.0,2640.0,13805.0,0.7999999999999999,1008924.0,992468.0,1.6770114942528735,100.0,2200.0,1.41,1371.0,960.0,608.0,0.0,5476.0,3184.0,1.0,300.0,2199.955,2.34,33325.333333333336,16160.0,8323.0,0.30000000000000004,390692.0,369076.0,2.6809330261146385,200.0,2199.9325,1.45,60183.0,1600.0,13554.9,0.7999999999999999,1008924.0,992596.0,1.6814559386973182,100.0,2200.0,1.42,510.0,1960.0,183.9,0.0,5476.0,3188.0,1.0070921985815602,293.8,2199.91,2.3266666666666667,33658.666666666664,18200.0,9297.7,0.30000000000000004,390692.0,369088.0,2.665444958124737,200.0,2200.0,1.525,60582.5,4160.0,13729.3,0.7999999999999999,1009832.0,993384.0,1.7857088122605365,100.0,2200.0,1.42,602.0,840.0,72.1,0.0,5476.0,3188.0,1.0070921985815602,293.8,2199.955,2.34,33692.333333333336,16000.0,10292.5,0.30000000000000004,390688.0,369080.0,2.6821297352824898,200.0,2199.9325,1.52,58945.5,4080.0,13758.4,0.7999999999999999,1009056.0,992396.0,1.76455938697318,100.0,2200.0,1.42,563.0,1440.0,6.0,0.0,5476.0,3188.0,1.0070921985815602,5.47246712530387,5.489760601812307,5.507725519728704,5.528987375139796,5.505812674464663,5.482667805540161,5.561865971737057,5.499299615646195,5.4347827708190195,5.402625031533137,5.322871130978197,5.240221787563278,4.4875025088506435
300.0,2199.91,2.3433333333333333,32452.33333333333,11440.0,9466.3,0.30000000000000004,393276.0,371988.0,2.681887659336041,200.0,2199.9325,1.44,59408.5,2080.0,13648.7,0.7999999999999999,1009832.0,993256.0,1.6796135265700485,100.0,2199.865,1.41,1395.0,960.0,609.5,0.0,5476.0,3184.0,1.0,300.0,2199.865,2.3233333333333337,32951.666666666664,10240.0,8697.900000000001,0.30000000000000004,393276.0,371980.0,2.657836671802774,200.0,2199.9325,1.475,61342.5,1960.0,13981.8,0.7999999999999999,1009056.0,992596.0,1.7362318840579711,93.8,2199.865,1.42,520.0,1880.0,292.2,0.0,5476.0,3188.0,1.0070921985815602,300.0,2199.865,2.3466666666666667,33475.666666666664,17120.0,9848.1,0.30000000000000004,393276.0,371992.0,2.6881961058971853,200.0,2199.9325,1.5,59325.5,4840.0,13300.7,0.7999999999999999,1009056.0,992596.0,1.7499516908212558,100.0,2200.0,1.42,610.0,880.0,70.2,0.0,5476.0,3188.0,1.0070921985815602,300.0,2199.955,2.333333333333333,33591.333333333336,16160.0,10921.3,0.30000000000000004,393140.0,371984.0,2.6716671802773497,200.0,2200.0,1.525,58333.0,4400.0,13653.4,0.7999999999999999,1008924.0,992396.0,1.7721739130434782,100.0,2200.0,1.42,588.0,1400.0,6.0,0.0,5476.0,3188.0,1.0070921985815602,5.469823654630629,5.4797061521454715,5.518238554618652,5.4261001382312894,5.4060491506980215,5.42432834242774,5.445300096834901,5.402258590172149,5.414438571806675,5.414017370444898,5.273317479460287,5.197946942848779,4.502335371772201
300.0,2199.91,2.34,31528.33333333333,18120.0,9030.0,0.30000000000000004,394504.0,373572.0,2.7697378692006116,200.0,2199.9325,1.4449999999999998,60228.0,3960.0,14160.7,0.7999999999999999,1009832.0,993256.0,1.7104365079365078,100.0,2199.865,1.41,1402.0,960.0,614.0,0.0,5476.0,3184.0,0.9929577464788732,300.0,2199.91,2.33,31778.0,16080.0,8172.3,0.30000000000000004,394504.0,373564.0,2.7579038257752506,200.0,2199.865,1.4449999999999998,60062.5,3280.0,13383.5,0.7999999999999999,1009056.0,992596.0,1.7059523809523809,100.0,2200.0,1.42,515.0,1840.0,287.4,0.0,5476.0,3188.0,1.0,300.0,2199.91,2.35,32149.66666666667,18400.0,8901.7,0.30000000000000004,394504.0,373576.0,2.783113909808864,200.0,2199.9325,1.5,59952.0,3240.0,13516.4,0.7999999999999999,1008924.0,992596.0,1.7727777777777778,100.0,2199.865,1.42,615.0,840.0,72.0,0.0,5476.0,3188.0,1.0,300.0,2199.91,2.35,32438.0,14800.0,9929.5,0.30000000000000004,394348.0,373568.0,2.783167548285532,200.0,2200.0,1.515,58176.5,8160.0,13540.4,0.7999999999999999,1009056.0,992396.0,1.7861111111111108,100.0,2200.0,1.42,568.0,1440.0,5.9,0.0,5476.0,3188.0,1.0,5.57912464743725,5.6142863526659585,5.6103830160329125,5.589092166359711,5.57414630148894,5.603775346845191,5.602733788879919,5.596778252383809,5.545683187995834,5.487139080160691,5.477741961859991,5.340086743398277,4.486755063969502
300.0,2199.955,2.3000000000000003,32011.0,16040.0,8298.800000000001,0.30000000000000004,396800.0,376212.0,2.6889092304966637,200.0,2199.9325,1.4449999999999998,59477.0,2320.0,13839.4,0.7999999999999999,1009056.0,992468.0,1.6840579710144932,100.0,2200.0,1.41,1406.0,960.0,617.3,0.0,5476.0,3184.0,1.0,300.0,2199.865,2.303333333333333,32627.0,17680.0,7588.700000000002,0.30000000000000004,396800.0,376204.0,2.691796238958585,200.0,2199.9325,1.465,61196.0,2240.0,13807.8,0.7999999999999999,1009056.0,992596.0,1.7145893719806762,100.0,2199.865,1.42,526.0,1880.0,295.1,0.0,5476.0,3188.0,1.0070921985815602,300.0,2199.91,2.286666666666666,32844.0,20080.0,8457.0,0.30000000000000004,396800.0,376216.0,2.6730243564974563,200.0,2199.9325,1.495,60013.0,3600.0,13493.2,0.7999999999999999,1009056.0,992596.0,1.7455072463768115,100.0,2199.865,1.42,630.0,880.0,74.5,0.0,5476.0,3188.0,1.0070921985815602,300.0,2199.91,2.3233333333333337,33016.666666666664,17320.0,9383.8,0.30000000000000004,396796.0,376208.0,2.718414591963284,200.0,2199.9325,1.52,58175.0,5280.0,13596.9,0.7999999999999999,1009832.0,993184.0,1.7677294685990343,100.0,2200.0,1.42,587.0,1440.0,6.0,0.0,5476.0,3188.0,1.0070921985815602,5.54270297603895,5.535520541814054,5.585075199583724,5.558857402221595,5.538786740913113,5.593958604675126,5.540111476167775,5.578708624003931,5.5675339835778175,5.316493565972883,5.386827139403214,5.306664602580155,4.463335921958663
300.0,2199.955,2.35,31604.33333333333,20360.0,8602.699999999999,0.30000000000000004,398716.0,378324.0,2.698507704321658,200.0,2199.9325,1.44,59775.5,2360.0,14014.5,0.7999999999999999,1009056.0,992468.0,1.6867836257309945,100.0,2200.0,1.41,1386.0,960.0,612.7,0.0,5476.0,3184.0,1.0,300.0,2199.91,2.3466666666666667,32066.33333333333,20240.0,7908.7,0.30000000000000004,398580.0,378316.0,2.695946286062565,200.0,2199.9325,1.45,60784.0,2440.0,13686.6,0.7999999999999999,1009832.0,993384.0,1.7000000000000002,100.0,2199.865,1.42,508.0,1880.0,276.3,0.0,5476.0,3188.0,1.0070921985815602,293.8,2199.955,2.34,32627.0,15280.0,8671.8,0.30000000000000004,398716.0,378328.0,2.6881943480780692,200.0,2199.9325,1.5,59887.0,4080.0,13515.7,0.7999999999999999,1008924.0,992596.0,1.7574269005847951,100.0,2200.0,1.42,605.0,880.0,77.9,0.0,5476.0,3188.0,1.0070921985815602,293.8,2199.865,2.353333333333333,32800.666666666664,13560.0,9656.7,0.30000000000000004,398436.0,378056.0,2.70505733005733,200.0,2200.0,1.5099999999999998,58156.5,5120.0,13548.5,0.7999999999999999,1008924.0,992396.0,1.761988304093567,100.0,2199.865,1.42,557.0,1360.0,6.2,0.0,5476.0,3188.0,1.0070921985815602,5.469162838478766,5.416682280839523,5.46790124170686,5.463005563025416,5.391006179489712,5.510105020290324,5.512682665609857,5.432221879743044,5.447904042108688,5.33660262914185,5.315845217467107,5.109873990442889,4.448514362937213
300.0,2199.91,2.3000000000000003,33296.666666666664,22480.0,9947.0,0.30000000000000004,399112.0,378852.0,2.6075123715337627,200.0,2199.9325,1.45,60605.5,3400.0,14105.5,0.7999999999999999,1009832.0,993256.0,1.692753623188406,100.0,2200.0,1.41,1397.0,920.0,623.8,0.0,5476.0,3184.0,1.0,300.0,2199.955,2.3466666666666667,33241.666666666664,19000.0,9042.2,0.30000000000000004,399112.0,378580.0,2.6618171936211534,193.8,2199.9325,1.46,59948.0,3120.0,13424.7,0.7999999999999999,1008924.0,992596.0,1.710144927536232,100.0,2200.0,1.42,537.0,2000.0,305.0,0.0,5476.0,3188.0,1.0070921985815602,300.0,2199.955,2.303333333333333,33167.666666666664,12320.0,9998.3,0.30000000000000004,399112.0,379120.0,2.6143043613941237,200.0,2199.9325,1.51,60355.0,4200.0,13614.7,0.7999999999999999,1009832.0,993384.0,1.7673429951690822,100.0,2200.0,1.42,625.0,920.0,77.0,0.0,5476.0,3188.0,1.0070921985815602,300.0,2199.865,2.306666666666666,33687.666666666664,16120.0,11224.3,0.30000000000000004,399108.0,378584.0,2.6175727058983544,193.8,2199.9325,1.54,59491.0,5560.0,14080.6,0.7999999999999999,1009056.0,992396.0,1.8067632850241544,100.0,2200.0,1.42,583.0,1400.0,6.5,0.0,5476.0,3188.0,1.0070921985815602,5.492825503787608,5.569071153914523,5.522711300665405,5.525902924799979,5.380182977210739,5.530293725074278,5.509539764473799,5.4568010355730525,5.444546875083677,5.366291139600691,5.307753330958717,5.281016437402768,4.52525115216745
300.0,2199.955,2.03,35644.666666666664,20960.0,10635.8,0.30000000000000004,291836.0,267128.0,2.755804531969623,193.8,2199.9325,1.89,13439.5,2480.0,2036.9,0.7999999999999999,1035484.0,938928.0,2.60933014354067,93.8,2199.865,1.41,1342.0,1280.0,286.8,0.0,5332.0,3012.0,1.0,300.0,2199.955,2.0,36835.333333333336,17760.0,9903.1,0.30000000000000004,293628.0,268088.0,2.766756347491142,200.0,2199.9325,1.675,23217.5,2560.0,5403.9000000000015,0.7999999999999999,1035484.0,936472.0,1.7981010621177984,100.0,2200.0,1.41,534.0,1440.0,28.5,0.0,5332.0,3012.0,1.0,287.6,2200.0,1.97,37594.66666666666,18800.0,10807.9,0.30000000000000004,293540.0,268700.0,2.7053176318381627,200.0,2199.865,1.655,14074.0,3640.0,3417.3,0.7999999999999999,1035484.0,937484.0,1.7217251367878983,100.0,2200.0,1.42,639.0,1200.0,4.0,0.0,5332.0,3016.0,1.0070921985815602,300.0,2200.0,2.03,36871.0,15720.0,10868.1,0.30000000000000004,291828.0,266436.0,2.7428935456023416,200.0,2200.0,1.815,11741.5,5280.0,2322.6,0.7999999999999999,1035484.0,937620.0,1.967878982941744,100.0,2200.0,1.42,636.0,1600.0,298.9,0.0,5332.0,3016.0,1.0070921985815602,5.632601940406443,5.254577061461787,5.606899858571863,5.30804457363575,5.618408277518411,5.568082232255658,5.5460900482535935,5.516988353406299,5.467833791772178,5.486040382986269,5.510621749957262,5.427960555023762,4.9941320391946284
293.3,2199.955,2.0,36546.66666666666,18040.0,10560.4,0.30000000000000004,293612.0,268728.0,2.766756347491142,200.0,2200.0,1.185,13487.0,2600.0,6444.8,1.4,1742416.0,1726136.0,2.271031746031746,100.0,2200.0,1.41,1239.0,1200.0,253.4,0.0,5332.0,3012.0,1.0,293.8,2199.955,1.9866666666666664,35759.666666666664,15800.0,9147.7,0.30000000000000004,294508.0,268976.0,2.7192399894950467,193.8,2200.0,1.895,13549.5,2680.0,2487.2,0.7999999999999999,1035484.0,939112.0,2.6019138755980857,100.0,2199.865,1.41,514.0,1760.0,26.8,0.0,5332.0,3012.0,1.0,293.8,2199.955,1.95,36162.0,10520.0,10085.2,0.30000000000000004,294200.0,269324.0,2.659408994234896,193.3,2199.9325,1.675,12773.5,3720.0,2471.8,0.7999999999999999,1035484.0,939332.0,2.1208133971291865,100.0,2200.0,1.42,607.0,1280.0,3.3,0.0,5332.0,3016.0,1.0070921985815602,293.3,2199.91,1.9866666666666664,37320.66666666666,11800.0,10693.9,0.30000000000000004,293564.0,268040.0,2.7388817830312115,200.0,2199.9325,1.6,12363.5,5040.0,2374.600000000001,0.7999999999999999,1035484.0,939468.0,1.9509569377990434,100.0,2200.0,1.42,614.0,1480.0,290.7,0.0,5332.0,3016.0,1.0070921985815602,5.34126706679239,5.149757447638684,5.213021494087157,5.086141465540984,5.410872112915824,5.368641961898111,5.171010356513341,5.30628677309442,5.564354910358336,5.136324800963795,5.0471676291198735,4.940067469650126,4.6247165826210335
300.0,2200.0,2.0,35963.666666666664,10360.0,9885.6,0.30000000000000004,294508.0,269616.0,2.748669482811361,200.0,2199.9325,0.835,51286.0,2560.0,10865.6,1.4,1742416.0,1726136.0,1.6114942528735632,100.0,2200.0,1.41,1421.0,1120.0,298.4,0.0,5476.0,3184.0,0.9929577464788732,300.0,2199.955,1.86,36585.66666666666,17520.0,10098.2,0.30000000000000004,295344.0,269808.0,2.5583948101378944,200.0,2200.0,0.845,52043.5,2760.0,11345.7,1.4,1742416.0,1726252.0,1.6638888888888888,100.0,2199.865,1.41,502.0,1600.0,26.4,0.0,5476.0,3184.0,0.9929577464788732,300.0,2199.955,1.8133333333333328,37377.66666666666,16480.0,11018.4,0.30000000000000004,295280.0,270392.0,2.4746456544714857,200.0,2200.0,1.05,22978.5,4000.0,8708.4,1.4,1742416.0,1726140.0,2.043055555555556,100.0,2200.0,1.42,615.0,1440.0,7.1,0.0,5476.0,3188.0,1.0,293.8,2199.865,1.9566666666666668,35551.333333333336,15240.0,9647.8,0.30000000000000004,294500.0,268668.0,2.6728613436363604,200.0,2199.9325,0.86,50284.0,6000.0,11077.7,1.4,1742416.0,1725952.0,1.6928571428571426,100.0,2199.865,1.42,608.0,1800.0,302.1,0.0,5476.0,3188.0,1.0,5.129487988665073,5.039687947689892,5.153981717173983,4.988559767028737,5.113548329484899,5.090893979313487,5.095330568550248,5.0955494837194975,5.149139899469764,5.022904843696413,5.0736591954709285,4.9962927968221065,4.628847410096659
300.0,2199.91,1.8833333333333333,35762.666666666664,15640.0,10525.7,0.30000000000000004,296832.0,271820.0,2.4343891951018017,200.0,2199.9325,0.825,52724.0,1840.0,10992.7,1.4,1742416.0,1726136.0,1.6363636363636362,100.0,2199.865,1.41,1496.0,1160.0,293.6,0.0,5476.0,3184.0,1.0,293.3,2200.0,1.903333333333333,39148.0,15160.0,10608.7,0.30000000000000004,297336.0,271764.0,2.5044877998016526,200.0,2199.9325,0.83,51578.5,2360.0,11135.0,1.4,1742416.0,1726252.0,1.5944486547934824,100.0,2199.865,1.41,485.0,1520.0,24.1,0.0,5476.0,3184.0,1.0,300.0,2199.91,1.843333333333333,37871.66666666666,15280.0,11100.3,0.30000000000000004,297180.0,272360.0,2.3817582863170044,193.8,2200.0,0.87,52780.5,5000.0,11787.0,1.4,1742416.0,1726140.0,1.6681508147025388,100.0,2200.0,1.42,599.0,1240.0,3.0,0.0,5476.0,3188.0,1.0070921985815602,300.0,2199.91,1.856666666666667,37072.333333333336,14000.0,10880.9,0.30000000000000004,296140.0,270604.0,2.3835372484257182,200.0,2200.0,0.84,50966.0,5240.0,11242.2,1.4,1742416.0,1725952.0,1.6116900341038272,100.0,2200.0,1.42,557.0,1400.0,287.8,0.0,5476.0,3188.0,1.0070921985815602,5.081620645016631,5.315025163511678,5.114990801830771,5.310899782394336,5.097929305959768,5.096694274801707,5.084087451546618,5.056146318975497,4.912306424420667,4.9960068934678885,4.917366462061329,4.793292074160969,4.433433819147262
300.0,2199.865,1.97,38632.66666666666,20560.0,11161.2,0.30000000000000004,298124.0,272936.0,2.7159081010974075,193.8,2199.9325,0.8049999999999999,55630.0,2280.0,10944.3,1.4,1742416.0,1726136.0,1.5498084291187741,100.0,2200.0,1.41,1564.0,1200.0,319.1,0.0,5476.0,3184.0,1.0,300.0,2199.955,1.8633333333333333,39797.333333333336,19920.0,10251.4,0.30000000000000004,298628.0,272840.0,2.526420666600188,193.8,2199.9325,0.81,52173.0,2120.0,11209.7,1.4,1742416.0,1726252.0,1.5788959452857843,100.0,2199.865,1.41,515.0,1720.0,33.3,0.0,5476.0,3184.0,1.0,300.0,2199.91,1.906666666666667,40982.333333333336,15680.0,12137.2,0.30000000000000004,298596.0,273456.0,2.6290658070912074,200.0,2199.865,0.8200000000000001,52324.5,3760.0,11435.4,1.4,1742416.0,1726140.0,1.5962872496336102,93.8,2199.865,1.42,634.0,1200.0,4.8,0.0,5476.0,3188.0,1.0070921985815602,300.0,2199.955,1.96,39584.0,15640.0,11394.6,0.30000000000000004,297960.0,272252.0,2.6909081010974067,200.0,2200.0,0.825,51925.0,3360.0,11286.2,1.4,1742416.0,1725952.0,1.6049829018075237,100.0,2200.0,1.42,583.0,1560.0,296.6,0.0,5476.0,3188.0,1.0070921985815602,5.2280759839658515,5.098136806799164,5.298007010933501,5.080045917217622,5.31806573500633,5.27593041081787,5.315765687244594,5.259061008341338,5.047889887128059,5.085047863327992,5.045465255865128,4.835728989298651,4.5503569605527305
300.0,2199.955,1.8533333333333333,39205.0,18440.0,10728.7,0.30000000000000004,298628.0,273480.0,2.5197298804449164,200.0,2199.9325,0.7849999999999999,62014.0,2240.0,11708.9,1.4,1742416.0,1726136.0,1.4979158772262218,100.0,2199.865,1.41,1536.0,1160.0,295.1,0.0,5476.0,3184.0,1.0,300.0,2199.955,1.9066666666666665,35512.0,20360.0,9719.4,0.30000000000000004,299452.0,273388.0,2.611944757765724,200.0,2199.9325,0.835,57002.0,2600.0,12133.0,1.4,1742416.0,1726252.0,1.6015325670498086,100.0,2199.865,1.41,469.0,1680.0,30.0,0.0,5476.0,3184.0,1.0,300.0,2199.955,1.84,38019.66666666666,14600.0,11459.8,0.30000000000000004,299152.0,273996.0,2.4841026558968964,200.0,2199.9325,0.825,57563.5,2840.0,12206.8,1.4,1742416.0,1726140.0,1.5867816091954023,100.0,2199.865,1.42,593.0,1240.0,4.5,0.0,5476.0,3188.0,1.0070921985815602,300.0,2199.955,1.9,40965.0,14960.0,11318.7,0.30000000000000004,298596.0,272796.0,2.602136143121444,200.0,2199.865,0.8500000000000001,57761.0,5280.0,12675.9,1.4,1742416.0,1725952.0,1.6298850574712644,100.0,2200.0,1.42,554.0,1680.0,292.1,0.0,5476.0,3188.0,1.0070921985815602,5.040651752451617,4.954687306878759,5.057412047763392,4.950890391031047,5.1165412031268565,5.167000623583762,5.1999547367965295,5.260083201061502,5.148454037043599,5.09917060666439,5.165298950432343,4.998515228452795,4.528379450385182
293.3,2199.955,1.8833333333333333,34683.666666666664,20680.0,9804.6,0.30000000000000004,300744.0,275128.0,2.4983259048341284,200.0,2199.9325,0.7949999999999999,62442.5,2520.0,11667.6,1.4,1742416.0,1726136.0,1.5971712938711369,100.0,2200.0,1.41,1570.0,1080.0,294.1,0.0,5476.0,3184.0,1.0,300.0,2199.955,1.9366666666666668,41279.0,21200.0,11193.3,0.30000000000000004,301508.0,275024.0,2.561489836090436,200.0,2199.865,0.8,63243.0,3200.0,12717.7,1.4,1742416.0,1726252.0,1.5759759759759757,100.0,2200.0,1.42,481.0,1480.0,24.8,0.0,5476.0,3184.0,1.0070921985815602,300.0,2199.955,1.8866666666666667,39772.333333333336,20320.0,12342.2,0.30000000000000004,301312.0,275636.0,2.4656407091408306,200.0,2200.0,0.8,63057.5,3920.0,13369.9,1.4,1742416.0,1726140.0,1.5717717717717716,93.8,2200.0,1.42,586.0,1040.0,2.5,0.0,5476.0,3188.0,1.0070921985815602,293.8,2200.0,1.8533333333333333,36333.66666666666,15600.0,10560.3,0.30000000000000004,300696.0,274432.0,2.4394318786135747,200.0,2200.0,0.855,60222.0,5720.0,12920.4,1.4,1742416.0,1725952.0,1.683483483483483,100.0,2199.865,1.42,548.0,1440.0,293.0,0.0,5476.0,3188.0,1.0070921985815602,5.100272232653643,5.141404360518201,5.166352484984416,5.1184900226426295,5.12094787854789,5.108439314599103,5.139815970656383,5.201609786285477,5.015093041138875,5.104979692439917,5.030009184364592,5.021958449069183,4.768653236584954
293.3,2199.865,1.86,39220.0,18840.0,11932.8,0.30000000000000004,303916.0,278100.0,2.4984380744210943,200.0,2199.865,0.6699999999999999,52801.5,1680.0,10111.8,1.4,1742416.0,1726136.0,1.418965517241379,100.0,2200.0,1.41,1565.0,1200.0,306.7,0.0,5476.0,3184.0,1.0,293.8,2199.955,1.9066666666666665,38919.333333333336,15160.0,10869.1,0.30000000000000004,304676.0,278000.0,2.5652333093482773,200.0,2200.0,0.705,53774.0,2360.0,11180.7,1.4,1742416.0,1726252.0,1.5001946787800131,100.0,2200.0,1.42,492.0,1640.0,29.4,0.0,5476.0,3184.0,1.0070921985815602,300.0,2199.955,1.89,39888.0,13480.0,11971.8,0.30000000000000004,304480.0,278608.0,2.527654472842207,200.0,2200.0,0.695,52621.0,3880.0,11007.5,1.4,1742416.0,1726140.0,1.4703439325113563,100.0,2200.0,1.42,626.0,1160.0,5.3,0.0,5476.0,3188.0,1.0070921985815602,300.0,2199.955,1.873333333333333,40076.0,15840.0,12261.7,0.30000000000000004,303884.0,277412.0,2.5171876232141925,200.0,2200.0,0.7050000000000001,53397.5,5040.0,12145.0,1.4,1742416.0,1725952.0,1.456586632057106,100.0,2199.865,1.42,573.0,1640.0,283.0,0.0,5476.0,3188.0,1.0070921985815602,5.0410199919946415,5.092894149515003,5.011187654519912,5.1206598712710285,5.052731804779746,5.0420072596153656,5.048047518767484,5.055928584618216,5.155899658122162,5.150340132435115,5.097840326004217,5.013033155537351,4.648379376169161
293.8,2199.91,1.91,38610.0,19160.0,11153.5,0.30000000000000004,309484.0,283216.0,2.6649161095668017,200.0,2200.0,0.615,55279.0,1920.0,10582.8,1.4,1742416.0,1726136.0,1.2097826086956522,100.0,2200.0,1.41,1580.0,1160.0,304.0,0.0,5476.0,3184.0,1.0,293.8,2199.91,2.03,37719.0,17040.0,11103.0,0.30000000000000004,310836.0,283600.0,2.7925971939803063,193.8,2200.0,0.65,54945.5,2640.0,11425.5,1.4,1742416.0,1726252.0,1.279140359397766,100.0,2200.0,1.42,499.0,1480.0,30.9,0.0,5476.0,3184.0,1.0070921985815602,293.8,2199.955,1.9333333333333331,39162.333333333336,22080.0,12695.2,0.30000000000000004,310024.0,283720.0,2.6415472417826136,200.0,2199.865,0.64,53841.0,5040.0,11128.7,1.4,1742416.0,1726140.0,1.2618989800874212,100.0,2199.865,1.42,609.0,1680.0,4.5,0.0,5476.0,3188.0,1.0070921985815602,293.8,2199.91,1.903333333333333,40220.0,15600.0,11973.4,0.30000000000000004,309444.0,282532.0,2.6526959038801716,200.0,2199.865,0.655,53132.5,4440.0,12035.2,1.4,1742416.0,1725952.0,1.3041525012141817,100.0,2200.0,1.42,564.0,1760.0,291.0,0.0,5476.0,3188.0,1.0070921985815602,4.946728493932415,4.812575440324344,4.913518548787787,4.910464650111597,4.967501454272948,5.0637006319179205,5.058927208635413,5.075264678364662,5.006621339857729,5.009709637769099,4.998139754210405,4.88134879586613,4.417529076366679
300.0,2199.865,1.606666666666667,11275.0,16960.0,2924.0,0.30000000000000004,428804.0,383572.0,2.6033358772061828,200.0,2199.9325,1.605,33849.0,2560.0,7289.5,1.1,1875936.0,1520904.0,1.8697530864197531,100.0,2200.0,2.13,5529.0,1360.0,981.8,0.0,29984.0,27200.0,0.9383259911894272,300.0,2199.955,1.5733333333333333,12530.666666666664,15200.0,2486.1,0.30000000000000004,428432.0,383228.0,2.55625631489563,200.0,2199.9325,1.5699999999999998,32045.0,2080.0,6900.7,1.1,1875364.0,1522688.0,1.8296296296296293,100.0,2200.0,2.21,3198.0,2520.0,511.1,0.0,29984.0,27656.0,0.9735682819383259,300.0,2199.91,1.6166666666666665,14435.666666666664,14440.0,3077.0,0.30000000000000004,428288.0,382360.0,2.6148062357131083,200.0,2199.9325,1.625,32934.0,5680.0,6716.799999999998,1.1,1875364.0,1520640.0,1.8925925925925924,100.0,2199.865,2.18,3337.0,2440.0,615.3,0.0,29984.0,27204.0,0.9603524229074889,293.3,2199.91,1.55,16949.333333333332,18320.0,5260.9,0.30000000000000004,427500.0,383084.0,2.53443311047574,200.0,2199.9325,1.61,30880.0,5440.0,6248.6,1.1,1875364.0,1522692.0,1.8777777777777775,100.0,2200.0,2.2,3274.0,2160.0,541.1,0.0,29984.0,27200.0,0.9691629955947136,5.397120768632422,5.338451058872788,5.356791400686629,5.283036524930335,5.405483365757085,5.3479499490966464,5.33578695253386,5.382659256221057,4.912929524573099,5.404048761669574,5.2329761295976756,4.699486294234388,4.1920096206059565
300.0,2199.91,1.63,10324.0,19120.0,2278.0,0.30000000000000004,460628.0,415392.0,2.7707790993472625,193.3,2200.0,1.26,29565.5,3240.0,6222.8,1.1,1875652.0,1520644.0,2.063164287883389,100.0,2200.0,2.14,5415.0,1240.0,976.0,0.0,29984.0,27204.0,0.9427312775330396,293.8,2199.91,1.6266666666666667,10329.666666666666,17000.0,2335.6,0.30000000000000004,458996.0,413460.0,2.763260302354781,200.0,2199.9325,1.27,29673.5,2480.0,6194.799999999998,1.1,1875364.0,1522688.0,2.0822957789249923,100.0,2200.0,2.21,3242.0,2400.0,519.1,0.0,29984.0,27660.0,0.9735682819383259,300.0,2199.91,1.59,11151.333333333336,17160.0,2941.0,0.30000000000000004,458104.0,412064.0,2.7178492025563314,200.0,2200.0,1.315,29309.5,3080.0,5918.4,1.1,1875364.0,1520640.0,2.1486486486486487,100.0,2200.0,2.19,3312.0,2280.0,426.4,0.0,29984.0,27280.0,0.9647577092511012,293.3,2199.955,1.586666666666667,10436.0,15560.0,2857.4,0.30000000000000004,455004.0,410416.0,2.7062059016471296,200.0,2199.9325,1.33,28882.5,3240.0,5764.2,1.1,1875364.0,1522692.0,2.1655025812329183,100.0,2199.865,2.2,3265.0,2280.0,541.2,0.0,29984.0,27204.0,0.9691629955947136,5.7975387358671835,5.6968444107122025,5.46130119628325,5.329123168158332,5.272950169149941,5.288880751984238,5.2991004519280835,5.326976814602331,5.282761162953519,5.162635709163947,5.0245574513061335,4.780185051478327,4.3733294545784345
293.3,2199.91,1.54,12466.666666666664,20800.0,2699.3,0.30000000000000004,464352.0,418836.0,2.5911255879863804,200.0,2199.9325,1.215,29051.5,1800.0,6217.9000000000015,1.1,1875364.0,1520644.0,2.048251192368839,100.0,2200.0,2.14,5411.0,1320.0,998.4,0.0,29984.0,27204.0,0.9385964912280704,300.0,2199.955,1.5366666666666668,11835.0,18760.0,2724.7000000000007,0.30000000000000004,462772.0,417172.0,2.5871794367139684,200.0,2199.9325,1.265,30301.0,2600.0,6233.3,1.1,1875364.0,1522688.0,2.0930047694753577,100.0,2200.0,2.21,3207.0,2440.0,524.2,0.0,29984.0,27660.0,0.9692982456140352,300.0,2199.91,1.54,12402.0,16200.0,3115.1,0.30000000000000004,461792.0,415512.0,2.5885325434470268,200.0,2199.865,1.275,29262.5,3120.0,5930.0,1.1,1875364.0,1520640.0,2.0945151033386327,93.8,2199.865,2.19,3307.0,2280.0,415.8,0.0,29984.0,27280.0,0.9605263157894738,300.0,2199.865,1.5133333333333334,12933.0,13320.0,3103.7000000000007,0.30000000000000004,459152.0,414384.0,2.5446935254252856,200.0,2200.0,1.255,28603.5,7320.0,5718.1,1.1,1875364.0,1522692.0,2.0635930047694755,100.0,2200.0,2.22,3228.0,2440.0,519.0,0.0,29984.0,27204.0,0.973684210526316,5.610140288086491,5.640087769370843,5.719812635556363,5.387826700315012,5.358934926785151,5.305231382436403,5.332539938322254,5.271757334086138,5.280529944610365,5.204845173658871,5.122754382310973,4.967608347107224,4.339316880582548
300.0,2199.91,1.4166666666666667,17138.0,19520.0,3678.5,0.30000000000000004,481944.0,436876.0,2.4352295603788976,200.0,2199.9325,1.1,29425.5,2200.0,6275.7,1.1,1875364.0,1520644.0,2.1064564564564563,100.0,2200.0,2.14,5345.0,1320.0,950.8,0.0,29984.0,27204.0,0.9427312775330396,293.3,2199.91,1.3666666666666665,18361.666666666668,14800.0,4266.6,0.30000000000000004,480548.0,435476.0,2.353929729833649,200.0,2200.0,1.05,27721.0,2720.0,5691.4000000000015,1.1,1875364.0,1522688.0,2.141891891891892,100.0,2200.0,2.22,3199.0,2480.0,526.6,0.0,29984.0,27660.0,0.9779735682819384,293.8,2199.91,1.47,18957.0,16840.0,3899.7,0.30000000000000004,479280.0,433552.0,2.475976973928137,200.0,2199.9325,1.135,27746.5,4040.0,5570.7,1.1,1875364.0,1520640.0,2.3903903903903907,100.0,2199.865,2.22,3078.0,2480.0,490.5,0.0,29984.0,27740.0,0.9779735682819384,300.0,2199.91,1.356666666666667,19760.0,12280.0,4608.6,0.30000000000000004,479560.0,433476.0,2.3157726578213302,200.0,2199.9325,1.13,27770.5,5000.0,5510.8,1.1,1875364.0,1522692.0,2.407357357357357,100.0,2200.0,2.21,3203.0,2360.0,510.2,0.0,29984.0,27204.0,0.9735682819383259,5.719216148646095,5.621699774869728,5.677398865777046,5.638083884305593,5.351431465730356,5.586345087924808,5.553773033185265,5.5212552325434965,5.329320239700171,5.296555985995214,5.079313752552003,4.930313415940492,4.613869754099039
293.3,2199.91,1.4233333333333331,16827.666666666668,17760.0,3467.0,0.30000000000000004,487892.0,442684.0,2.4255374735546478,200.0,2200.0,1.025,27922.0,2560.0,5858.7,1.1,1875936.0,1520904.0,1.8941798941798944,100.0,2200.0,2.15,5323.0,1200.0,965.7,0.0,29984.0,27204.0,0.947136563876652,293.8,2199.91,1.41,17325.666666666668,17000.0,4018.9,0.30000000000000004,486476.0,441284.0,2.389458000262536,200.0,2199.9325,1.085,27824.5,1520.0,5743.4,1.1,1875364.0,1522688.0,2.0476190476190474,100.0,2199.865,2.22,3153.0,2400.0,535.9,0.0,29984.0,27660.0,0.9779735682819384,300.0,2199.91,1.356666666666667,18757.33333333333,15120.0,3680.6,0.30000000000000004,484800.0,439096.0,2.33740220973189,200.0,2200.0,1.085,27031.0,5120.0,5462.2,1.1,1875364.0,1520640.0,2.0026455026455032,100.0,2200.0,2.23,3047.0,2320.0,471.5,0.0,29984.0,27740.0,0.9823788546255506,300.0,2199.91,1.4433333333333334,16744.333333333332,12120.0,3866.4,0.30000000000000004,481964.0,437716.0,2.4352082470289997,193.8,2200.0,1.11,26510.5,5080.0,5276.200000000002,1.1,1875364.0,1522692.0,2.164021164021164,100.0,2200.0,2.22,3202.0,2440.0,541.8,0.0,29984.0,27204.0,0.9779735682819384,5.697958270750059,5.497206401874791,5.4909765583254195,5.606232421313747,4.607835967088938,5.447658940329621,5.432422793949245,5.299404345096572,5.295836936331627,4.566812295420106,4.5940315014169,4.632239096500556,4.246514882932235
300.0,2200.0,1.42,12839.333333333336,16320.0,2705.9,0.30000000000000004,489836.0,444536.0,2.0952178834182233,200.0,2200.0,1.065,27668.0,2400.0,5850.0,1.1,1875364.0,1520644.0,1.867094017094017,93.8,2200.0,2.16,5352.0,1280.0,971.8,0.0,29984.0,27204.0,0.9473684210526316,293.3,2199.91,1.4,15005.666666666664,15800.0,3638.9,0.30000000000000004,488164.0,442872.0,2.0676816109753293,200.0,2199.9325,1.09,28066.5,2400.0,5726.700000000002,1.1,1875364.0,1522688.0,1.8538461538461537,100.0,2200.0,2.23,3162.0,2520.0,556.3,0.0,29984.0,27660.0,0.9780701754385964,293.8,2199.955,1.3999999999999997,17621.0,16600.0,3504.3,0.30000000000000004,486528.0,440680.0,2.10250813137061,200.0,2200.0,1.08,27650.0,3960.0,5557.200000000002,1.1,1875364.0,1520640.0,1.7333333333333334,100.0,2200.0,2.22,3039.0,2360.0,479.0,0.0,29984.0,27740.0,0.973684210526316,293.3,2199.955,1.3066666666666666,19882.666666666668,14920.0,4661.5,0.30000000000000004,483604.0,439300.0,1.9954772166147376,200.0,2200.0,1.065,27198.0,3440.0,5350.8,1.1,1875364.0,1522692.0,1.7029914529914532,100.0,2200.0,2.22,3190.0,2320.0,522.6,0.0,29984.0,27204.0,0.973684210526316,4.611409624143072,4.634536921294138,4.72984301116729,4.554075532089113,5.535750082232108,4.5874596540980255,4.51535041076637,4.7174004075532086,4.669953212228255,4.972066859972927,4.777133248225809,4.661166596662103,4.2475720940067285
300.0,2199.955,1.38,41200.0,21360.0,11183.2,0.30000000000000004,261544.0,231852.0,2.020682703271401,100.0,2199.9325,0.8999999999999999,11175.0,2480.0,10579.1,0.4,695728.0,511044.0,1.528942115768463,100.0,2200.0,2.39,1440.0,680.0,9.3,0.0,16348.0,4452.0,0.9299610894941636,300.0,2199.91,1.3233333333333337,43325.333333333336,19440.0,11311.6,0.30000000000000004,261044.0,232316.0,1.9034661179049623,100.0,2199.9325,0.91,11069.0,2320.0,10698.9,0.4,695612.0,510932.0,1.5653783342406098,100.0,2200.0,2.57,20.0,480.0,2.7,0.0,16348.0,4464.0,1.0,300.0,2199.91,1.36,41985.66666666666,14720.0,11835.3,0.30000000000000004,256424.0,226140.0,1.981776533068513,100.0,2200.0,0.945,11630.0,3560.0,9054.3,0.4,695640.0,510956.0,1.6454868041694388,100.0,2200.0,2.57,26.0,520.0,2.2,0.0,16348.0,4452.0,1.0,293.3,2199.955,1.3166666666666669,44618.33333333334,15400.0,12170.5,0.30000000000000004,260240.0,231844.0,1.8797416664875668,100.0,2200.0,0.975,12110.5,4640.0,8071.4,0.4,695628.0,510948.0,1.6798040283070224,100.0,2199.865,2.57,23.0,360.0,1.1,0.0,16348.0,4460.0,1.0,4.659579299460209,4.634527331518304,4.6031848666871,4.7185866894924935,4.7124936359036536,4.684373012654356,4.605163651686526,4.627893982032131,4.685228084243773,4.510747906887301,4.68975881067151,4.461318779782724,4.333923431695421
300.0,2199.91,1.5266666666666666,46401.33333333334,23600.0,12209.9,0.30000000000000004,290588.0,260080.0,2.1930508859188453,100.0,2199.9325,0.915,11166.5,2280.0,10560.9,0.4,695728.0,511044.0,1.5232923982543392,100.0,2199.865,2.41,1200.0,520.0,9.9,0.0,16348.0,4452.0,0.94140625,300.0,2199.865,1.5166666666666666,45399.66666666666,17600.0,11928.9,0.30000000000000004,289896.0,260760.0,2.3237332242379107,100.0,2200.0,0.92,11109.5,2040.0,10756.8,0.4,695612.0,510932.0,1.5755856707637357,100.0,2200.0,2.55,21.0,520.0,3.0,0.0,16348.0,4464.0,1.0,293.3,2199.865,1.5466666666666666,46691.33333333334,19720.0,12683.9,0.30000000000000004,287944.0,257436.0,2.221999546157622,100.0,2199.9325,0.925,11637.5,3240.0,9041.6,0.4,695640.0,510956.0,1.5133461889779762,100.0,2199.865,2.55,25.0,680.0,1.6,0.0,16348.0,4452.0,0.99609375,300.0,2199.955,1.5166666666666666,47599.33333333334,16480.0,12762.5,0.30000000000000004,289548.0,260580.0,2.3270860358099004,106.7,2200.0,0.99,13333.5,4640.0,7722.5,0.4,695628.0,510948.0,1.694085513184158,100.0,2200.0,2.55,24.0,640.0,1.1,0.0,16348.0,4460.0,1.0,4.799101121089074,5.04099640740359,4.76102300167934,4.832303588222442,4.771613979360474,4.770505075713991,4.855967179907889,4.70184213207447,4.862223766143496,4.726337900114825,4.899901661427736,4.649535325531397,4.376933680938122
300.0,2199.955,1.5199999999999998,45620.33333333334,22840.0,12073.7,0.30000000000000004,321288.0,290084.0,2.2977603418007035,93.8,2199.9325,0.96,11328.0,2440.0,10746.5,0.4,681720.0,497320.0,1.0259815938592614,100.0,2200.0,2.09,2956.0,880.0,8.9,0.0,16348.0,4704.0,0.9126637554585152,300.0,2199.91,1.5733333333333333,43790.333333333336,18480.0,10831.0,0.30000000000000004,317676.0,287840.0,2.4195102189455424,200.0,2200.0,2.075,14208.0,2720.0,11351.1,0.4,606884.0,575696.0,1.796758207722486,100.0,2200.0,2.29,226.0,960.0,4.7,0.0,16348.0,4716.0,1.0,300.0,2199.955,1.6233333333333333,41958.333333333336,18680.0,11702.7,0.30000000000000004,314168.0,282952.0,2.5100037498082486,200.0,2199.9325,2.41,11709.5,2880.0,8748.9,0.4,582748.0,543892.0,2.0070329140376963,100.0,2200.0,2.29,217.0,1320.0,6.2,0.0,16348.0,4704.0,1.0,293.8,2199.91,1.5266666666666666,46768.66666666666,16960.0,12345.600000000002,0.30000000000000004,317396.0,287660.0,2.3323131694197263,200.0,2199.865,2.21,14757.0,5640.0,7744.1,0.4,606884.0,574180.0,1.917798884988644,100.0,2200.0,2.29,150.0,800.0,4.0,0.0,16348.0,4712.0,1.0,5.0587310183090635,5.066580988310667,5.054189134003397,5.111392365094964,5.093625016119871,5.106636497248023,5.053002636795297,5.054828275369852,5.101672974253915,5.026740993026149,5.008896890694903,4.94612067701996,4.872122226395379
293.8,2199.91,1.3166666666666669,6079.0,13000.0,1322.7999999999995,0.4,597104.0,572648.0,2.7564053743581933,200.0,2199.9325,2.44,3246.0,1520.0,532.8,0.1,118672.0,91784.0,1.967124014051833,100.0,2200.0,1.66,2138.0,1320.0,163.3,0.0,18508.0,13176.0,0.9651162790697674,300.0,2199.955,1.3233333333333337,6311.0,13680.0,1325.7,0.4,597280.0,572968.0,2.7585873015873017,200.0,2200.0,2.005,3186.5,1200.0,492.7,0.1,119088.0,92568.0,1.6586133757539605,100.0,2200.0,1.69,1613.0,2320.0,107.3,0.0,18508.0,13176.0,0.9825581395348836,300.0,2199.955,1.3033333333333332,6377.666666666668,12040.0,1497.0,0.4,597100.0,572644.0,2.731948490445092,100.0,2199.9325,1.38,2468.5,1840.0,214.1,0.1,264952.0,82792.0,1.214224166500961,100.0,2200.0,1.68,1699.0,2080.0,122.9,0.0,18508.0,13176.0,0.9767441860465116,300.0,2199.955,1.2866666666666666,7107.666666666668,12040.0,1854.3,0.4,597228.0,572704.0,2.703393245876253,187.5,2199.9325,1.285,1763.5,1720.0,214.1,0.1,118024.0,91516.0,1.14797507788162,100.0,2200.0,1.67,1916.0,2400.0,143.6,0.0,18508.0,13180.0,0.9709302325581396,5.656210651563053,5.217834901130732,5.963506465041206,5.683610801293894,6.037406359278946,5.802991438481807,5.795402953836009,5.290056585915765,5.331263129862457,6.047589989876474,4.496459643856114,5.6923544090149365,5.018443027490454
300.0,2199.955,1.3,6924.0,12600.0,1483.4999999999998,0.4,597712.0,573276.0,2.7238815204796776,200.0,2199.9325,1.755,7705.0,2120.0,1384.2,0.2,268428.0,243080.0,1.965,100.0,2199.865,1.64,2060.0,1080.0,149.7,0.0,18508.0,13176.0,0.970414201183432,293.8,2199.955,1.2866666666666666,7309.666666666668,15320.0,1491.9999999999998,0.4,597988.0,573800.0,2.694163887897429,200.0,2199.9325,1.725,7877.0,1560.0,1609.6,0.2,304088.0,278716.0,1.9270253164556963,100.0,2200.0,1.66,1497.0,1080.0,91.7,0.0,18508.0,13176.0,0.9822485207100592,300.0,2199.865,1.3,7280.333333333332,11520.0,1525.3000000000004,0.4,597708.0,573272.0,2.7107196292171487,200.0,2199.9325,1.73,6762.0,2680.0,1360.2,0.2,371320.0,333908.0,1.9293670886075949,100.0,2199.865,1.65,1547.0,1560.0,107.4,0.0,18508.0,13176.0,0.9763313609467456,300.0,2199.955,1.2933333333333332,7425.666666666668,11440.0,1928.9,0.4,597712.0,573276.0,2.7026875007030924,200.0,2199.865,1.785,5560.5,4560.0,1192.1,0.2,371584.0,334168.0,1.995,100.0,2200.0,1.64,1733.0,1440.0,123.4,0.0,18508.0,13180.0,0.970414201183432,4.88212897681756,5.679111834454623,4.847881351431103,5.34551029095857,5.306383388528053,4.803688721713928,5.279646943066791,5.551778501121288,5.5408249679403045,5.350402249466477,5.521424641048784,4.893269308534394,3.679409349253795
300.0,2200.0,1.29,6988.0,12320.0,1476.6,0.4,597988.0,573800.0,2.7116194892209484,193.3,2200.0,1.535,10066.0,1440.0,2010.3,0.3,480916.0,455428.0,2.0579787234042555,100.0,2200.0,1.64,2343.0,1200.0,164.4,0.0,18508.0,13176.0,0.9534883720930232,300.0,2199.955,1.2766666666666666,7010.0,11760.0,1445.4,0.4,598132.0,574064.0,2.697318007662836,200.0,2200.0,1.515,11600.0,640.0,2356.8,0.3,480916.0,455556.0,2.0125886524822696,100.0,2199.865,1.69,1617.0,1840.0,105.0,0.0,18508.0,13176.0,0.9825581395348836,300.0,2199.91,1.2766666666666666,7089.0,14120.0,1416.1,0.4,597984.0,573796.0,2.6867022091885358,200.0,2199.9325,1.625,9841.5,3680.0,2234.3,0.3,479648.0,454220.0,2.147695035460993,100.0,2200.0,1.68,1767.0,2080.0,128.3,0.0,18508.0,13176.0,0.9767441860465116,300.0,2199.91,1.2866666666666666,7450.333333333332,11040.0,1941.2,0.4,597988.0,573800.0,2.694163887897429,200.0,2199.9325,1.67,9211.0,7160.0,2044.5,0.3,479648.0,454360.0,2.195567375886525,100.0,2200.0,1.67,1920.0,1960.0,139.0,0.0,18508.0,13180.0,0.9709302325581396,5.692217807479671,5.594106397595669,5.716411337075943,5.600770793992195,5.595225514608765,5.71537773040838,5.590259121276328,5.555864302775114,5.577547424066019,5.523119541583717,5.486065803492133,5.225995126499765,4.422670667460424
300.0,2199.955,1.2733333333333334,7037.0,14800.0,1505.8000000000004,0.4,598132.0,574064.0,2.6933497536945814,200.0,2200.0,1.635,15212.0,2280.0,2637.8,0.4,536204.0,510908.0,1.5875761380015811,100.0,2199.865,1.65,2553.0,1200.0,164.1,0.0,18508.0,13176.0,0.9593023255813952,300.0,2199.955,1.2833333333333332,7211.666666666668,17120.0,1464.6,0.4,598444.0,574328.0,2.6819684824482906,200.0,2199.865,1.69,12648.5,1520.0,1949.8,0.4,536616.0,511104.0,1.6389780071604594,100.0,2200.0,1.69,1615.0,1680.0,108.0,0.0,18508.0,13176.0,0.9825581395348836,300.0,2199.91,1.31,6736.0,10360.0,1402.1,0.4,598128.0,573796.0,2.737000547345376,200.0,2200.0,1.555,16769.0,2920.0,3004.1,0.4,534052.0,508676.0,1.5119031013158506,100.0,2200.0,1.68,1717.0,1840.0,125.6,0.0,18508.0,13176.0,0.9767441860465116,300.0,2200.0,1.2666666666666666,7350.666666666668,10400.0,1870.9,0.4,598132.0,574064.0,2.680760810071155,200.0,2200.0,1.775,8207.0,4240.0,1461.7,0.4,534860.0,509540.0,1.7181150323150605,100.0,2200.0,1.67,1908.0,1960.0,140.7,0.0,18508.0,13180.0,0.9709302325581396,5.709722087796403,5.72130164566036,5.687903863814121,5.599163838293467,5.599678998729146,5.5772882956124565,5.594549235980674,5.532770315996445,5.524154496787405,5.526600598541863,5.5878153662774634,5.323341008164198,4.5221778069780765
300.0,2199.865,1.2866666666666666,7113.0,14000.0,1492.0,0.4,598444.0,574328.0,2.6901652037597663,200.0,2199.9325,1.825,2074.5,3320.0,362.8,0.4,564264.0,538992.0,2.4695375242315154,100.0,2200.0,1.66,2388.0,1320.0,168.4,0.0,18508.0,13176.0,0.988095238095238,300.0,2199.91,1.3033333333333332,6487.333333333332,15160.0,1312.7,0.4,598444.0,574328.0,2.696528935828547,200.0,2200.0,1.7400000000000002,3198.0,3000.0,610.8,0.4,564264.0,539188.0,2.3586264192744397,93.8,2199.865,1.66,1500.0,1160.0,92.5,0.0,18508.0,13176.0,0.988095238095238,300.0,2199.865,1.3233333333333337,7034.333333333332,13320.0,1400.6,0.4,598440.0,574324.0,2.7348806509142376,200.0,2199.9325,1.81,2019.5,3560.0,326.5,0.4,579344.0,553868.0,2.4328902427767005,93.8,2199.865,1.65,1617.0,1360.0,113.8,0.0,18508.0,13176.0,0.9821428571428572,293.8,2199.91,1.28,7449.0,11720.0,1936.8,0.4,598444.0,574328.0,2.6737717611368157,200.0,2199.9325,1.605,5430.0,5560.0,1151.4,0.4,579344.0,553940.0,2.163851195421397,100.0,2200.0,1.66,1915.0,1760.0,141.4,0.0,18508.0,13180.0,0.988095238095238,6.092607571306084,5.413144317885818,5.906469556778238,5.593012478902528,5.5240465347694565,6.034255416755637,5.561447696868439,5.535662447907912,5.5469830753577165,5.461110359106224,5.318807237949628,5.29719051030721,5.203232668898531
300.0,2200.0,1.2966666666666666,6731.666666666668,17080.0,1394.2,0.4,598444.0,574592.0,2.7133493906482027,200.0,2199.865,1.595,6370.0,2680.0,689.3,0.4,536784.0,511472.0,1.7764516129032255,100.0,2200.0,1.67,2034.0,1920.0,161.8,0.0,18508.0,13176.0,0.9709302325581396,293.8,2199.955,1.2766666666666666,7096.0,16240.0,1461.1,0.4,598992.0,574856.0,2.66920679032768,200.0,2199.9325,1.6,6087.5,2800.0,700.8,0.4,536784.0,511404.0,1.7843548387096773,100.0,2200.0,1.69,1673.0,2360.0,112.7,0.0,18508.0,13176.0,0.9825581395348836,293.3,2199.91,1.33,6705.666666666668,10040.0,1364.5,0.4,598440.0,574588.0,2.74818190099119,200.0,2199.9325,1.64,5653.5,3120.0,824.3000000000002,0.4,536784.0,511540.0,1.8301612903225808,100.0,2199.865,1.68,1722.0,1880.0,124.1,0.0,18508.0,13176.0,0.9767441860465116,300.0,2199.955,1.33,6598.666666666668,12360.0,1718.0,0.4,598444.0,574592.0,2.74818190099119,200.0,2199.9325,1.71,3145.5,5520.0,564.1,0.4,534808.0,509548.0,1.9175806451612905,100.0,2199.865,1.67,1928.0,1960.0,142.9,0.0,18508.0,13180.0,0.9709302325581396,5.9821636075136375,5.55227920977222,5.969437114169573,5.492151133888004,5.418315132318653,5.623627044293453,5.432942951565067,5.458849451583488,5.421851664141662,5.3164293288997815,5.358821115769377,5.150166787420794,4.782550774742728
300.0,2199.91,1.2833333333333332,6999.666666666668,13960.0,1444.1,0.4,598984.0,574972.0,2.681547159546233,193.3,2199.9325,1.39,4275.5,2080.0,595.0,0.4,587572.0,562336.0,2.104337036828154,100.0,2199.865,1.65,2550.0,1280.0,170.5,0.0,18508.0,13176.0,0.9705882352941176,300.0,2199.865,1.3433333333333335,6627.333333333332,14360.0,1374.0,0.4,599340.0,575376.0,2.7805564823355735,200.0,2199.9325,1.385,4245.5,2840.0,664.7,0.4,587572.0,562268.0,2.095933675483616,100.0,2200.0,1.66,1500.0,1040.0,93.4,0.0,18508.0,13176.0,0.976470588235294,300.0,2199.955,1.3133333333333332,6962.0,13440.0,1379.9,0.4,598856.0,574852.0,2.7125138769418533,200.0,2199.9325,1.2799999999999998,3286.5,3400.0,521.9,0.4,587032.0,562032.0,1.9177711352997573,100.0,2200.0,1.66,1661.0,1760.0,116.6,0.0,18508.0,13176.0,0.976470588235294,293.8,2199.91,1.2666666666666666,7431.333333333332,12400.0,1936.6,0.4,598860.0,574856.0,2.6529294132351104,200.0,2200.0,1.265,2737.5,5680.0,379.3,0.4,587680.0,562368.0,1.8976369071118382,100.0,2200.0,1.67,1910.0,2000.0,143.3,0.0,18508.0,13180.0,0.9823529411764704,5.590893193007199,5.550264628566184,5.5099848997287975,5.530731154357643,5.455127483125434,5.519277555605788,5.507668403288684,5.5238110993958225,5.517888227045544,5.414076048058653,5.387868592800396,5.228189737407398,4.64559772005571
300.0,2199.955,1.3299999999999998,6905.666666666668,16480.0,1483.8000000000004,0.4,599340.0,575636.0,2.7599836014453407,200.0,2199.9325,1.615,12916.0,4400.0,1815.0,0.4,537140.0,511792.0,1.7898039215686272,100.0,2200.0,1.64,2457.0,1280.0,168.9,0.0,18508.0,13176.0,0.9534883720930232,300.0,2200.0,1.2966666666666666,6794.666666666668,16400.0,1432.5,0.4,599340.0,575636.0,2.730558890222756,200.0,2200.0,1.63,14549.0,4600.0,2094.8,0.4,537140.0,511724.0,1.8080392156862743,100.0,2200.0,1.69,1615.0,1640.0,106.1,0.0,18508.0,13176.0,0.9825581395348836,300.0,2199.91,1.2633333333333334,7296.0,13000.0,1412.5,0.4,599336.0,575372.0,2.671029074724637,200.0,2200.0,1.66,16369.0,920.0,2181.9,0.4,542636.0,517004.0,1.8533333333333333,100.0,2200.0,1.67,1711.0,1960.0,119.4,0.0,18508.0,13176.0,0.9709302325581396,300.0,2199.91,1.3233333333333337,7077.0,12800.0,1858.7,0.4,599340.0,575376.0,2.738105596224844,200.0,2200.0,1.71,14773.0,4120.0,2263.4,0.4,542636.0,517076.0,1.9252941176470584,100.0,2199.865,1.64,1771.0,1520.0,125.4,0.0,18508.0,13180.0,0.9534883720930232,5.619889643921852,5.631632365851157,5.609943232322288,5.591968186545629,5.5743803083269095,5.573904089912904,5.564016065891683,5.5738111292341195,5.474937206041684,5.466474287705974,5.442592721705286,5.197610553990871,4.624960736912921
300.0,2199.91,1.2433333333333334,12431.333333333336,19160.0,3508.5,0.4,599548.0,576448.0,2.408293978748524,193.8,2199.9325,1.485,6969.5,1920.0,1119.4,0.5,649920.0,622172.0,1.5407778831820031,100.0,2200.0,1.66,2265.0,1320.0,162.5,0.0,18508.0,13176.0,0.9822485207100592,300.0,2199.865,1.26,12484.0,17080.0,3288.0,0.4,599548.0,576448.0,2.3920773187323707,200.0,2200.0,1.505,6729.5,2360.0,1086.4,0.5,651956.0,623816.0,1.56202737498306,100.0,2200.0,1.69,1608.0,1920.0,106.8,0.0,18508.0,13176.0,1.0,293.8,2199.91,1.25,12615.333333333336,14480.0,3248.9000000000005,0.4,599544.0,576444.0,2.3912021420138303,200.0,2200.0,1.84,2873.5,3960.0,356.5,0.5,653532.0,625148.0,1.8619325111803768,93.8,2200.0,1.68,1768.0,1960.0,131.8,0.0,18508.0,13176.0,0.9940828402366864,300.0,2199.955,1.2366666666666666,13269.0,11920.0,3735.2,0.4,599548.0,576448.0,2.353856046550852,200.0,2199.865,1.875,3871.0,4800.0,627.7,0.5,657928.0,628668.0,1.8959479604282423,100.0,2199.865,1.64,1770.0,1680.0,121.8,0.0,18508.0,13180.0,0.970414201183432,5.189569095082381,5.236464903612712,5.188140066542308,5.2251096302574815,5.178527563881083,5.1805063935446825,5.133049817862299,4.983789524343692,4.985216595381032,5.098044687563172,4.897144201485929,5.049487151298723,4.426773675397672
300.0,2199.955,1.23,12008.0,16120.0,3570.7,0.4,599692.0,577240.0,2.2165671107685534,200.0,2200.0,1.82,28843.5,760.0,4834.1,0.5,698552.0,673340.0,1.7678769468151792,100.0,2199.865,1.65,2367.0,1560.0,166.8,0.0,18508.0,13176.0,0.9593023255813952,300.0,2199.955,1.1833333333333331,12274.666666666664,14640.0,3129.7,0.4,599692.0,577240.0,1.7956179823212015,193.8,2199.9325,1.75,19317.5,440.0,3424.0,0.5,698552.0,673272.0,1.6917160904575916,100.0,2199.865,1.69,1662.0,2080.0,112.3,0.0,18508.0,13176.0,0.9825581395348836,300.0,2199.955,1.2033333333333334,12595.666666666664,13320.0,3279.4,0.4,599688.0,577236.0,2.1731236924686197,200.0,2199.9325,1.82,55400.5,3680.0,10258.5,0.4,589668.0,564572.0,1.7812575341144699,100.0,2200.0,1.68,1781.0,2080.0,133.7,0.0,18508.0,13176.0,0.9767441860465116,293.8,2199.865,1.25,12825.0,13360.0,3543.1,0.4,599692.0,577240.0,2.2253588829552964,200.0,2199.9325,1.83,37294.5,6520.0,6146.4,0.4,589668.0,564380.0,1.7813057524470803,100.0,2200.0,1.64,1789.0,1560.0,128.6,0.0,18508.0,13180.0,0.9534883720930232,5.128102603082302,5.043933781061853,5.205008436926046,5.181447244394678,5.063268809127965,5.014569485934954,5.144137299080203,5.06211898484895,5.025769273556128,4.9885343088547405,4.988238036924564,4.751143573283768,4.318022326773879
300.0,2199.955,1.2266666666666668,12277.333333333336,17040.0,3423.5,0.4,599956.0,577504.0,1.890688259109312,200.0,2200.0,1.735,5461.0,2360.0,953.9,0.4,592964.0,567784.0,1.9968456375838928,100.0,2200.0,1.6,2847.0,920.0,176.5,0.0,18508.0,13176.0,0.9467455621301776,300.0,2199.91,1.2733333333333334,12314.0,14480.0,3221.5999999999995,0.4,599956.0,577504.0,1.9333546017694672,200.0,2199.9325,1.74,5879.5,2800.0,721.0,0.4,592964.0,567716.0,2.003557046979866,100.0,2200.0,1.65,1475.0,1280.0,90.0,0.0,18508.0,13176.0,0.9763313609467456,293.8,2199.91,1.28,12528.0,17520.0,3433.1,0.4,599688.0,577500.0,1.9491067098758497,200.0,2200.0,1.84,1240.0,4040.0,115.3,0.4,592964.0,567852.0,2.134362416107382,100.0,2200.0,1.66,1659.0,1960.0,117.7,0.0,18508.0,13176.0,0.9822485207100592,300.0,2199.955,1.28,12900.666666666664,15640.0,3633.0,0.4,599824.0,577504.0,1.948826781594184,200.0,2199.9325,1.91,1713.5,4080.0,304.1,0.4,592964.0,567660.0,2.2248993288590606,100.0,2200.0,1.67,1909.0,1960.0,144.9,0.0,18508.0,13180.0,0.9881656804733728,5.104635844640118,4.910068516630498,5.195192908368356,5.07872634544725,5.099120662746974,4.990264067050292,5.073912314607963,4.921314664833916,4.801538167481993,4.97158532195798,4.711439241569289,4.754454780463323,4.2661471162336335
300.0,2199.955,1.58,2241.0,8880.0,598.3,0.4,593012.0,565888.0,2.8728853563755155,200.0,2199.9325,0.925,15918.0,2000.0,2727.9,0.4,576992.0,541672.0,1.34,93.3,2200.0,0.66,27445.0,1560.0,2599.7,0.0,63896.0,48012.0,0.515625,300.0,2199.91,1.586666666666667,2128.0,11240.0,378.8,0.4,592876.0,565624.0,2.8806978563755155,200.0,2200.0,0.925,22447.5,2240.0,4105.4,0.3,496044.0,459148.0,1.6377821782178217,100.0,2200.0,0.6,30840.0,760.0,2104.3,0.0,60852.0,45112.0,0.46875,300.0,2199.955,1.58,2678.0,12880.0,694.6,0.4,597152.0,570376.0,2.8807826422242897,200.0,2200.0,1.02,16898.0,3920.0,2991.2,0.3,512508.0,474896.0,1.801188118811881,100.0,2200.0,0.77,21578.0,2320.0,1661.0,0.0,68004.0,52236.0,0.6015625,300.0,2199.955,1.6,2273.6666666666665,7200.0,414.1,0.4,592744.0,565620.0,2.8963228563755155,193.3,2199.9325,1.035,15798.0,4880.0,2609.5,0.4,520860.0,483248.0,1.8270891089108907,100.0,2200.0,0.76,27138.0,1240.0,1410.0,0.0,59492.0,43788.0,0.59375,4.811297217463383,4.744992869637295,5.257480359384103,5.151076871815042,4.9265863662938605,4.808899224941238,4.722543536534922,4.754349356732393,4.714214487372177,4.151373305493585,4.3588373898050605,4.499879891669119,3.949634298423805
300.0,2199.955,1.5566666666666666,3119.333333333333,10480.0,702.3,0.4,604632.0,578032.0,2.8602864025920613,193.3,2199.9325,0.93,22090.5,1520.0,3340.4,0.5,656392.0,621492.0,1.6577034883720931,100.0,2199.865,0.45,32820.0,1640.0,2211.6,0.1,105948.0,89988.0,0.27108433734939763,300.0,2199.955,1.5433333333333332,3493.0,12760.0,590.5,0.4,604632.0,577504.0,2.841292924714395,200.0,2200.0,0.8999999999999999,20653.0,3360.0,2989.600000000001,0.5,650008.0,615168.0,1.568253968253968,100.0,2200.0,0.48,31158.0,2560.0,1819.0,0.1,107664.0,91840.0,0.2891566265060241,300.0,2199.91,1.5266666666666666,4680.666666666667,13560.0,1355.6999999999996,0.4,607288.0,580672.0,2.8010018214936245,200.0,2200.0,1.14,16262.5,1760.0,2974.8,0.5,656580.0,621556.0,1.9266061980347693,100.0,2199.865,0.48,30947.0,2520.0,2234.8,0.1,112164.0,96424.0,0.2891566265060241,300.0,2199.91,1.54,4255.666666666667,9560.0,664.1,0.4,604452.0,577500.0,2.8343962210302767,200.0,2199.865,1.27,13211.0,8040.0,1906.3,0.5,661352.0,626512.0,2.127588813303099,100.0,2199.865,0.48,30752.0,2440.0,1854.8,0.1,107268.0,91572.0,0.2891566265060241,4.9231726746156905,4.9657787752245985,4.9451253361089424,5.003312764085598,4.887487449472757,5.208616160489697,4.837916458344129,4.834676071496293,4.843670412913191,4.663657490476706,4.576376549479502,4.393883746576956,3.8466128125163723
300.0,2199.955,1.4666666666666668,2928.333333333333,13840.0,688.3,0.4,641120.0,615000.0,2.8700806961676526,200.0,2199.865,0.955,28988.0,2480.0,4689.6,0.6,841328.0,805844.0,1.5220883534136544,100.0,2200.0,0.72,55902.0,1600.0,2012.0,0.1,176312.0,160576.0,0.5669291338582677,293.8,2199.91,1.4666666666666666,3105.333333333333,13200.0,621.6,0.4,640448.0,614472.0,2.8672765085808565,200.0,2199.9325,0.765,32165.0,2680.0,5715.0,0.6,855708.0,820356.0,1.4312422102201912,100.0,2200.0,0.76,55402.0,2560.0,4359.0,0.1,178620.0,162956.0,0.5984251968503937,300.0,2199.91,1.42,4114.666666666667,15920.0,1015.0,0.4,643560.0,617376.0,2.653111090717202,200.0,2199.865,0.845,27075.0,3760.0,3521.7000000000007,0.6,868580.0,833112.0,1.551890319900291,100.0,2200.0,0.77,56878.0,2560.0,4022.0,0.1,180348.0,164536.0,0.6062992125984252,300.0,2199.955,1.45,3387.0,10160.0,610.1999999999998,0.4,639156.0,613148.0,2.8475136627310538,200.0,2200.0,0.845,26023.5,5680.0,3750.5,0.6,868560.0,833188.0,1.5570419609472372,100.0,2200.0,0.78,54605.0,2520.0,4423.1,0.1,178620.0,162688.0,0.6141732283464567,5.0408672095454135,5.022231048252629,5.154527814267835,4.996073814662363,5.108523777490091,4.9585518820703145,4.669117304944283,4.628466970815689,4.845539041093502,4.605338061018365,4.59882624880645,4.6050582109575,4.244823675579565
300.0,2199.865,1.41,3833.333333333334,10840.0,853.8,0.4,644916.0,618696.0,2.6491878126003763,200.0,2200.0,0.705,30538.0,2680.0,4508.6,0.6,858248.0,822532.0,1.2630739353585794,100.0,2200.0,0.71,58701.0,1560.0,2329.7,0.1,179952.0,164272.0,0.5590551181102362,293.8,2199.955,1.4333333333333331,3672.333333333334,13920.0,688.5,0.4,644048.0,617904.0,2.671964621667508,200.0,2199.9325,0.765,32165.0,2680.0,5715.0,0.6,855708.0,820356.0,1.3239625167336009,100.0,2199.865,0.73,56503.0,2520.0,4395.6,0.1,182468.0,166652.0,0.5748031496062992,293.8,2199.91,1.2766666666666666,13966.333333333336,13400.0,3250.6,0.4,646460.0,620544.0,2.2775887786520697,200.0,2199.865,0.845,27075.0,3760.0,3521.7000000000007,0.6,868580.0,833112.0,1.4258366800535476,100.0,2200.0,0.68,52235.0,2520.0,3543.9,0.1,183928.0,168232.0,0.5354330708661418,300.0,2199.955,1.413333333333333,4550.666666666667,11400.0,789.2,0.4,642884.0,616844.0,2.6368730785114485,200.0,2200.0,0.845,26023.5,5680.0,3750.5,0.6,868560.0,833188.0,1.4323293172690763,100.0,2200.0,0.72,53784.0,2480.0,4155.6,0.1,182336.0,166648.0,0.5669291338582677,4.646076909399193,4.588513456130775,4.99897225871228,4.863315193972709,4.8174475974727935,4.788245368660354,4.619103244328569,4.663705198952006,4.677914520020706,4.511576871518617,4.605592092281968,4.440115682221868,4.165000306014346
300.0,2199.955,1.26,13226.333333333336,16840.0,3710.8,0.4,647824.0,621864.0,2.296571330824495,200.0,2199.9325,0.8400000000000001,33715.0,2720.0,5473.5,0.6,883208.0,847944.0,1.5445077443475164,100.0,2200.0,0.62,52658.0,1400.0,2331.2,0.1,183392.0,167440.0,0.492063492063492,300.0,2200.0,1.2966666666666666,13292.0,15480.0,2677.5,0.4,646952.0,621072.0,2.321274033527198,200.0,2199.9325,0.85,26723.5,2000.0,3844.0,0.6,868588.0,832964.0,1.432722985157442,100.0,2199.865,0.68,54450.0,2560.0,4240.0,0.1,185512.0,169820.0,0.5396825396825398,300.0,2200.0,1.2433333333333334,14858.666666666664,15000.0,3339.5,0.4,648700.0,622656.0,2.1969387755102043,200.0,2200.0,0.96,29455.5,3880.0,4557.3,0.6,878900.0,843392.0,1.5563184907754195,100.0,2200.0,0.64,51534.0,2480.0,3505.8,0.1,186968.0,171136.0,0.5079365079365079,300.0,2199.91,1.26,15358.333333333336,14400.0,3936.6,0.4,645676.0,619748.0,2.22924529592884,200.0,2199.9325,0.98,28052.5,5440.0,4567.9,0.6,891904.0,856720.0,1.5787904008877789,100.0,2200.0,0.69,54555.0,2520.0,3842.5,0.1,185512.0,169816.0,0.5476190476190476,4.7292572765723815,4.590298275667408,4.697514890252383,4.631630481001027,3.903260378304095,4.900720156061639,4.077924933950447,3.995084671265349,4.685796108302363,4.058446078184902,4.025316536045466,4.468704835421323,3.6963203537262053
293.8,2199.91,1.2333333333333332,15487.0,19560.0,4031.1,0.4,655304.0,629784.0,2.2074096880131364,200.0,2199.9325,0.785,48468.5,2760.0,9118.9,0.8999999999999999,1215480.0,1104792.0,1.4103174603174604,100.0,2200.0,0.58,51515.0,1520.0,2521.3,0.1,191356.0,175624.0,0.5,293.8,2199.955,1.2533333333333332,15420.0,14680.0,2966.9,0.4,654044.0,628464.0,2.2280377668308704,200.0,2200.0,0.785,35367.5,3240.0,5274.2,0.7,917336.0,882404.0,1.378665318503539,100.0,2200.0,0.6,51342.0,2560.0,3971.1,0.1,193608.0,178004.0,0.5172413793103449,300.0,2199.865,1.1933333333333331,16454.0,14480.0,3482.7,0.4,655304.0,629784.0,2.1142025089605734,193.8,2199.865,0.54,52574.0,2760.0,8703.9,0.8999999999999999,1222896.0,1199280.0,1.0805527468823728,100.0,2200.0,0.59,49027.0,2480.0,3222.9,0.1,194816.0,179056.0,0.5086206896551724,293.8,2199.955,1.2233333333333334,16592.666666666668,15960.0,4019.6,0.4,652388.0,626876.0,2.1347701149425284,200.0,2200.0,0.775,46351.0,5000.0,7623.7,0.8999999999999999,1232116.0,1208672.0,1.3992248062015504,100.0,2200.0,0.57,47836.0,2520.0,3439.0,0.1,193476.0,177736.0,0.4913793103448276,4.127302994238479,4.234381847285073,4.228687075343834,4.161317576261704,4.613922101825327,4.299390331135649,4.494718739476803,4.440159514353064,4.730304518283494,4.457493957090732,4.292951361499749,4.3695658123319285,4.364949557211276
300.0,2199.91,1.8066666666666664,6688.333333333332,21080.0,1245.0,0.30000000000000004,421228.0,398444.0,2.6623475177304967,100.0,2200.0,1.17,6672.5,2160.0,1638.1,0.5,1075988.0,629640.0,2.207578806170355,100.0,2199.865,1.63,1188.0,1080.0,362.0,0.0,159356.0,47112.0,0.9939024390243902,293.3,2199.955,1.883333333333333,5566.333333333332,11640.0,1231.0,0.30000000000000004,420236.0,397860.0,2.7348727175796346,100.0,2148.907,0.55,5510.5,2320.0,2111.2,0.5,855472.0,609656.0,0.8730158730158731,100.0,2200.0,1.62,836.0,760.0,15.1,0.0,159356.0,47112.0,0.9878048780487806,300.0,2199.91,1.9333333333333331,2144.333333333333,15520.0,606.8,0.30000000000000004,419884.0,397368.0,2.8479764568276806,100.0,2200.0,1.22,5526.5,3440.0,1510.7,0.6,1075864.0,674848.0,2.311535881958417,100.0,2199.865,1.63,959.0,1160.0,20.6,0.0,159356.0,47112.0,0.9939024390243902,293.3,2199.91,1.8333333333333333,2208.333333333333,17960.0,686.2,0.30000000000000004,419760.0,397136.0,2.7203322763586417,100.0,2200.0,0.87,5480.5,4560.0,1196.8,0.6,1075984.0,675020.0,1.380952380952381,100.0,2199.865,1.63,513.0,1680.0,41.6,0.0,159356.0,47112.0,0.9939024390243902,6.055361858214372,4.931214680625555,5.289068972208481,5.263377661431206,5.282247486010661,5.5853602025400315,5.214952485739915,4.480561743556546,5.5761825604307935,5.266593531449292,6.624969425876371,5.119287588569376,4.387496865693537
300.0,2199.955,1.82,6604.0,16600.0,1172.2,0.30000000000000004,434284.0,413504.0,2.6136938646426318,200.0,2199.9325,1.155,15831.0,2160.0,3290.8,1.0,1367156.0,1328412.0,1.6597276163844443,100.0,2200.0,1.63,1429.0,1000.0,402.7,0.0,159356.0,47112.0,0.9939024390243902,293.8,2199.865,1.7999999999999998,6940.333333333332,18600.0,1436.9,0.30000000000000004,434284.0,413516.0,2.6088343588603062,193.8,2199.865,1.185,16453.5,2200.0,2630.8,1.0,1367156.0,1328480.0,1.7159215686274507,100.0,2200.0,1.63,787.0,920.0,12.2,0.0,159356.0,47112.0,0.9939024390243902,300.0,2200.0,1.7866666666666668,7424.0,14720.0,1512.8,0.30000000000000004,434284.0,413564.0,2.5346258315220966,200.0,2199.865,1.1800000000000002,14234.5,4400.0,2187.5,1.0,1371552.0,1332040.0,1.6986173683392884,100.0,2200.0,1.62,1022.0,1240.0,25.6,0.0,159356.0,47112.0,0.9878048780487806,300.0,2199.955,1.8333333333333333,7595.666666666668,13840.0,1736.8000000000004,0.30000000000000004,434292.0,413448.0,2.586149641045907,200.0,2200.0,1.285,13501.5,4640.0,2515.4,1.0,1374988.0,1334700.0,1.842939257418052,100.0,2200.0,1.62,553.0,1360.0,38.0,0.0,159356.0,47112.0,0.9878048780487806,5.451753772368182,5.343404663301058,5.566237240026611,5.731155125672481,5.6260420754359535,4.921023567168972,5.581287275955184,5.519447874496625,5.4072445975268675,5.472610210110683,5.3903040796334745,5.2531793283558335,4.406726729038044
300.0,2199.91,1.7800000000000002,6902.0,15440.0,1247.6,0.30000000000000004,435500.0,414824.0,2.5555815899581593,200.0,2200.0,1.135,18822.0,1560.0,4095.7,1.0,1375920.0,1335616.0,1.4256410256410257,100.0,2200.0,1.62,1523.0,1440.0,405.8,0.0,159356.0,47112.0,0.9878048780487806,300.0,2199.91,1.8433333333333333,6658.0,19360.0,1349.4,0.30000000000000004,435500.0,414824.0,2.644726116594083,200.0,2199.9325,1.125,17620.5,2400.0,3164.7,1.0,1375920.0,1335684.0,1.465,100.0,2200.0,1.63,826.0,760.0,16.0,0.0,159356.0,47112.0,0.9939024390243902,300.0,2199.865,1.836666666666667,7225.0,18160.0,1494.6,0.30000000000000004,435368.0,414620.0,2.6192865485140207,200.0,2200.0,1.39,29898.5,3800.0,6287.1,1.0,1386652.0,1349100.0,1.7153846153846153,100.0,2200.0,1.61,1035.0,1080.0,39.1,0.0,159356.0,47112.0,0.9817073170731708,300.0,2199.955,1.7766666666666664,7871.0,14080.0,1728.5,0.30000000000000004,435376.0,414656.0,2.538253822466497,200.0,2199.9325,1.325,13615.5,4720.0,3030.2,1.0,1386652.0,1349016.0,1.6615384615384614,100.0,2200.0,1.63,548.0,1400.0,35.5,0.0,159356.0,47112.0,0.9939024390243902,5.198248164168157,5.207788439745348,5.282115443168284,5.284893387654407,5.3360173252946606,5.3370633913945875,5.40913125840456,5.103088700281263,5.090407265399612,5.437857909629054,5.215054556288356,5.20876782672374,4.1884034976034155
293.8,2199.91,1.8733333333333333,6054.333333333332,16640.0,1069.6999999999996,0.30000000000000004,437288.0,416912.0,2.634946165966386,200.0,2200.0,1.125,20719.0,3120.0,3946.6,1.0,1386652.0,1349696.0,1.4834971910112358,100.0,2200.0,1.63,1464.0,1160.0,383.1,0.0,159356.0,47112.0,0.9939024390243902,300.0,2199.91,1.87,6313.0,17640.0,1289.1,0.30000000000000004,437420.0,416936.0,2.7032961327836573,200.0,2200.0,1.11,23032.5,2680.0,3761.5,1.0,1386652.0,1349016.0,1.4611612903225808,100.0,2200.0,1.63,788.0,1000.0,15.9,0.0,159356.0,47112.0,0.9939024390243902,293.3,2199.955,1.81,6997.333333333332,18880.0,1406.7,0.30000000000000004,437144.0,416716.0,2.4707528271875536,200.0,2199.9325,1.5299999999999998,58260.5,4840.0,11118.6,1.0,1391808.0,1356232.0,1.9758602528089888,100.0,2200.0,1.62,1055.0,1160.0,36.1,0.0,159356.0,47112.0,0.9878048780487806,300.0,2199.955,1.846666666666667,7130.333333333332,12920.0,1599.7,0.30000000000000004,437012.0,416768.0,2.5217440972096767,200.0,2199.9325,1.27,18093.5,5200.0,3945.0,1.0,1391808.0,1356104.0,1.6793363764044942,100.0,2200.0,1.63,570.0,1280.0,44.9,0.0,159356.0,47112.0,0.9939024390243902,5.325756460054854,5.416839604668756,5.422750244876384,5.474770656141847,5.431063298819787,5.617786006635906,5.5397506028141335,5.483979802372887,5.3092664383600825,5.298566847408205,5.157163193874912,5.053752485072332,4.123470727751226
300.0,2199.955,1.2266666666666668,6438.0,15080.0,1471.1,0.4,510276.0,501516.0,2.6949860527023777,200.0,2199.865,1.43,19002.5,2240.0,11716.2,0.8,1452244.0,1092092.0,1.6241954593486825,100.0,2200.0,0.49,28249.0,1280.0,1963.1,0.0,75864.0,60156.0,0.3983739837398374,300.0,2199.91,1.22,6643.666666666668,10320.0,1493.8000000000004,0.4,510272.0,501512.0,2.6862141228778165,200.0,2200.0,1.42,18382.5,2680.0,12567.2,0.8,1452244.0,1092092.0,1.6135002721829068,100.0,2200.0,0.6,23360.0,2440.0,735.5,0.0,75328.0,59628.0,0.4878048780487805,300.0,2199.955,1.2166666666666666,6947.0,10560.0,1529.9,0.4,510272.0,501512.0,2.673650935247724,200.0,2200.0,1.45,18612.5,5120.0,11689.6,0.8,1452244.0,1092096.0,1.6481475551570657,100.0,2200.0,0.56,24864.0,2280.0,1939.8,0.0,79856.0,64116.0,0.4552845528455285,300.0,2199.955,1.21,7227.333333333332,10480.0,1655.8,0.4,510276.0,501516.0,2.6607903940642568,200.0,2200.0,1.495,19008.0,5320.0,10250.3,0.8,1452244.0,1092924.0,1.7001184796183035,100.0,2200.0,0.59,24287.0,2440.0,1469.4,0.0,75328.0,59628.0,0.4796747967479675,4.839240568697303,4.8496916929530105,4.870414955858249,4.866670839469717,4.846939199209418,4.840066681978047,4.8481967632788585,4.827847989318327,4.841890627550059,4.826296149417598,4.600950313204054,4.328742473953402,3.7897656029236746
300.0,2199.865,1.2633333333333334,6188.0,13240.0,1419.9,0.4,516236.0,507572.0,2.698387471114744,200.0,2200.0,1.265,16629.5,2560.0,11597.4,0.8,1452244.0,1092092.0,2.0712507569131398,100.0,2200.0,0.35,30383.0,1280.0,1895.2,0.1,148640.0,132856.0,0.2380952380952381,300.0,2199.955,1.2666666666666666,6109.666666666668,13400.0,1345.7,0.4,516228.0,507568.0,2.706651933924661,200.0,2199.9325,1.225,16325.0,2440.0,12425.0,0.8,1452244.0,1092092.0,1.9813631164637016,100.0,2200.0,0.37,29568.0,2520.0,1684.8,0.1,152356.0,136552.0,0.25170068027210885,293.8,2200.0,1.2466666666666668,6832.0,12280.0,1500.1999999999996,0.4,516360.0,507568.0,2.6610561156015704,200.0,2199.9325,1.275,17082.5,3640.0,11205.3,0.8,1452244.0,1092096.0,2.0622350804009955,100.0,2199.865,0.36,30432.0,2480.0,1920.1,0.1,153564.0,137872.0,0.24489795918367346,300.0,2199.955,1.2433333333333334,7072.333333333332,13520.0,1643.4,0.4,516364.0,507572.0,2.6527916527916533,200.0,2199.9325,1.28,17707.0,5120.0,9845.3,0.8,1452244.0,1092924.0,2.041983448832672,100.0,2200.0,0.37,30314.0,2480.0,1975.4,0.1,152492.0,136816.0,0.25170068027210885,4.94327386731605,4.925007060755554,4.902665112557454,4.952028447635075,4.890409691211124,4.8768972972971225,4.8686328344872045,4.91097263065744,4.852211601818609,4.795890151646755,5.00530377374013,4.546226618293517,4.069555275691179
300.0,2199.955,1.2466666666666666,6110.0,12320.0,1393.6,0.4,518348.0,509704.0,2.5487482074169376,200.0,2200.0,1.15,15470.0,2320.0,11328.2,0.8,1452244.0,1092092.0,2.0018611425797053,100.0,2199.865,0.65,49697.0,1320.0,2008.5,0.1,173932.0,158200.0,0.5118110236220472,300.0,2199.955,1.2333333333333334,6491.0,12440.0,1443.9,0.4,518340.0,509700.0,2.5192091190543198,200.0,2199.9325,1.12,15568.5,2840.0,12235.2,0.8,1452244.0,1092092.0,1.9207800614986248,100.0,2200.0,0.7,48848.0,2400.0,1335.1,0.1,177552.0,161896.0,0.5511811023622046,300.0,2199.955,1.2233333333333334,6733.0,12720.0,1416.6,0.4,518340.0,509700.0,2.498073392036241,193.8,2200.0,1.145,15502.5,3640.0,11166.5,0.8,1452244.0,1092096.0,1.9507201812591035,100.0,2200.0,0.7,49794.0,2560.0,3436.5,0.1,178348.0,162688.0,0.5511811023622046,300.0,2200.0,1.21,7227.333333333332,13640.0,1690.4,0.4,518344.0,509704.0,2.4685343036736223,200.0,2200.0,1.1800000000000002,15594.0,5320.0,9373.5,0.8,1452244.0,1092924.0,2.000161838485192,93.8,2200.0,0.72,51080.0,2520.0,4587.9,0.1,177948.0,162160.0,0.5669291338582677,5.064687523994442,5.0780507383086935,5.078653911808778,5.053397675012214,5.065597850019244,5.05729990683378,5.015200577991588,4.9731758171947344,5.177511874249753,4.9134219107886015,4.836334138936642,4.9177325504838985,4.295807647835694
293.8,2199.865,1.1666666666666667,11049.666666666664,16880.0,2994.8,0.4,519556.0,511024.0,2.32457805907173,200.0,2200.0,1.06,15239.5,2440.0,11305.2,0.8,1452244.0,1092092.0,2.2579787234042548,100.0,2200.0,0.55,47942.0,1400.0,2429.9,0.1,183664.0,167968.0,0.4583333333333334,300.0,2199.91,1.16,11907.333333333336,16400.0,2803.2,0.4,519548.0,511020.0,2.307911392405064,200.0,2199.9325,1.07,15162.5,2400.0,12112.2,0.8,1452244.0,1092092.0,2.3005319148936167,100.0,2199.865,0.61,48985.0,2520.0,1738.7,0.1,187100.0,171400.0,0.5083333333333333,300.0,2200.0,1.153333333333333,12420.666666666664,15080.0,3452.8,0.4,519548.0,511020.0,2.278481012658228,200.0,2199.9325,1.09,15056.5,3760.0,10916.1,0.8,1452244.0,1092096.0,2.3090172239108413,100.0,2200.0,0.6,48379.0,2440.0,3212.5,0.1,187768.0,171928.0,0.5,300.0,2199.955,1.143333333333333,12828.333333333336,15360.0,3575.9,0.4,519552.0,511024.0,2.240506329113924,200.0,2200.0,1.12,15200.0,5040.0,9134.7,0.8,1452244.0,1092924.0,2.344731509625127,100.0,2199.865,0.62,49922.0,2480.0,4048.5,0.1,187496.0,171664.0,0.5166666666666667,5.096209585369295,5.0741795236812735,5.039881753940467,5.062891321354828,5.053215536147127,4.957422441101407,4.965981814217742,4.979315596424403,4.6233908906250685,4.857406089287316,4.49024045748932,4.319556630335467,4.154117224400888
293.8,2199.91,1.21,11220.333333333336,16040.0,2824.8,0.4,521472.0,512872.0,2.3421116424254502,200.0,2199.9325,1.01,14730.5,2200.0,11130.6,0.8,1452244.0,1092092.0,2.36672600744457,100.0,2199.865,0.54,48846.0,1600.0,2818.3,0.1,191224.0,175360.0,0.5094339622641509,300.0,2199.91,1.2100000000000002,11436.333333333336,14520.0,2693.7,0.4,521464.0,512868.0,2.329232250780368,200.0,2200.0,1.02,14730.0,2360.0,12022.5,0.8,1452244.0,1092092.0,2.420780061498624,93.3,2200.0,0.56,47793.0,2560.0,1888.5,0.1,194404.0,178528.0,0.5283018867924528,300.0,2200.0,1.22,11569.333333333336,13920.0,3167.0,0.4,521464.0,512868.0,2.337221059972106,200.0,2200.0,1.02,14622.0,4120.0,10784.9,0.8,1452244.0,1092096.0,2.315585046123968,100.0,2199.865,0.57,48255.0,2520.0,3199.2,0.1,194948.0,179320.0,0.5377358490566037,300.0,2199.865,1.2066666666666668,12034.333333333336,12440.0,3482.2,0.4,521468.0,512872.0,2.291784552035598,200.0,2200.0,1.07,15045.5,5120.0,9108.0,0.8,1452244.0,1092924.0,2.4596212979446515,100.0,2199.865,0.58,48900.0,2520.0,3849.1,0.1,194816.0,179056.0,0.5471698113207547,5.384669784581604,5.407249649756613,5.365114519681433,5.3394281498991845,5.210046389841329,5.129594045686057,5.104973437331139,4.971905469482836,4.862121628177491,4.932419973825794,4.325696679800394,4.70665295233506,4.088851982234335
300.0,2199.91,1.2166666666666666,11186.333333333336,17280.0,2869.7,0.4,523072.0,514456.0,2.272579764149532,200.0,2200.0,0.94,14200.0,2120.0,10992.0,0.8,1452244.0,1092092.0,2.2028201661193743,100.0,2200.0,0.54,48742.0,1560.0,2853.6,0.1,197692.0,181960.0,0.5510204081632654,300.0,2199.955,1.2033333333333334,11653.666666666664,15080.0,2682.5,0.4,523064.0,514452.0,2.2359668223040314,200.0,2200.0,0.985,14474.0,2920.0,11959.3,0.8,1452244.0,1092092.0,2.493142746764536,100.0,2199.865,0.54,46365.0,2320.0,1914.6,0.1,200796.0,185128.0,0.5510204081632654,300.0,2199.955,1.1833333333333331,11842.333333333336,13600.0,3297.7,0.4,523064.0,514452.0,2.195522806860016,200.0,2200.0,0.93,14079.5,3840.0,10580.0,0.8,1452244.0,1092096.0,2.00695383426695,100.0,2199.865,0.54,46905.0,2560.0,3081.0,0.1,201464.0,185656.0,0.5510204081632654,300.0,2199.91,1.17,12300.333333333336,10440.0,3536.0,0.4,523068.0,514456.0,2.1628007991380085,200.0,2200.0,1.03,15720.5,5320.0,8916.9,0.8,1452244.0,1092924.0,2.468224840641298,100.0,2199.865,0.55,47396.0,2440.0,3623.0,0.1,201328.0,185656.0,0.5612244897959184,5.316610438992443,5.3190305023406514,5.26678561450716,5.201450488449471,5.076168343187124,4.987126359637345,4.9082112735970576,4.8259552107534365,4.6439730192539805,4.853086803140387,4.243771230684352,4.333529991533524,3.5886784893374233
300.0,2199.955,1.6466666666666665,1840.666666666667,14600.0,856.3000000000002,0.6000000000000001,819032.0,787216.0,2.9048788506954604,200.0,2199.9325,2.26,906.0,1120.0,160.3,0.6,837436.0,803560.0,1.9325103348883077,100.0,2199.865,1.94,520.0,1000.0,47.1,0.0,49452.0,46532.0,0.9847715736040608,300.0,2199.955,1.6733333333333331,1642.666666666667,13680.0,694.0,0.6000000000000001,816664.0,786196.0,2.9158191741112063,100.0,2199.9325,1.23,840.5,840.0,133.60000000000002,0.6,983312.0,793988.0,1.812818336162988,100.0,2200.0,1.94,412.0,1240.0,41.6,0.0,49452.0,46724.0,0.9847715736040608,300.0,2199.955,1.6766666666666663,1915.0,15080.0,655.3,0.6000000000000001,816652.0,786540.0,2.9242391457412427,100.0,2199.9325,1.225,785.5,680.0,138.5,0.6,983376.0,793984.0,1.7918788907753254,100.0,2200.0,1.94,521.0,1000.0,36.6,0.0,49452.0,46728.0,0.9847715736040608,300.0,2199.955,1.6733333333333331,2081.333333333333,13240.0,671.8,0.6000000000000001,816648.0,786460.0,2.9164872077567465,100.0,2199.9325,1.2000000000000002,759.5,2120.0,136.1,0.6,983224.0,793992.0,1.7183078664402944,100.0,2200.0,1.94,375.0,1120.0,44.9,0.0,49452.0,46532.0,0.9847715736040608,5.791843908779392,4.889568412967293,5.6869865420374754,5.6896467284837415,5.5646773397573375,5.523395669688469,5.698445348275571,5.707755482585704,5.688112184928823,5.398769578019724,5.507467480181974,4.766635617632673,4.689197663306322
300.0,2199.91,1.8966666666666665,3998.0,7880.0,1879.8,0.8,976824.0,945052.0,3.424798149477128,200.0,2199.865,1.66,6416.5,2040.0,1397.5,0.7,971884.0,939472.0,1.9438635112823333,100.0,2200.0,2.09,870.0,960.0,29.0,0.0,49452.0,46532.0,0.9812206572769951,300.0,2199.955,1.653333333333333,2136.0,8880.0,769.2,0.6000000000000001,819880.0,787812.0,2.938631534431192,200.0,2200.0,1.715,4931.0,2640.0,1174.3,0.7,1008184.0,964996.0,1.9264348210619409,93.8,2199.865,2.04,483.0,1200.0,22.4,0.0,49452.0,46724.0,0.9577464788732396,300.0,2199.955,1.65,2364.0,11160.0,804.1,0.6000000000000001,819880.0,788160.0,2.927825065813064,200.0,2199.9325,1.72,4807.5,4520.0,1338.5,0.7,1046576.0,984324.0,1.931267570043273,100.0,2200.0,2.11,414.0,1400.0,13.4,0.0,49452.0,46728.0,0.9906103286384976,300.0,2199.955,1.6366666666666667,2593.6666666666665,12440.0,739.4000000000002,0.6000000000000001,819872.0,788080.0,2.902579524558587,200.0,2199.9325,1.7200000000000002,5340.5,3760.0,1476.9,0.7,1046576.0,984652.0,1.9309517040967812,100.0,2200.0,2.11,451.0,1680.0,19.7,0.0,49452.0,46532.0,0.9906103286384976,5.833681361503898,5.895872847143148,5.784417441055917,5.793106592269031,5.81802651873837,5.784342158918491,5.7069647680467845,5.662480657536889,5.651716619561544,5.658979632316773,5.4338996238629385,5.520994335087812,5.197012482841218
300.0,2199.955,1.7233333333333334,4035.333333333334,19400.0,1308.5,0.6000000000000001,852060.0,760460.0,2.474174684708793,200.0,2199.865,1.58,9974.0,3200.0,2278.2000000000007,0.8,1198156.0,1165432.0,2.1255464480874315,100.0,2199.865,2.09,858.0,1200.0,41.5,0.0,49452.0,46532.0,1.0,300.0,2199.955,1.5933333333333335,2761.666666666666,9720.0,946.7,0.8,976824.0,944740.0,2.8361984646431333,193.8,2199.9325,1.665,6288.0,1920.0,1350.8,0.7,971884.0,939472.0,1.949298293891029,100.0,2200.0,2.1,469.0,1880.0,25.6,0.0,49452.0,46724.0,1.0047846889952154,300.0,2199.91,1.7733333333333334,4384.333333333333,12800.0,1761.4,0.8,976824.0,945064.0,3.1868478152924844,193.3,2199.865,1.65,6766.5,4360.0,1427.6,0.7,1050664.0,1018072.0,1.9285222894881675,100.0,2199.865,2.12,508.0,1680.0,21.7,0.0,49452.0,46728.0,1.014354066985646,300.0,2199.91,1.7299999999999998,4525.0,8000.0,1816.8,0.8,976824.0,944816.0,3.109360449102189,200.0,2199.9325,1.645,6723.0,5520.0,1569.1,0.7,1082976.0,1045404.0,1.9212988442487615,100.0,2200.0,2.12,459.0,1640.0,29.6,0.0,49452.0,46532.0,1.014354066985646,5.8583381327760335,6.5755811151333585,5.773140923209376,5.828650694048343,6.149373581444817,5.636792759561239,5.724314568960744,5.716862060412308,5.651446727389081,5.6421930773915685,5.560096365481443,5.912004034000968,4.916003427148043
300.0,2199.865,1.47,8905.333333333334,19920.0,2339.7,0.7,855708.0,823048.0,2.6273487651456766,200.0,2199.9325,1.565,4710.0,2040.0,702.2,0.9,1252884.0,1220508.0,1.8894656828210168,100.0,2199.865,2.13,906.0,1280.0,45.1,0.0,49452.0,46532.0,0.9906976744186048,300.0,2199.91,1.4600000000000002,6049.333333333332,17120.0,2058.0,0.7,854940.0,821976.0,2.698923902205085,200.0,2200.0,1.525,4158.5,2440.0,406.9,0.9,1252884.0,1220644.0,1.7846556233653008,100.0,2200.0,2.13,614.0,2400.0,49.6,0.0,49452.0,46724.0,0.9906976744186048,293.3,2199.91,1.4366666666666668,6357.0,14280.0,2002.5,0.7,854924.0,821992.0,2.63746649063325,200.0,2199.9325,1.595,4112.0,3440.0,606.2,0.9,1252880.0,1220508.0,1.86870095902354,100.0,2200.0,2.11,584.0,2280.0,40.3,0.0,49452.0,46728.0,0.9813953488372092,300.0,2199.865,1.4633333333333336,6568.0,17200.0,1974.0,0.7,854900.0,822240.0,2.6950827608373644,200.0,2199.9325,1.605,3500.5,5040.0,572.0,0.9,1252884.0,1220504.0,1.8816041848299911,100.0,2200.0,2.11,542.0,2000.0,52.2,0.0,49452.0,46532.0,0.9813953488372092,5.596281825139946,5.576065121377513,5.505381590677806,5.559714726101833,5.548489090776245,5.525927428477114,5.364409674488192,5.355470037382964,5.429254939687617,5.208612681866373,5.1350993664725015,5.240156627650776,4.6766627678125055
300.0,2199.955,1.4733333333333334,8963.333333333334,15080.0,2130.5,0.7,856796.0,824152.0,2.6358965765585887,200.0,2200.0,1.495,4732.5,2360.0,655.0,0.9,1257936.0,1224980.0,1.783266384395469,100.0,2199.865,1.95,634.0,1000.0,20.6,0.0,49452.0,46532.0,0.9798994974874372,300.0,2199.91,1.4500000000000002,9592.0,15600.0,2902.100000000001,0.7,856180.0,823476.0,2.6267743360040376,193.3,2199.9325,1.495,5805.0,2280.0,689.6,0.9,1255068.0,1222456.0,1.8108614232209737,100.0,2200.0,1.99,400.0,1680.0,18.2,0.0,49452.0,46724.0,1.0,300.0,2199.865,1.4400000000000002,10604.333333333334,15600.0,2592.9,0.7,856164.0,823868.0,2.602611822597943,193.8,2200.0,1.58,3559.0,3280.0,492.2000000000001,0.9,1256260.0,1223324.0,1.9179026217228463,100.0,2200.0,2.0,362.0,1320.0,15.9,0.0,49452.0,46728.0,1.0050251256281406,300.0,2199.955,1.4400000000000002,11076.666666666664,12160.0,2338.2,0.7,856156.0,823580.0,2.598479591192985,200.0,2200.0,1.645,2712.0,5440.0,418.6,0.9,1257084.0,1224280.0,2.00247191011236,100.0,2200.0,2.01,357.0,1760.0,20.3,0.0,49452.0,46532.0,1.0100502512562812,5.553274265148501,5.479640259615637,5.417326998954273,5.470861857562518,5.436193535052531,5.390642687152319,5.392427270612984,5.323842521396744,5.324772167012903,5.174577440614616,5.1454613839146885,5.0246620587757285,4.5743372346556885
300.0,2199.955,1.4866666666666666,9089.333333333334,15880.0,2171.9,0.7,857656.0,824952.0,2.6923288861572368,200.0,2200.0,1.5,4916.0,2080.0,697.5,0.9,1259180.0,1226064.0,1.8316631739378932,100.0,2200.0,1.95,734.0,1080.0,56.4,0.0,49452.0,46532.0,1.0,300.0,2199.91,1.47,9505.333333333334,14000.0,2725.3,0.7,856792.0,824040.0,2.6310864208346363,200.0,2200.0,1.5,4419.0,2480.0,447.7,0.9,1257932.0,1224868.0,1.791046936633735,100.0,2200.0,1.95,449.0,960.0,40.8,0.0,49452.0,46724.0,1.0,300.0,2199.91,1.4566666666666668,10506.0,15680.0,2542.8,0.7,856776.0,824428.0,2.592882253051678,200.0,2199.9325,1.54,3711.0,3600.0,519.4,0.9,1257932.0,1224980.0,1.833604747946296,100.0,2200.0,1.94,469.0,1400.0,35.3,0.0,49452.0,46728.0,0.9948717948717948,300.0,2199.91,1.4466666666666663,11243.0,11680.0,2520.2000000000007,0.7,856776.0,824144.0,2.5730345033427633,193.8,2200.0,1.595,3381.5,4960.0,573.7,0.9,1259176.0,1225840.0,1.9052943943835268,100.0,2199.865,1.94,454.0,1240.0,45.7,0.0,49452.0,46532.0,0.9948717948717948,5.524007268810252,5.551568534642258,5.442162912569094,5.466657386775526,5.47208507492044,5.4816927294284215,5.321910304391953,5.278227084742326,5.192357192647875,5.181729757149584,5.17658727600963,5.084703459643466,4.689159261238967
300.0,2199.91,1.45,9408.333333333334,17280.0,2239.7,0.7,858160.0,825496.0,2.618470225091854,200.0,2199.9325,1.525,4548.5,2400.0,596.0,0.9,1262172.0,1228508.0,1.7918302945301543,100.0,2199.865,2.18,1013.0,1240.0,53.2,0.0,49452.0,46532.0,0.9909090909090909,300.0,2200.0,1.4833333333333334,9822.666666666666,14680.0,2892.4,0.7,857652.0,824840.0,2.6876227918658007,200.0,2199.865,1.5,4885.0,1960.0,531.7,0.9,1259176.0,1225936.0,1.8302914840922082,100.0,2199.865,2.2,531.0,1240.0,30.7,0.0,49452.0,46724.0,1.0,300.0,2199.91,1.46,10741.666666666666,14560.0,2606.2,0.7,857644.0,825232.0,2.63625843780135,193.8,2199.9325,1.595,3838.5,4240.0,559.0,0.9,1261360.0,1227788.0,1.954467517622404,100.0,2199.865,2.19,539.0,1440.0,21.8,0.0,49452.0,46728.0,0.9954545454545454,293.3,2199.955,1.4400000000000002,11747.666666666664,13280.0,2626.1,0.7,857628.0,824948.0,2.60705331312853,200.0,2199.9325,1.6,3137.5,4600.0,525.4000000000002,0.9,1262168.0,1228504.0,1.9613640693465424,100.0,2200.0,2.18,512.0,1680.0,30.4,0.0,49452.0,46532.0,0.9909090909090909,5.5534700088701285,5.492134028430438,5.58925441095101,5.512526240155706,5.431118025379711,5.43897138302154,5.443017923121551,5.375421946162825,5.314329287882843,5.344576940247778,5.282303618306316,5.034233281977408,4.629511080385372
300.0,2200.0,1.4800000000000002,9319.333333333334,19160.0,2216.8,0.7,859524.0,826576.0,2.6768730327948056,200.0,2199.9325,1.49,4413.0,2400.0,620.8,0.9,1266476.0,1232308.0,1.7597393398498369,100.0,2200.0,1.93,534.0,880.0,16.7,0.0,49452.0,46532.0,0.9698492462311558,293.8,2199.91,1.4866666666666666,9694.333333333334,16240.0,2894.5,0.7,858916.0,825912.0,2.682349538128745,200.0,2199.9325,1.55,4254.0,2760.0,456.5,0.9,1263992.0,1230004.0,1.8475274725274728,100.0,2199.865,1.99,300.0,1680.0,15.9,0.0,49452.0,46724.0,1.0,300.0,2199.91,1.46,10753.333333333334,17560.0,2702.5,0.7,858892.0,826304.0,2.6232369346085878,200.0,2200.0,1.615,4013.0,3520.0,587.9,0.9,1266040.0,1231608.0,1.9276315789473684,100.0,2200.0,1.99,311.0,1520.0,15.3,0.0,49452.0,46728.0,1.0,300.0,2199.91,1.4633333333333332,11422.0,11040.0,2433.2,0.7,858876.0,826020.0,2.627456343891289,200.0,2199.9325,1.61,3186.0,5360.0,481.1,0.9,1266472.0,1232304.0,1.9210526315789476,93.8,2200.0,2.01,303.0,1320.0,18.2,0.0,49452.0,46532.0,1.0100502512562812,5.5146948291552045,5.548186385026402,5.3698716853029955,5.469871902462819,5.456181568234285,5.448628278295837,5.380706622583144,5.351508676644524,5.318933164744529,5.328011050265899,5.223896823649898,5.198540872484023,4.4563855098813585
293.8,2199.865,1.4466666666666663,9161.666666666666,16000.0,2235.7,0.7,861512.0,828468.0,2.628323353133978,200.0,2200.0,1.505,6164.5,2600.0,1021.2,0.9,1278928.0,1242584.0,1.6028257456828885,93.8,2200.0,1.95,401.0,1160.0,20.9,0.0,49452.0,46532.0,0.9558823529411764,300.0,2199.955,1.4633333333333332,9817.0,16040.0,2873.3,0.7,860616.0,827556.0,2.6710737920614536,200.0,2199.9325,1.5550000000000002,5079.0,2640.0,625.8,0.9,1272952.0,1237592.0,1.8216212453447496,100.0,2199.865,2.04,333.0,1520.0,17.9,0.0,49452.0,46724.0,1.0,300.0,2199.91,1.4433333333333334,10692.333333333334,16560.0,2572.9,0.7,860576.0,827940.0,2.6227487652492654,200.0,2199.865,1.58,3392.5,4360.0,522.5999999999998,0.9,1277548.0,1241440.0,1.8498485955936097,100.0,2200.0,2.04,425.0,1400.0,19.6,0.0,49452.0,46728.0,1.0,300.0,2199.91,1.4433333333333334,11335.0,14880.0,2513.3,0.7,860568.0,827656.0,2.619352465598599,200.0,2200.0,1.61,4414.5,4880.0,704.8,0.9,1278924.0,1242828.0,1.888065156103164,100.0,2199.865,2.07,317.0,1840.0,22.9,0.0,49452.0,46532.0,1.0147058823529411,5.504492664251718,5.318142908654608,5.395565087126691,5.497461799352632,5.279282632938874,5.295636492033991,5.403831202320104,5.35698888542213,5.3436386127859725,5.2472737006931345,5.260699271434032,4.906613158052752,4.551176832102109
300.0,2199.865,1.4566666666666668,8369.333333333334,16400.0,2099.5,0.7,862716.0,829544.0,2.6450943335271693,200.0,2199.9325,1.56,4226.0,3080.0,862.5999999999998,0.9,1284612.0,1250332.0,1.4796030405405405,100.0,2199.865,2.09,761.0,960.0,30.1,0.0,49452.0,46532.0,1.0048076923076923,300.0,2199.91,1.4733333333333334,9464.0,18040.0,2977.5,0.7,861968.0,828904.0,2.6373067408781687,200.0,2200.0,1.55,5709.0,2320.0,785.4,0.9,1283292.0,1246212.0,1.8545751633986929,100.0,2200.0,2.07,428.0,1240.0,25.1,0.0,49452.0,46724.0,0.9951923076923076,293.8,2199.91,1.4566666666666668,10516.0,12840.0,2490.600000000001,0.7,861948.0,829280.0,2.6021645021645017,200.0,2199.9325,1.62,2579.0,2680.0,385.9,0.9,1284172.0,1246972.0,1.9421568627450982,100.0,2200.0,2.06,535.0,2520.0,32.8,0.0,49452.0,46728.0,0.9903846153846154,300.0,2199.865,1.4466666666666663,11145.666666666664,12800.0,2440.2,0.7,861944.0,828996.0,2.5856679035250463,200.0,2199.9325,1.745,25855.0,3680.0,4400.0999999999985,0.9,1294024.0,1259668.0,2.1094771241830066,100.0,2200.0,2.04,563.0,1880.0,48.1,0.0,49452.0,46532.0,0.9807692307692308,5.615956043461752,4.997601759766939,5.648654691174163,5.499185363574729,5.038336813001991,4.994922600726172,5.430220315505795,5.438447209919545,5.481121147607287,5.053246694987767,5.062335908511281,4.820749318851997,5.01506740942652
300.0,2199.955,1.5066666666666666,7062.0,10240.0,2188.3,0.7,863160.0,830072.0,2.7584476413516223,193.8,2199.9325,1.565,8905.5,2520.0,1619.3,0.9,1294028.0,1259672.0,1.6800022893772892,100.0,2200.0,2.13,964.0,1080.0,30.8,0.0,49452.0,46532.0,0.9594594594594592,300.0,2199.865,1.47,8633.666666666666,16280.0,2768.3,0.7,862712.0,829432.0,2.6815613490986627,200.0,2200.0,1.54,3956.0,2080.0,427.5,0.9,1284608.0,1249148.0,1.4639780405405405,100.0,2200.0,2.22,549.0,1560.0,32.7,0.0,49452.0,46724.0,1.0,300.0,2199.91,1.4466666666666663,10010.333333333334,13760.0,2449.9,0.7,862696.0,829824.0,2.6307149318343344,193.8,2199.9325,1.61,7951.5,3120.0,1409.3,0.9,1294024.0,1259672.0,1.5216638513513514,100.0,2199.865,2.22,595.0,1720.0,27.9,0.0,49452.0,46728.0,1.0,293.8,2199.955,1.4366666666666668,10794.0,17080.0,2319.1,0.7,862672.0,829540.0,2.609719260838664,200.0,2199.9325,1.6,5385.0,4880.0,878.6,0.9,1294024.0,1259668.0,1.5183488175675677,100.0,2199.865,2.22,580.0,1520.0,36.1,0.0,49452.0,46532.0,1.0,5.0856245256914905,5.551277640270177,4.997280525740347,5.0172712493025,5.403540590947308,5.2902510735533115,5.030747356528607,5.023270495591923,4.991116674710424,5.104817028137924,5.286741345151323,4.999551389849897,4.144160973960082
300.0,2199.955,1.4666666666666668,7393.0,20160.0,2126.2,0.7,864172.0,830864.0,2.792105154478892,200.0,2199.9325,1.545,9739.0,2160.0,1773.0,0.9,1294028.0,1260684.0,1.7464987793909803,100.0,2200.0,1.91,664.0,1120.0,51.9,0.0,49452.0,46532.0,0.9597989949748744,300.0,2199.955,1.5199999999999998,7177.0,19200.0,2300.3,0.7,863156.0,829960.0,2.7747741719638674,200.0,2200.0,1.56,9027.5,1640.0,1443.1,0.9,1294024.0,1259764.0,1.674793956043956,100.0,2199.865,1.97,331.0,1720.0,18.4,0.0,49452.0,46724.0,0.9899497487437184,293.8,2199.865,1.4733333333333334,9088.0,12600.0,2273.2,0.7,863116.0,830352.0,2.66825025092004,200.0,2200.0,1.625,9560.0,3680.0,1710.1999999999996,0.9,1294024.0,1260420.0,1.7442193223443223,100.0,2200.0,1.98,382.0,1600.0,19.4,0.0,49452.0,46728.0,0.9949748743718592,300.0,2199.955,1.4666666666666668,10023.666666666666,16960.0,2314.2,0.7,863108.0,829804.0,2.664202074272332,200.0,2199.9325,1.785,35332.0,5000.0,5864.2,0.9,1299180.0,1266228.0,1.9105998168498168,100.0,2200.0,2.01,324.0,1920.0,22.6,0.0,49452.0,46532.0,1.0100502512562812,5.564754461955954,5.44016556822912,5.361279890104517,5.4432227753589695,5.610292031327552,5.584001605183286,5.2859457421024585,5.243234874578159,5.1859000695754425,5.369793591584742,5.414640658383927,5.236035148947911,4.447607556236288
300.0,2199.955,1.45,6273.333333333332,15720.0,1971.9,0.7,866880.0,833232.0,2.5194922190157016,193.8,2200.0,1.73,4794.0,1920.0,808.0999999999998,0.9,1303944.0,1271628.0,2.177062771417292,93.8,2200.0,2.08,921.0,1000.0,63.4,0.0,49452.0,46532.0,1.04,300.0,2199.955,1.4533333333333331,6162.666666666668,16160.0,1987.0,0.7,866356.0,832584.0,2.696143057503506,200.0,2199.9325,1.625,3481.0,2920.0,305.2,0.9,1303940.0,1271764.0,1.8983957219251335,100.0,2200.0,2.01,492.0,960.0,46.6,0.0,49452.0,46724.0,1.005,300.0,2199.91,1.4566666666666668,7980.333333333332,17920.0,2323.3,0.7,866308.0,832976.0,2.7071178120617114,200.0,2199.865,1.765,3368.0,2720.0,596.0,0.9,1303940.0,1271628.0,2.066521339282673,100.0,2200.0,2.0,506.0,1360.0,37.4,0.0,49452.0,46728.0,1.0,293.8,2199.865,1.413333333333333,8136.666666666668,13800.0,2081.2,0.7,866284.0,832692.0,2.616608228143993,200.0,2199.865,1.78,1409.0,5000.0,231.2,0.9,1303940.0,1271624.0,2.082564120031336,100.0,2200.0,1.99,411.0,1240.0,47.2,0.0,49452.0,46532.0,0.995,5.798138892651912,5.834130037040748,5.7337883686910684,5.850547355599779,5.659222781952376,5.7170976278158685,5.7081219971031025,5.653597058118933,5.581262348412206,5.518100183699524,5.231538505710856,5.391765416465257,4.885850785921519
300.0,2199.91,1.59,9409.0,16800.0,1960.2,0.30000000000000004,334000.0,324520.0,2.566979570550756,200.0,2200.0,1.245,12878.0,2080.0,2454.6,0.7,1001628.0,984276.0,1.7505307855626326,100.0,2199.865,1.42,1152.0,800.0,159.7,0.0,5476.0,3188.0,1.0070921985815602,293.8,2199.955,1.62,8727.0,14920.0,1831.5,0.30000000000000004,332036.0,322444.0,2.649567883862192,200.0,2200.0,1.28,7478.0,2440.0,1147.7,0.7,1001596.0,984412.0,1.8076766026949775,100.0,2200.0,1.42,601.0,1360.0,7.0,0.0,5476.0,3188.0,1.0,293.8,2199.91,1.6033333333333333,9791.333333333334,15920.0,1765.5,0.30000000000000004,331700.0,322180.0,2.6165077745725744,200.0,2200.0,1.33,11547.5,3840.0,2363.7,0.7,1001628.0,984468.0,1.879644752960392,93.8,2200.0,1.42,489.0,1480.0,235.1,0.0,5476.0,3184.0,1.0,300.0,2199.91,1.61,9788.0,14360.0,2031.2,0.30000000000000004,331700.0,322444.0,2.623918830178944,200.0,2199.865,1.335,10691.5,5400.0,1910.9,0.7,1001628.0,984340.0,1.8859738668844424,100.0,2200.0,1.42,610.0,1280.0,110.7,0.0,5476.0,3184.0,1.0,5.515182442875999,5.5595776057708255,5.564527318626465,5.541241995255238,5.34562769474724,5.485160972959278,5.45469649208496,5.499316157255949,5.082838568587691,4.867758780206769,4.816103889068941,4.669741120317934,4.291287365087916
300.0,2199.91,1.6000000000000003,10141.666666666666,20320.0,2046.1,0.30000000000000004,340220.0,330592.0,2.608118952968004,200.0,2199.9325,1.285,12878.0,2400.0,2218.8,0.7,1001676.0,984756.0,1.7461703650680032,100.0,2199.865,1.41,1092.0,960.0,152.7,0.0,5476.0,3188.0,1.0,300.0,2199.955,1.59,10431.666666666666,18120.0,2039.7,0.30000000000000004,338436.0,328780.0,2.613214240670706,200.0,2199.9325,1.3050000000000002,6449.5,2600.0,1972.3,0.7,1001676.0,984756.0,1.7678646934460889,100.0,2200.0,1.42,616.0,1240.0,5.2,0.0,5476.0,3188.0,1.0070921985815602,300.0,2199.91,1.586666666666667,11373.0,14520.0,1911.1,0.30000000000000004,338092.0,328516.0,2.596423275072132,200.0,2200.0,1.37,10788.5,3560.0,2253.3,0.7,1001676.0,984684.0,1.8551092318534184,100.0,2200.0,1.42,480.0,1280.0,239.8,0.0,5476.0,3184.0,1.0070921985815602,300.0,2199.865,1.5466666666666666,12053.0,11320.0,2236.7,0.30000000000000004,337956.0,328516.0,2.5306079021723478,200.0,2199.9325,1.35,10993.5,5560.0,2031.1,0.7,1001676.0,984752.0,1.8224101479915435,100.0,2200.0,1.42,611.0,1160.0,114.1,0.0,5476.0,3184.0,1.0070921985815602,5.394606144778393,5.44299713358531,5.376613134270563,5.375517841153224,5.317280474280309,5.261777197769104,5.196991638361216,5.144369458793747,5.114978509728791,5.053791737346083,4.9843356457628945,4.895106323328129,4.263237574859911
300.0,2199.91,1.586666666666667,11205.666666666664,15920.0,2221.7,0.30000000000000004,342960.0,333496.0,2.595214852430559,200.0,2199.9325,1.28,14248.5,2480.0,2648.9,0.7,1001692.0,984756.0,1.7281746031746033,100.0,2199.865,1.42,1154.0,1040.0,159.8,0.0,5476.0,3188.0,1.0070921985815602,300.0,2199.91,1.5333333333333332,11756.666666666664,16480.0,2253.6,0.30000000000000004,341244.0,331684.0,2.5414312617702453,200.0,2200.0,1.3250000000000002,6554.0,2680.0,1035.2,0.7,1001692.0,984756.0,1.8101556886227548,100.0,2200.0,1.42,611.0,1200.0,7.7,0.0,5476.0,3188.0,1.0070921985815602,300.0,2200.0,1.5199999999999998,13002.0,14680.0,2090.9,0.30000000000000004,341140.0,331420.0,2.5192090395480227,200.0,2199.9325,1.42,6597.5,3320.0,1629.8000000000004,0.7,1001692.0,984684.0,1.946059880239521,100.0,2200.0,1.42,486.0,1320.0,249.3,0.0,5476.0,3184.0,1.0070921985815602,300.0,2199.91,1.5066666666666668,13066.0,15960.0,2469.5,0.30000000000000004,340840.0,331420.0,2.498305084745762,200.0,2199.865,1.4,11712.0,4440.0,2099.6,0.7,1001692.0,984752.0,1.9120479041916163,100.0,2200.0,1.42,594.0,1120.0,108.2,0.0,5476.0,3184.0,1.0070921985815602,5.400921038927325,5.331571142505519,5.403112411419086,5.222093254330962,5.279003496032787,5.254775766182379,5.223406429266888,5.197498383289876,5.184333112817766,5.155757620902708,5.032856783185974,4.9074655240133,4.299417029568372
300.0,2200.0,1.5333333333333332,12540.0,17080.0,2393.0,0.30000000000000004,346032.0,336448.0,2.5487543884961283,200.0,2200.0,1.33,12744.0,2560.0,2213.1,0.7,1001692.0,984756.0,1.8690126582278483,100.0,2200.0,1.42,1125.0,800.0,155.3,0.0,5476.0,3188.0,1.0070921985815602,300.0,2199.865,1.5233333333333334,12463.0,14040.0,2399.1,0.30000000000000004,344060.0,334588.0,2.5116877864166725,200.0,2200.0,1.3,8513.5,2440.0,1240.0,0.7,1001692.0,984756.0,1.7626190476190478,100.0,2200.0,1.42,635.0,1360.0,6.2,0.0,5476.0,3188.0,1.0070921985815602,300.0,2199.865,1.5166666666666666,14009.666666666664,16280.0,2239.5,0.30000000000000004,343472.0,334060.0,2.49507165708283,200.0,2199.9325,1.44,5743.5,3360.0,1859.8,0.7,1001692.0,984684.0,1.9661428571428567,100.0,2200.0,1.42,509.0,1600.0,246.0,0.0,5476.0,3184.0,1.0070921985815602,300.0,2199.91,1.4966666666666664,13999.0,13760.0,2707.7,0.30000000000000004,343304.0,334060.0,2.462865191915472,200.0,2200.0,1.39,10829.0,4960.0,1978.1,0.7,1001692.0,984752.0,1.886142857142857,100.0,2200.0,1.42,619.0,1280.0,112.4,0.0,5476.0,3184.0,1.0070921985815602,5.400327088228637,5.356149807128489,5.286363052604304,5.253387437318796,5.273521589162917,5.1950611615570965,5.1881239089021305,5.127390528141144,5.107888508854703,5.0983157068073695,4.992577522692583,4.878836267817906,4.442005401215063
300.0,2199.91,1.5266666666666666,7554.0,16280.0,1471.2,0.30000000000000004,357628.0,348056.0,2.6794830691248537,200.0,2199.865,1.24,11970.0,2440.0,1995.6,0.7,1001728.0,984756.0,1.6745036572622782,100.0,2200.0,1.42,1043.0,880.0,136.3,0.0,5476.0,3188.0,1.0070921985815602,300.0,2199.91,1.49,13246.666666666664,15280.0,2415.1,0.30000000000000004,350788.0,340924.0,2.6509121834846363,200.0,2199.9325,1.29,6607.5,2320.0,2000.3,0.7,1001692.0,984756.0,1.730677107323814,100.0,2200.0,1.42,621.0,1320.0,6.1,0.0,5476.0,3188.0,1.0070921985815602,300.0,2199.91,1.4866666666666666,14906.333333333336,14280.0,2364.2,0.30000000000000004,346340.0,336964.0,2.638767599623695,200.0,2199.9325,1.38,6072.5,3000.0,1435.6,0.7,1001724.0,984684.0,1.8589129433440807,100.0,2199.865,1.42,476.0,1440.0,227.3,0.0,5476.0,3184.0,1.0070921985815602,300.0,2200.0,1.4533333333333331,15265.0,15440.0,2943.8,0.30000000000000004,346196.0,336600.0,2.5764459775407564,200.0,2199.9325,1.35,10635.5,4400.0,2271.8,0.7,1001724.0,984752.0,1.8127590971902348,100.0,2199.865,1.42,587.0,1240.0,106.6,0.0,5476.0,3184.0,1.0070921985815602,5.397872519096771,5.3352408614710365,5.36251444917445,5.2547317360973125,5.257713684727569,5.2567115366744055,5.255367353057863,5.226775590156505,5.1654438683621136,5.11582764632818,5.05497412470723,4.976122176966177,4.408817241938661
293.8,2199.955,1.47,10330.666666666666,19280.0,1870.6,0.30000000000000004,381780.0,372364.0,2.5510929970900382,193.8,2200.0,1.27,13960.0,2400.0,2313.4,0.7,1001744.0,984756.0,1.7466341463414636,100.0,2200.0,1.41,1135.0,960.0,156.0,0.0,5476.0,3188.0,1.0,300.0,2199.91,1.4333333333333331,10260.666666666666,15480.0,2054.6,0.30000000000000004,379276.0,369716.0,2.47610096180585,200.0,2199.865,1.315,6496.5,2480.0,1060.4,0.7,1001744.0,984756.0,1.7613814034765016,100.0,2200.0,1.42,648.0,1160.0,6.0,0.0,5476.0,3188.0,1.0070921985815602,300.0,2199.91,1.413333333333333,10670.0,15960.0,1878.9,0.30000000000000004,378372.0,368924.0,2.4459899379188923,200.0,2199.9325,1.375,6784.5,3640.0,1144.0,0.7,1001740.0,984684.0,1.8449369999080292,100.0,2200.0,1.42,483.0,1400.0,226.3,0.0,5476.0,3184.0,1.0070921985815602,293.8,2199.865,1.4166666666666667,10902.0,13720.0,2213.9,0.30000000000000004,377376.0,367868.0,2.443551232641406,193.8,2199.865,1.415,5491.5,5680.0,1213.5,0.7,1001740.0,984752.0,1.9060057021981052,100.0,2200.0,1.42,607.0,1120.0,101.2,0.0,5476.0,3184.0,1.0070921985815602,5.386789070600098,5.303843219436711,5.401925262331298,5.405555032484994,5.510309658322367,5.084443441092363,5.119484393420598,4.97097405596641,4.992293069259186,5.021199442487997,4.922597019601595,4.843742781403746,4.348570874973503
293.8,2199.955,1.4166666666666667,12263.0,17520.0,2336.6,0.30000000000000004,388476.0,378964.0,2.4555757218821315,200.0,2200.0,1.265,9735.0,2560.0,1359.4,0.7,1001744.0,984756.0,1.7153733390078971,100.0,2199.865,1.42,1078.0,840.0,152.5,0.0,5476.0,3188.0,1.0070921985815602,300.0,2200.0,1.4,12526.666666666664,17200.0,2173.8,0.30000000000000004,386004.0,376580.0,2.4348940842159648,200.0,2200.0,1.34,7444.0,2480.0,1575.0,0.7,1001744.0,984756.0,1.8477456422241696,100.0,2199.865,1.41,672.0,1280.0,7.1,0.0,5476.0,3188.0,0.9929577464788732,300.0,2199.91,1.36,13141.333333333336,14960.0,2334.7,0.30000000000000004,384852.0,375524.0,2.3641694652544563,200.0,2199.865,1.3450000000000002,12903.0,3720.0,2289.4,0.7,1001740.0,984684.0,1.8520790729379688,100.0,2199.865,1.42,499.0,1360.0,245.9,0.0,5476.0,3184.0,1.0,293.8,2199.955,1.37,13642.0,14840.0,2587.6,0.30000000000000004,384072.0,374732.0,2.3757749935417203,200.0,2199.9325,1.395,6425.5,5080.0,1739.4,0.7,1001740.0,984752.0,1.929642613691693,100.0,2199.865,1.42,606.0,1160.0,112.2,0.0,5476.0,3184.0,1.0,5.337065134699972,5.260610631868912,5.321239920989751,5.2803425071719055,5.216886410176999,5.315327724887681,5.468620333639915,5.1371010592634985,5.101208094482648,5.0668009302035655,4.9970446569557385,4.936758770449239,4.508136071855161
300.0,2199.91,1.4333333333333331,12887.0,17560.0,2235.0,0.30000000000000004,394824.0,385300.0,2.438644783787641,200.0,2199.9325,1.28,6844.5,2400.0,993.7,0.7,1001744.0,984756.0,1.7771194390954426,100.0,2200.0,1.42,952.0,960.0,118.3,0.0,5476.0,3188.0,1.0070921985815602,300.0,2199.865,1.3666666666666665,14143.666666666664,16000.0,2385.7,0.30000000000000004,392228.0,382652.0,2.3445961718020545,200.0,2200.0,1.305,6754.0,2160.0,1956.9,0.7,1001744.0,984756.0,1.86480597634364,100.0,2199.865,1.41,663.0,1120.0,7.3,0.0,5476.0,3188.0,0.9929577464788732,293.8,2199.865,1.34,14981.666666666664,17320.0,2549.0,0.30000000000000004,391128.0,381596.0,2.284313725490196,200.0,2200.0,1.3250000000000002,12868.5,3760.0,2539.600000000001,0.7,1001740.0,984684.0,1.8807843951027183,100.0,2200.0,1.42,485.0,1400.0,249.2,0.0,5476.0,3184.0,1.0,300.0,2199.91,1.3433333333333335,15587.333333333336,12960.0,2903.6,0.30000000000000004,389952.0,380540.0,2.2912581699346406,200.0,2199.9325,1.415,5366.0,4600.0,1384.8,0.7,1001740.0,984752.0,2.0227225565470013,100.0,2199.865,1.42,602.0,1160.0,111.1,0.0,5476.0,3184.0,1.0,5.189165999293144,5.169482330872446,5.241623425326416,5.237237107957938,5.142140982457208,5.2721929506394805,5.264139535595659,5.337511097335108,5.046542228290639,5.056749475746583,4.966148344583735,4.935861229737797,4.474901845984295
300.0,2200.0,1.3766666666666667,14672.666666666664,17440.0,2790.9,0.30000000000000004,402964.0,393484.0,2.395790680250352,200.0,2199.9325,1.27,6489.5,2280.0,1837.6,0.7,1001744.0,984756.0,1.7457783385093166,100.0,2200.0,1.41,1032.0,1040.0,143.9,0.0,5476.0,3188.0,1.0,293.8,2199.865,1.3299999999999998,15319.666666666664,18840.0,2651.7,0.30000000000000004,400280.0,390836.0,2.3191461798619493,200.0,2200.0,1.2999999999999998,6960.0,2880.0,1977.1,0.7,1001744.0,984756.0,1.8362652916793043,100.0,2199.865,1.41,679.0,1400.0,6.8,0.0,5476.0,3188.0,1.0,300.0,2199.91,1.2999999999999998,16638.0,17320.0,2752.5,0.30000000000000004,398968.0,389516.0,2.2672722058503587,200.0,2199.9325,1.34,9769.5,3760.0,2161.7,0.7,1001740.0,984684.0,1.8872207056920431,100.0,2199.865,1.42,483.0,1520.0,233.3,0.0,5476.0,3184.0,1.0070921985815602,293.8,2199.91,1.3066666666666666,17340.0,14600.0,3199.0,0.30000000000000004,397756.0,388460.0,2.2692322145527184,200.0,2199.9325,1.395,8800.0,5520.0,1794.3,0.7,1001740.0,984752.0,1.9729552118087152,100.0,2199.865,1.42,613.0,1320.0,110.5,0.0,5476.0,3184.0,1.0070921985815602,5.032983075962263,5.218054528906929,5.2496540929099265,5.19257881090733,5.104575671464743,5.196449712722299,5.107147904068475,5.1183450498703555,5.035125767388941,4.998693429934919,5.111593689027896,4.889150608669769,4.464560619459816
293.8,2200.0,1.4,15333.0,14160.0,2913.7,0.30000000000000004,408612.0,399100.0,2.2426452178748124,200.0,2199.9325,1.265,7865.5,2360.0,1060.9,0.7,1001744.0,984756.0,1.7472462627852086,100.0,2199.865,1.42,1007.0,920.0,137.6,0.0,5476.0,3188.0,1.0070921985815602,293.8,2199.955,1.36,15594.333333333336,14520.0,2798.4,0.30000000000000004,405424.0,396116.0,2.379748774509804,193.8,2200.0,1.3050000000000002,9132.5,2480.0,2062.1,0.7,1001744.0,984756.0,1.8326266908944076,100.0,2199.865,1.41,661.0,1240.0,8.4,0.0,5476.0,3188.0,1.0,300.0,2199.91,1.336666666666667,16168.333333333336,17520.0,2809.2,0.30000000000000004,403872.0,394532.0,2.346602182539683,200.0,2200.0,1.375,9353.0,3680.0,2071.4,0.7,1001740.0,984684.0,1.9340803553401975,100.0,2200.0,1.42,480.0,1600.0,238.0,0.0,5476.0,3184.0,1.0070921985815602,300.0,2199.865,1.346666666666667,16286.0,14400.0,2969.8,0.30000000000000004,403068.0,393740.0,2.3480027427637724,200.0,2200.0,1.395,7596.5,4600.0,1895.3,0.7,1001740.0,984752.0,1.9670401776700992,100.0,2199.865,1.42,595.0,1200.0,110.5,0.0,5476.0,3184.0,1.0070921985815602,5.047857492738623,5.26689121585655,5.20330822852776,5.123787780256587,4.878891201389202,5.175884686553935,5.134800879722097,5.119050895345144,5.040399978335902,4.981607310627792,4.89140977327952,4.848674938203756,4.463888535125465
300.0,2199.91,1.96,39661.0,19760.0,10112.7,0.30000000000000004,375120.0,352944.0,2.5471111622104425,200.0,2199.865,0.6699999999999999,23341.0,2360.0,4162.5,0.7999999999999999,1058404.0,1044012.0,1.4819291819291818,100.0,2200.0,2.24,54.0,120.0,1.0,0.0,15204.0,996.0,0.9955555555555556,293.8,2199.955,1.97,39927.66666666666,17800.0,10474.4,0.30000000000000004,375116.0,352672.0,2.554772057894017,200.0,2200.0,0.66,23250.0,2240.0,4171.2,0.7999999999999999,1056696.0,1042248.0,1.4598290598290602,100.0,2200.0,2.25,6.0,200.0,0.1,0.0,15204.0,996.0,1.0,300.0,2200.0,1.906666666666667,39671.0,18480.0,10997.6,0.30000000000000004,375260.0,352940.0,2.4927176520590564,200.0,2199.9325,0.72,22426.5,4320.0,3690.9,0.7999999999999999,1061180.0,1046772.0,1.5923076923076924,100.0,2200.0,2.25,9.0,640.0,1.2,0.0,15204.0,992.0,1.0,300.0,2199.955,1.96,40311.66666666666,16760.0,9868.0,0.30000000000000004,375116.0,352940.0,2.534575504696467,200.0,2200.0,0.7350000000000001,21720.5,5240.0,3955.7,0.7999999999999999,1063164.0,1048880.0,1.6252747252747253,100.0,2200.0,2.25,7.0,400.0,0.4,0.0,15204.0,996.0,1.0,5.152388882750809,5.046826392486927,5.0863302071953225,5.041593832632809,5.103173898578769,5.087369210314831,5.0902503393507486,5.1379161674985045,5.042903285670887,5.057597513005504,4.9415360065998515,4.759960285669903,4.484686166555871
300.0,2199.865,1.89,38985.66666666666,22240.0,11179.9,0.30000000000000004,376880.0,355832.0,2.468319059261148,200.0,2200.0,0.465,26464.5,2720.0,4754.0,0.8999999999999999,1091008.0,1076484.0,1.1873052320813513,100.0,2200.0,2.2,154.0,240.0,0.7,0.0,15204.0,996.0,0.990990990990991,300.0,2199.91,1.89,39355.66666666666,18560.0,11466.5,0.30000000000000004,376876.0,355824.0,2.4641031794471817,193.8,2199.9325,0.465,26219.5,2280.0,4585.4,0.8999999999999999,1091016.0,1076568.0,1.1873052320813513,100.0,2200.0,2.22,7.0,240.0,0.3,0.0,15204.0,996.0,1.0,300.0,2199.91,1.88,39043.66666666666,16720.0,11565.0,0.30000000000000004,376812.0,355848.0,2.4688192390441364,200.0,2199.865,0.52,23841.0,3760.0,3751.5,0.8999999999999999,1091012.0,1076604.0,1.3278661636870592,100.0,2200.0,2.22,10.0,480.0,1.0,0.0,15204.0,992.0,1.0,300.0,2199.955,1.893333333333333,39442.66666666666,14440.0,10896.7,0.30000000000000004,376876.0,355828.0,2.459119695681319,200.0,2199.865,0.54,23614.5,5000.0,3995.3,0.8999999999999999,1091016.0,1076600.0,1.3757585697884205,100.0,2200.0,2.22,8.0,480.0,0.5,0.0,15204.0,996.0,1.0,4.89075561671237,4.947778592755939,5.056290385225071,5.122813523945584,5.083817428855807,5.149422454405869,5.141893430773154,5.141781793984401,5.144757155632903,5.133044416960917,5.130061753691172,4.927419338130097,4.574038182346109
300.0,2199.91,1.4866666666666664,8408.666666666666,13880.0,1942.1,0.30000000000000004,415880.0,373660.0,2.6598941818621387,200.0,2199.9325,1.495,16669.5,2400.0,2858.5,0.2,305568.0,287764.0,1.6105442176870748,100.0,2199.865,1.8,716.0,960.0,20.8,0.0,10536.0,5408.0,1.0,300.0,2200.0,1.4733333333333334,8769.333333333334,16160.0,2072.2,0.30000000000000004,415740.0,375196.0,2.635815441265354,200.0,2199.9325,1.4300000000000002,17254.0,2040.0,2349.7,0.2,303388.0,285596.0,1.5589569160997734,100.0,2199.865,1.81,230.0,1160.0,46.7,0.0,10536.0,5408.0,1.0055555555555555,300.0,2199.91,1.47,8843.666666666666,14200.0,3540.6,0.30000000000000004,416260.0,373828.0,2.620000061990708,200.0,2200.0,1.5550000000000002,15085.0,2360.0,2535.3,0.2,305316.0,287780.0,1.695578231292517,100.0,2199.865,1.62,172.0,1320.0,14.6,0.0,10536.0,5408.0,0.9,300.0,2199.865,1.4633333333333332,9227.666666666666,13560.0,3269.600000000001,0.30000000000000004,416252.0,373800.0,2.603739899389081,200.0,2199.865,1.585,14469.0,3640.0,2347.6,0.2,303764.0,285908.0,1.7443310657596371,100.0,2200.0,1.8,228.0,1640.0,19.6,0.0,10536.0,5408.0,1.0,5.345581567847405,5.310774844620095,5.323475984439688,5.4070027929344,5.445241664975099,5.2732194316975445,5.213631632032257,5.212123408617279,5.173213575931227,5.1272763583487135,4.873881632706697,4.578279347966556,4.334804653258667
300.0,2199.91,1.4333333333333331,9336.666666666666,15680.0,2040.5,0.30000000000000004,419396.0,376020.0,2.566050583657588,200.0,2200.0,1.17,15029.0,2360.0,3532.0,0.2,314532.0,299460.0,1.3952302178108629,100.0,2200.0,1.98,1240.0,880.0,21.0,0.0,10536.0,5408.0,0.9801980198019802,293.3,2199.955,1.42,10161.666666666666,15040.0,2063.9,0.30000000000000004,419352.0,377560.0,2.5282749675745793,193.8,2199.9325,0.995,27484.0,2920.0,4085.9,0.2,315128.0,299472.0,1.2003032809484422,100.0,2199.865,2.0,396.0,1440.0,230.1,0.0,10536.0,5408.0,0.99009900990099,300.0,2199.91,1.38,11778.0,15320.0,3980.4,0.30000000000000004,419324.0,376752.0,2.481582360570688,200.0,2199.865,1.33,13467.5,3240.0,2178.6,0.2,315784.0,300000.0,1.5643782740556935,100.0,2200.0,2.06,414.0,1600.0,22.5,0.0,10536.0,5408.0,1.0198019801980198,300.0,2199.865,1.3733333333333333,12471.0,13320.0,3209.8,0.30000000000000004,419316.0,376752.0,2.4693579766536966,200.0,2199.9325,1.385,12798.0,5080.0,2042.3,0.2,316428.0,300780.0,1.643782740556934,93.8,2200.0,2.0,431.0,1600.0,23.9,0.0,10536.0,5408.0,0.99009900990099,5.470841701000158,5.470075253076542,5.442115210343468,5.197737436675376,5.142440453071,5.379224172625119,5.238998731818152,5.263990704231174,5.037184638219352,5.003413145984824,5.1227295197307265,4.706093861527196,4.2666935682233005
287.1,2200.0,1.46,11349.666666666664,17840.0,2413.0,0.30000000000000004,420552.0,376996.0,2.5366606595928656,200.0,2199.9325,0.72,20127.0,2520.0,3205.6,0.6000000000000001,787852.0,771800.0,1.0909090909090908,100.0,2200.0,1.78,1261.0,1000.0,23.2,0.0,10536.0,5408.0,0.941798941798942,300.0,2199.955,1.4533333333333331,11230.333333333336,17000.0,2211.7,0.30000000000000004,420540.0,378276.0,2.5219547772399245,200.0,2200.0,0.63,22154.0,2640.0,5111.3,0.6000000000000001,787868.0,771876.0,0.9696969696969696,100.0,2200.0,1.88,513.0,1680.0,140.8,0.0,10536.0,5408.0,0.9947089947089948,300.0,2199.91,1.403333333333333,11759.666666666664,19080.0,3725.5,0.30000000000000004,420404.0,377352.0,2.4453494339073725,193.3,2200.0,0.8300000000000001,17958.0,3960.0,2569.5,0.6000000000000001,792352.0,776628.0,1.2262626262626264,100.0,2200.0,1.7,353.0,1600.0,30.7,0.0,10536.0,5408.0,0.8994708994708995,287.5,2199.865,1.3766666666666667,11241.666666666664,12000.0,3116.3,0.30000000000000004,420388.0,377348.0,2.4033702916528608,200.0,2200.0,0.96,15524.5,5320.0,2542.3,0.6000000000000001,795240.0,779256.0,1.3818181818181818,100.0,2200.0,1.87,495.0,2000.0,33.2,0.0,10536.0,5408.0,0.9894179894179896,5.170357341795535,5.237290116910362,5.273749793694948,5.113151911125736,5.111956385990877,5.190388303520961,5.195087628697867,5.1121805688888236,4.974434327858765,4.9380138389781365,4.893438810484483,4.87005760946994,4.365624667495681
293.8,2199.91,1.41,12917.666666666664,14000.0,2530.3,0.30000000000000004,421180.0,377732.0,2.517702531503234,200.0,2199.9325,0.72,19808.0,2760.0,3231.2,0.6000000000000001,807124.0,791072.0,1.4407407407407409,100.0,2200.0,1.99,1227.0,1320.0,39.4,0.0,10876.0,5776.0,0.961352657004831,300.0,2199.955,1.4166666666666667,13632.333333333336,17040.0,2535.9,0.30000000000000004,421176.0,379264.0,2.5261058928477724,200.0,2199.9325,0.725,19811.5,2640.0,2604.7,0.6000000000000001,806348.0,790356.0,1.4499999999999995,100.0,2199.865,2.06,495.0,1200.0,311.9,0.0,10876.0,5776.0,0.995169082125604,300.0,2199.955,1.4466666666666663,13978.666666666664,15280.0,4258.2,0.30000000000000004,421156.0,378456.0,2.55301389065885,200.0,2199.9325,1.05,22428.0,4760.0,4847.7,0.30000000000000004,339420.0,324216.0,2.057407407407408,100.0,2199.865,1.98,331.0,1840.0,21.8,0.0,10876.0,5776.0,0.9565217391304348,300.0,2199.955,1.4333333333333331,14513.333333333336,17520.0,3566.6,0.30000000000000004,421148.0,378452.0,2.528617156050645,200.0,2200.0,0.755,19202.5,4640.0,2940.6,0.30000000000000004,343472.0,327148.0,1.5185185185185186,100.0,2199.865,2.07,510.0,1600.0,37.2,0.0,10876.0,5776.0,1.0,4.502338961307041,4.928626665233657,5.100454848038606,4.909434520165485,4.9132821614340445,5.210360359207681,5.248919357397655,5.1983395901790725,4.777844481037533,4.742869872698806,5.2358513826520205,4.4121460404180874,3.9964152956601238
300.0,2199.91,1.78,2159.0,12600.0,449.9,0.4,609092.0,584924.0,2.915231752809913,200.0,2200.0,1.225,46229.0,2000.0,9854.1,1.0,1342700.0,1308232.0,1.4583333333333333,100.0,2199.865,1.62,2844.0,800.0,35.0,0.0,159356.0,47112.0,0.9878048780487806,300.0,2199.955,1.7733333333333334,2439.6666666666665,11840.0,609.9,0.4,609092.0,584664.0,2.907199624295857,200.0,2200.0,1.235,46481.5,2800.0,8724.1,1.0,1340196.0,1305876.0,1.46875,100.0,2199.865,1.63,338.0,1720.0,33.1,0.0,159356.0,47112.0,0.9939024390243902,300.0,2199.865,1.7266666666666666,2575.6666666666665,14880.0,695.8000000000002,0.4,609372.0,585448.0,2.8930178009125376,200.0,2199.9325,1.56,35943.5,4080.0,7008.5,1.0,1325256.0,1290996.0,1.8658522167487688,100.0,2200.0,1.63,736.0,1840.0,75.8,0.0,159356.0,47112.0,0.9939024390243902,300.0,2199.865,1.6766666666666663,2975.0,15800.0,708.2,0.4,609372.0,585448.0,2.831614292140608,200.0,2200.0,1.6150000000000002,33403.0,5280.0,5870.5,1.0,1340320.0,1306028.0,1.9323349753694583,100.0,2200.0,1.63,348.0,1320.0,56.2,0.0,159356.0,47180.0,0.9939024390243902,5.5355650009355575,5.597538266417215,5.5985523260240795,5.61951919797951,5.657775817159133,5.623978537571684,5.80732557052853,5.726822426737652,5.758328089910539,5.6587245581394345,5.620983959892103,5.413798734307284,4.4295705204377285
300.0,2199.865,1.7666666666666666,2113.0,9520.0,433.1,0.4,610064.0,586244.0,2.8819881528544777,200.0,2199.9325,1.305,21189.0,2840.0,4381.5,1.1,1400324.0,1367424.0,1.512266852410804,100.0,2200.0,1.62,1807.0,960.0,31.7,0.0,159356.0,47112.0,0.9878048780487806,293.8,2199.91,1.7366666666666666,2471.333333333333,14520.0,635.1,0.4,610064.0,585984.0,2.8457315058025188,193.8,2200.0,1.385,15744.0,3080.0,2814.100000000001,1.1,1399664.0,1366912.0,1.6478600727497872,100.0,2200.0,1.63,264.0,1240.0,27.7,0.0,159356.0,47112.0,0.9939024390243902,300.0,2199.91,1.7466666666666668,2366.6666666666665,13520.0,655.2,0.4,610196.0,586240.0,2.8500710980749333,200.0,2200.0,1.59,28021.0,3240.0,5432.2,1.1,1423168.0,1390400.0,1.5951256281407034,100.0,2200.0,1.63,744.0,1520.0,66.8,0.0,159356.0,47112.0,0.9939024390243902,300.0,2199.955,1.72,2741.0,15280.0,680.0,0.4,610340.0,586240.0,2.817867960418092,200.0,2199.9325,1.63,27840.5,2560.0,4791.0,1.1,1430064.0,1397552.0,1.635402010050251,100.0,2199.865,1.63,341.0,1240.0,55.8,0.0,159356.0,47180.0,0.9939024390243902,5.7015763708626475,5.7134317326548345,5.707352602723055,5.726688074267964,5.721919126669363,5.740923831100965,5.7896707172342285,5.612478890183136,5.642972663652,5.730988563436532,5.607061439810655,5.460561669951921,4.617804621251571
300.0,2199.955,1.7666666666666666,2027.666666666667,10320.0,419.0,0.4,613148.0,589412.0,2.852571904221161,200.0,2199.9325,1.47,19170.5,1120.0,3781.9,1.1,1473780.0,1441016.0,1.6206578738280628,100.0,2200.0,1.62,2678.0,800.0,42.7,0.0,159356.0,47112.0,0.9878048780487806,300.0,2199.865,1.7533333333333332,2349.333333333333,6720.0,604.1,0.4,613144.0,589416.0,2.837266028896233,193.3,2199.9325,1.36,16652.0,2440.0,2727.5,1.1,1468628.0,1436096.0,1.4756713808994122,100.0,2200.0,1.63,267.0,1520.0,12.9,0.0,159356.0,47112.0,0.9939024390243902,300.0,2199.91,1.7366666666666664,2388.6666666666665,14960.0,658.5,0.4,613280.0,589408.0,2.869208887196895,200.0,2199.9325,1.34,42882.0,3320.0,8572.7,1.2,1502168.0,1469784.0,1.5040738908131286,100.0,2200.0,1.63,704.0,1720.0,70.8,0.0,159356.0,47112.0,0.9939024390243902,300.0,2199.91,1.7566666666666666,2549.0,11160.0,654.3,0.4,613284.0,589408.0,2.893671211459353,200.0,2199.9325,1.705,32032.0,5720.0,6151.9,1.2,1507604.0,1475436.0,1.9930397492990268,100.0,2199.865,1.63,352.0,1640.0,49.6,0.0,159356.0,47180.0,0.9939024390243902,5.578766550100942,5.6471444911147275,5.70344688253125,5.794299978866223,5.870696387832696,6.012132310204841,5.745881332865245,5.897802614806937,5.900166544892678,5.838228178115987,5.9646114824465055,5.884089979869333,4.85944697646471
293.8,2199.955,1.7899999999999998,2004.333333333333,9720.0,411.8,0.4,614524.0,590732.0,2.8981126313185746,200.0,2200.0,1.5550000000000002,23503.0,1520.0,4483.0,1.2,1496936.0,1464616.0,1.8749434644957037,100.0,2200.0,1.62,2529.0,560.0,43.0,0.0,159356.0,47112.0,0.9878048780487806,293.8,2199.91,1.72,2507.333333333333,14680.0,634.8000000000002,0.4,614520.0,590736.0,2.814694188331061,200.0,2200.0,1.5950000000000002,22839.5,2520.0,4101.200000000002,1.2,1496956.0,1464696.0,1.930348258706468,100.0,2200.0,1.63,272.0,1240.0,28.4,0.0,159356.0,47112.0,0.9939024390243902,300.0,2199.955,1.7533333333333332,2377.0,12080.0,652.8,0.4,614656.0,590992.0,2.870968900380665,200.0,2200.0,1.315,38884.5,3960.0,8662.0,1.2,1532456.0,1500452.0,1.311785194427116,100.0,2200.0,1.63,747.0,1800.0,76.7,0.0,159356.0,47112.0,0.9939024390243902,300.0,2199.955,1.7066666666666663,2879.333333333333,15000.0,682.7,0.4,614660.0,590992.0,2.8160669395963507,187.1,2200.0,1.445,30017.0,5280.0,5699.8,1.2,1549276.0,1515380.0,1.4269078810563527,100.0,2200.0,1.63,350.0,1440.0,54.6,0.0,159356.0,47180.0,0.9939024390243902,5.76035686911366,5.854207926062614,5.838413462941406,5.861381531525109,5.873867624243512,5.854877868678306,5.8834942771133845,5.74184735834699,5.692381211955483,5.828159482716383,5.820153502487643,5.605952865123202,4.7462699528811845
293.8,2199.865,1.7699999999999998,2090.6666666666665,14120.0,416.3,0.4,616944.0,593900.0,2.895043884220355,200.0,2200.0,1.33,32740.0,2720.0,6096.4,1.2999999999999998,1683472.0,1650532.0,1.3641528925619837,100.0,2200.0,1.63,1446.0,800.0,26.2,0.0,159356.0,47112.0,0.9939024390243902,300.0,2200.0,1.7366666666666666,2469.333333333333,11560.0,624.9,0.4,616940.0,593904.0,2.8544388422035483,200.0,2199.865,1.335,31408.0,3440.0,5103.4,1.2999999999999998,1696264.0,1663376.0,1.3719653925619837,100.0,2200.0,1.63,260.0,1280.0,25.0,0.0,159356.0,47112.0,0.9939024390243902,300.0,2199.955,1.7233333333333334,2548.6666666666665,10560.0,715.9,0.4,617092.0,593896.0,2.8040117599989305,193.8,2200.0,1.6,23229.5,2400.0,4993.7,1.2999999999999998,1634128.0,1601528.0,1.8898519321054532,100.0,2200.0,1.63,731.0,1640.0,70.5,0.0,159356.0,47112.0,0.9939024390243902,300.0,2199.955,1.7733333333333334,2615.6666666666665,10720.0,648.6,0.4,617096.0,593896.0,2.863591880519892,200.0,2199.9325,1.655,34112.5,4880.0,5673.8,1.2999999999999998,1682100.0,1649128.0,1.9213795594077283,100.0,2200.0,1.63,325.0,1400.0,49.8,0.0,159356.0,47180.0,0.9939024390243902,4.981164274686778,5.173894121270587,5.288133014105916,5.165486263155113,5.162245161907291,5.299189893312248,5.227224862819677,5.33735596852042,5.304042831599212,5.362619128638523,5.541131616728902,5.387835610994284,4.435662317473119
300.0,2199.955,1.6900000000000002,5450.666666666667,13760.0,1308.5,0.4,618440.0,595484.0,2.6692867837212466,200.0,2200.0,1.22,54029.0,2800.0,11444.2,1.2999999999999998,1709204.0,1676396.0,1.431104096314785,93.8,2200.0,1.62,2056.0,1000.0,36.6,0.0,159356.0,47112.0,0.9878048780487806,300.0,2199.91,1.66,5995.666666666668,14000.0,1538.2,0.4,618304.0,595224.0,2.6159316727916155,200.0,2199.865,1.245,53290.5,3360.0,9599.1,1.2999999999999998,1709176.0,1676244.0,1.4691675231243575,100.0,2199.865,1.63,355.0,1400.0,34.5,0.0,159356.0,47112.0,0.9939024390243902,293.8,2199.865,1.6833333333333331,6439.0,16920.0,1609.1,0.4,618572.0,595480.0,2.605944009664373,200.0,2200.0,1.265,54790.5,4920.0,11244.6,1.2999999999999998,1683472.0,1650492.0,1.2519730010384216,100.0,2199.865,1.63,737.0,1760.0,69.8,0.0,159356.0,47112.0,0.9939024390243902,300.0,2199.91,1.6,7501.666666666668,13840.0,1994.2,0.4,618576.0,595480.0,2.478774305373181,200.0,2199.9325,1.235,46005.5,4480.0,8152.4,1.2999999999999998,1708128.0,1674792.0,1.2221703011422638,100.0,2200.0,1.63,323.0,1440.0,50.8,0.0,159356.0,47180.0,0.9939024390243902,5.318027423161636,5.493215914174342,5.626893260040932,5.763397018210462,5.891984966280745,5.892451598216077,5.71001113489526,5.29986707147724,4.86925595553411,5.210530511766613,4.866739521938285,5.011711246331634,4.155333960761631
293.8,2199.91,1.67,5760.333333333332,16720.0,1402.9,0.4,621308.0,598652.0,2.550928883003583,200.0,2200.0,1.5,47746.0,2360.0,9674.7,1.4,1757932.0,1725628.0,1.7487527512839325,100.0,2200.0,1.62,2585.0,840.0,43.8,0.0,159356.0,47112.0,0.9878048780487806,300.0,2199.865,1.663333333333333,6123.0,12880.0,1521.7,0.4,621304.0,598656.0,2.543295295217323,193.8,2199.865,1.505,48465.0,2480.0,7915.799999999998,1.4,1757916.0,1725268.0,1.7540719002201028,100.0,2200.0,1.63,342.0,1440.0,37.0,0.0,159356.0,47112.0,0.9939024390243902,300.0,2199.865,1.6900000000000002,6514.0,14120.0,1662.9,0.4,621568.0,598912.0,2.6354411164404534,200.0,2200.0,1.875,36356.0,4120.0,6171.7,1.4,1766788.0,1734508.0,2.2348001466813345,100.0,2199.865,1.63,738.0,1560.0,73.5,0.0,159356.0,47112.0,0.9939024390243902,293.3,2199.955,1.7266666666666666,6522.333333333332,16440.0,1819.7,0.4,621440.0,598912.0,2.6549707453141482,200.0,2199.9325,1.18,44916.5,4680.0,8333.6,1.4,1775644.0,1743424.0,1.3255592225889254,100.0,2200.0,1.63,350.0,1520.0,51.4,0.0,159356.0,47180.0,0.9939024390243902,5.406180627562018,5.398702950151424,5.527338005289114,5.945921137354058,5.699076147236793,5.386134035896616,5.311163718959907,5.195815967032871,5.117374783634952,5.186915102216947,5.089064179716028,5.0003568265457545,4.3360379659822
300.0,2199.955,1.76,4866.666666666667,12400.0,1218.0,0.4,624812.0,602316.0,2.2565993593046643,200.0,2200.0,1.195,41567.5,3080.0,9515.5,1.4,1805036.0,1772876.0,1.3767062261662923,93.8,2200.0,1.62,2425.0,800.0,44.1,0.0,159356.0,47112.0,0.9878048780487806,300.0,2199.955,1.7866666666666664,5202.333333333333,15680.0,1424.6,0.4,624808.0,602320.0,2.289139260240272,200.0,2199.9325,1.205,41901.5,2960.0,7890.4000000000015,1.4,1804488.0,1772504.0,1.3888235503759936,100.0,2200.0,1.63,344.0,1560.0,31.9,0.0,159356.0,47112.0,0.9939024390243902,300.0,2199.91,1.67,6503.0,14880.0,1665.8,0.4,624808.0,602576.0,2.18791197836841,200.0,2199.9325,1.41,33085.0,4920.0,7087.0,1.4,1841340.0,1809624.0,1.4453682707650959,100.0,2200.0,1.63,735.0,1720.0,70.8,0.0,159356.0,47112.0,0.9939024390243902,300.0,2199.91,1.7400000000000002,6364.333333333332,14600.0,1732.9,0.4,624812.0,602576.0,2.271280824392858,200.0,2199.9325,1.5550000000000002,8458.5,5680.0,1888.7,1.4,1870716.0,1839396.0,1.6238347190728144,100.0,2199.865,1.63,341.0,1240.0,51.0,0.0,159356.0,47180.0,0.9939024390243902,4.940764773342336,5.088083975766859,5.119519099880663,5.101325284565028,4.964534325041198,4.99665917521917,4.977731459815081,4.998653125891317,5.053304657502565,5.0590617909609765,5.026249352047248,4.830147826619706,3.997365121594695
300.0,2200.0,1.6333333333333335,7282.666666666668,17040.0,1635.8,0.30000000000000004,412248.0,386824.0,2.616214968770848,200.0,2199.865,2.205,14781.0,2480.0,10551.8,0.4,535020.0,527728.0,2.0283541722089207,100.0,2200.0,1.82,8523.0,1320.0,1214.9,0.6,833092.0,768576.0,1.123456790123457,300.0,2199.955,1.62,7806.333333333332,12840.0,1538.2000000000005,0.30000000000000004,412116.0,386560.0,2.594277759515115,200.0,2200.0,2.23,14680.0,2560.0,11040.5,0.4,531628.0,526776.0,2.048195442050191,100.0,2199.865,1.51,4401.0,2440.0,405.5,0.6,833088.0,768572.0,0.9320987654320988,300.0,2199.91,1.6233333333333333,7987.666666666668,14800.0,1944.0,0.30000000000000004,412112.0,386556.0,2.593771310733969,200.0,2200.0,2.265,14427.5,4240.0,9549.4,0.4,531424.0,526564.0,2.0808282344595197,100.0,2200.0,1.55,3768.0,2480.0,351.4,0.6,833088.0,768772.0,0.95679012345679,300.0,2199.955,1.6000000000000003,8677.666666666666,15280.0,1938.5,0.30000000000000004,411816.0,386292.0,2.5583714684936907,200.0,2199.9325,2.265,14433.5,5360.0,8355.7,0.4,531972.0,526528.0,2.08568324909107,100.0,2200.0,1.77,6564.0,2200.0,754.5,0.6,833088.0,764484.0,1.0925925925925926,5.620500973411772,5.7344887392683,5.721948852004763,5.463102410005011,5.444515213521967,5.3141847820553005,4.7903177535037305,4.825705179961785,4.977600530298887,4.747084398542341,4.5638027510920365,4.654089098974218,4.077497879052425
300.0,2200.0,1.57,9657.0,13200.0,1959.1,0.30000000000000004,418968.0,393948.0,2.4968012794882046,200.0,2200.0,1.56,32395.5,1920.0,15677.9,0.4,541064.0,536188.0,1.8658497026491256,100.0,2199.865,1.44,6180.0,1200.0,982.3,0.6,833092.0,769896.0,0.8834355828220859,300.0,2199.91,1.586666666666667,10165.666666666666,15160.0,1832.4,0.30000000000000004,418812.0,393684.0,2.5060642409702787,200.0,2200.0,1.5499999999999998,32117.0,2640.0,14061.0,0.4,541064.0,536196.0,1.8529464768426744,100.0,2200.0,1.51,4346.0,2520.0,399.6,0.6,833088.0,769892.0,0.9263803680981596,300.0,2199.865,1.54,10633.0,14760.0,2511.5,0.30000000000000004,418968.0,393944.0,2.438091430094629,200.0,2199.9325,1.48,43756.0,3720.0,15812.1,0.4,541060.0,536188.0,1.7608938547486033,100.0,2199.865,1.48,3520.0,2480.0,362.3,0.6,833088.0,770092.0,0.9079754601226996,300.0,2200.0,1.5433333333333337,11391.666666666664,14240.0,2533.0,0.30000000000000004,418484.0,393416.0,2.428295348527256,200.0,2199.9325,1.49,43788.5,6240.0,15741.0,0.4,541028.0,536152.0,1.7729320598306,100.0,2199.865,1.55,3906.0,1680.0,430.2,0.6,833088.0,766068.0,0.9509202453987732,5.477944984554785,5.44820371759926,5.451313513327289,4.969640677574277,4.941111685289028,5.110053630497553,5.190390749630401,5.114504739369125,4.742696791535002,4.404605723425975,4.5736314508335525,4.294560585136336,4.022101620925213
300.0,2199.91,1.5533333333333337,9683.333333333334,14680.0,2096.6,0.30000000000000004,438192.0,413748.0,2.6719153414790577,200.0,2199.865,1.18,21983.0,2520.0,11689.2,0.7,998292.0,992664.0,1.3045895012187148,100.0,2199.865,1.41,6392.0,1160.0,1066.6,0.6,833092.0,774580.0,0.8703703703703702,300.0,2199.91,1.5,13324.0,12400.0,2212.2,0.30000000000000004,435632.0,411108.0,2.5644131625252844,193.8,2199.9325,1.175,21982.0,2520.0,11496.5,0.7,998292.0,992672.0,1.2992984959277094,100.0,2200.0,1.5,4497.0,2120.0,378.2,0.6,833088.0,774840.0,0.9259259259259258,300.0,2199.91,1.51,14720.333333333336,17080.0,3152.1,0.30000000000000004,433640.0,409256.0,2.573890378069036,200.0,2200.0,1.205,21941.0,2640.0,11238.1,0.7,998288.0,992664.0,1.3320254443849948,93.8,2199.865,1.55,3904.0,2240.0,351.4,0.6,833088.0,774776.0,0.95679012345679,300.0,2199.865,1.4866666666666666,16022.666666666664,13040.0,3326.6,0.30000000000000004,429896.0,405160.0,2.529926491144403,200.0,2199.9325,1.235,22216.5,5040.0,9960.0,0.7,998256.0,992664.0,1.3647523928422804,100.0,2200.0,1.54,4056.0,2120.0,428.6,0.6,833088.0,773588.0,0.9506172839506172,4.672156067860606,4.588911676454077,4.740115729128727,5.047802769728934,5.074190056136843,5.043615400260179,5.072690909006684,5.1059528545596935,4.974618808306597,4.975833878591211,4.4854894356209405,4.777430775201095,4.049681728574901
287.1,2199.865,1.1166666666666665,2055.333333333333,13360.0,747.5,0.7000000000000001,995056.0,963028.0,2.9455002991588355,200.0,2200.0,2.225,15719.0,2560.0,10874.4,0.4,547292.0,539716.0,1.8792321247797237,100.0,2200.0,2.12,1337.0,1120.0,78.2,0.0,49452.0,46724.0,0.9814814814814816,300.0,2200.0,1.0799999999999998,2490.6666666666665,11040.0,867.5,0.7000000000000001,995248.0,961304.0,2.9147729732069427,200.0,2200.0,2.275,15274.0,2520.0,10469.2,0.4,547700.0,540260.0,1.9150200592403732,100.0,2200.0,2.1,542.0,1240.0,74.1,0.0,49452.0,46532.0,0.9722222222222222,300.0,2199.91,1.106666666666667,2292.6666666666665,12520.0,1061.3,0.7000000000000001,995072.0,961232.0,2.9243832048710097,200.0,2200.0,2.315,14768.5,3840.0,9393.3,0.4,548100.0,540528.0,1.9463274717858348,100.0,2199.865,2.1,505.0,2240.0,54.6,0.0,49452.0,46728.0,0.9722222222222222,300.0,2199.955,1.1033333333333333,2506.0,12040.0,1085.9,0.7000000000000001,995056.0,961608.0,2.9162531235701965,193.8,2200.0,2.34,14691.5,5040.0,8073.4000000000015,0.4,548096.0,540516.0,1.9653368827565518,100.0,2200.0,2.1,489.0,1160.0,64.8,0.0,49452.0,46724.0,0.9722222222222222,5.864746327363535,5.875027755223058,5.863492974261868,5.832964701637947,5.854517601730708,5.771725699872071,5.786125880805049,5.770042076810565,5.531862642453551,5.67215289180283,5.6614078124882745,5.488325776141727,5.104334296499218
300.0,2199.865,1.08,2495.333333333333,11720.0,848.0,0.7000000000000001,995248.0,963368.0,2.9129921284186966,200.0,2200.0,2.125,15536.0,2560.0,11127.6,0.4,543728.0,536288.0,1.801425416210397,93.8,2200.0,2.08,1311.0,960.0,59.4,0.0,49452.0,46724.0,0.9765258215962442,300.0,2199.955,1.3133333333333332,4237.333333333333,13040.0,1902.9,0.9,1151364.0,1117240.0,3.3709633278598794,200.0,2199.9325,2.205,14982.5,2680.0,10928.8,0.4,544004.0,536564.0,1.8568458954323581,100.0,2200.0,2.11,415.0,1560.0,24.3,0.0,49452.0,46532.0,0.9906103286384976,300.0,2199.865,1.08,2667.333333333333,12720.0,1151.8,0.7000000000000001,995248.0,961572.0,2.9129921284186966,200.0,2199.865,2.325,13722.0,3920.0,9595.6,0.4,544404.0,536832.0,1.943373113829136,100.0,2200.0,2.07,368.0,1640.0,36.7,0.0,49452.0,46728.0,0.9718309859154928,300.0,2200.0,1.0766666666666664,2861.333333333333,14800.0,1135.3,0.7000000000000001,995240.0,961948.0,2.9045887670741584,187.6,2199.9325,2.355,13767.0,5000.0,8285.8,0.4,544532.0,537084.0,1.9655710016889696,100.0,2200.0,2.11,400.0,1320.0,36.9,0.0,49452.0,46724.0,0.9906103286384976,6.3216196214604405,5.952481523125046,5.880428876140077,5.843363992436579,5.81463622225874,5.705838141204515,5.6478161298472775,5.754990541536587,5.510835806872091,5.690938717206032,5.5414557903430355,5.414000137410596,5.159189387659209
300.0,2199.865,0.91,9038.0,15960.0,2367.7,0.8,1026176.0,993376.0,2.645245956141168,200.0,2200.0,1.18,21999.5,2240.0,11799.1,0.7,998292.0,992660.0,1.3049164734557992,93.8,2200.0,1.87,1028.0,800.0,75.6,0.0,49452.0,46724.0,0.9396984924623116,300.0,2199.91,0.8966666666666666,9730.666666666666,14960.0,2523.0,0.8,1026248.0,991252.0,2.5938548557185306,200.0,2200.0,1.185,21923.0,2760.0,12505.6,0.7,998304.0,992684.0,1.3102074787468043,100.0,2199.865,1.99,444.0,1360.0,17.5,0.0,49452.0,46532.0,1.0,293.8,2199.955,0.9033333333333332,9981.0,17960.0,3011.5,0.8,1026168.0,991648.0,2.628717030521333,200.0,2200.0,1.21,21999.5,3680.0,11676.3,0.7,998308.0,992684.0,1.3373164496760002,100.0,2200.0,1.92,319.0,1800.0,27.3,0.0,49452.0,46728.0,0.9648241206030149,300.0,2199.955,0.8966666666666666,11181.333333333336,15720.0,3083.0,0.8,1026152.0,991916.0,2.613449854948814,200.0,2199.865,1.235,21910.5,4760.0,10189.5,0.7,998304.0,992604.0,1.3644254206051958,100.0,2199.865,2.0,353.0,1760.0,29.3,0.0,49452.0,46724.0,1.0050251256281406,5.2146453799981165,5.3969550868495135,5.7572096558563,5.445260473628851,5.383201573616314,6.12911219725308,6.186931501453902,6.1021184834604005,5.320630278214479,5.337850006198297,5.874993293436159,5.5717899298359015,5.516356895800625
300.0,2199.91,0.9033333333333332,9133.333333333334,16760.0,2562.7,0.8,1026248.0,993408.0,2.61160414697947,193.8,2199.865,1.2,21365.0,2520.0,11720.6,0.7,998292.0,992660.0,1.5659373151981075,100.0,2200.0,1.97,1291.0,840.0,85.8,0.0,49452.0,46724.0,1.0102564102564102,293.3,2199.91,0.9066666666666668,9819.666666666666,16720.0,2509.7,0.8,1026312.0,991264.0,2.6382413579134893,200.0,2199.9325,1.205,21329.0,2560.0,12460.7,0.7,998304.0,992684.0,1.5715552927261975,100.0,2200.0,1.94,533.0,840.0,45.0,0.0,49452.0,46532.0,0.9948717948717948,300.0,2199.955,0.8833333333333333,10586.0,15760.0,3074.6,0.8,1026248.0,991684.0,2.5637796677486064,200.0,2199.9325,1.22,21616.5,3960.0,11425.9,0.7,998308.0,992684.0,1.5915631776069388,100.0,2200.0,1.98,491.0,1280.0,56.7,0.0,49452.0,46728.0,1.015384615384615,300.0,2199.91,0.8866666666666666,11340.0,13760.0,3062.3,0.8,1026224.0,991944.0,2.5719763890600817,200.0,2199.9325,1.24,21934.5,4520.0,9922.9,0.7,998304.0,992604.0,1.6203429923122412,100.0,2200.0,1.94,433.0,960.0,52.0,0.0,49452.0,46724.0,0.9948717948717948,5.582791026233648,5.8808625371268475,6.511812402502942,5.827874866852675,5.913778781747099,5.623401387276283,5.367730818490961,5.359534097179486,5.881439845131909,6.029854490143776,5.1066435918299655,5.02523414455368,4.690873092452907
300.0,2199.91,0.8266666666666667,16856.333333333332,17800.0,5355.9,0.8,1026704.0,993496.0,2.1925619446877738,200.0,2199.865,1.13,21158.0,2560.0,15286.4,0.4,531728.0,526352.0,1.4242969415775022,100.0,2200.0,2.15,1360.0,720.0,40.1,0.0,49452.0,46724.0,1.085858585858586,300.0,2199.91,0.8033333333333333,17220.666666666668,19160.0,5411.6,0.8,1026768.0,991348.0,2.13939393939394,200.0,2199.9325,1.135,21034.0,1760.0,15690.5,0.4,534668.0,529280.0,1.4327715178486886,100.0,2200.0,1.98,555.0,1320.0,60.8,0.0,49452.0,46532.0,1.0,293.8,2199.955,0.8066666666666666,18026.666666666668,15120.0,5989.5999999999985,0.8,1026696.0,991772.0,2.1304717807533478,200.0,2200.0,1.155,22252.5,4240.0,13474.5,0.4,534680.0,529300.0,1.4580058706561878,93.8,2199.865,2.05,486.0,1680.0,54.0,0.0,49452.0,46728.0,1.0353535353535352,300.0,2199.955,0.79,18729.666666666668,10400.0,5957.5,0.8,1026656.0,992036.0,2.086874296083093,193.8,2199.865,1.175,19387.0,2800.0,13574.0,0.4,534680.0,529300.0,1.4890161916485185,100.0,2200.0,1.97,427.0,1440.0,57.9,0.0,49452.0,46724.0,0.9949494949494948,5.461429827398035,4.180492911169519,4.149900900221402,4.18339649066188,4.146869460252669,4.088358835892905,4.067233219278541,4.061187939895112,4.033900218153232,3.9972575273230166,4.281099483072551,4.501704600498479,4.3157263205895635
300.0,2199.91,1.5066666666666668,38824.333333333336,19320.0,11192.1,0.30000000000000004,252152.0,224828.0,2.352075125228084,200.0,2200.0,1.96,52858.5,2640.0,13461.7,0.7999999999999999,1003720.0,985500.0,1.878974358974359,100.0,2199.865,2.44,773.0,600.0,11.0,0.0,16348.0,4460.0,0.953125,293.3,2199.955,1.4633333333333332,41649.333333333336,22280.0,10374.3,0.30000000000000004,257908.0,227888.0,2.2467185337215407,200.0,2200.0,1.92,53370.5,2080.0,11960.2,0.7999999999999999,1003588.0,985440.0,1.8393162393162397,100.0,2200.0,2.56,31.0,360.0,1.3,0.0,16348.0,4460.0,1.0,293.8,2199.865,1.4766666666666666,40002.333333333336,18520.0,10801.1,0.30000000000000004,249940.0,220528.0,2.2830596329742106,187.1,2199.9325,1.97,50195.0,4560.0,11703.5,0.7999999999999999,1004496.0,986228.0,1.8851282051282052,100.0,2200.0,2.52,263.0,480.0,2.5,0.0,16348.0,4464.0,0.984375,300.0,2199.955,1.4333333333333331,43663.66666666666,18640.0,11158.5,0.30000000000000004,250656.0,222276.0,2.1719408779214997,193.8,2199.9325,1.845,49511.0,5080.0,13388.5,0.7999999999999999,1003588.0,985508.0,1.7528205128205132,100.0,2200.0,2.54,69.0,880.0,4.8,0.0,16348.0,4456.0,0.9921875,4.996615246342244,4.988231912666207,4.9405019315029435,4.936024847826907,4.803179326846699,4.943250974393543,4.9147458312808405,4.911736147569849,4.9068175572321175,4.899306353596829,4.874848316235815,4.778160951528932,4.64492701374976
300.0,2200.0,1.6466666666666667,39158.66666666666,20000.0,11021.7,0.30000000000000004,276996.0,249332.0,2.3202989677627093,200.0,2199.9325,1.855,37789.5,3280.0,9112.0,0.7999999999999999,1003588.0,985764.0,1.7778468624064478,100.0,2199.865,2.44,753.0,600.0,12.8,0.0,16348.0,4460.0,0.953125,293.8,2199.955,1.6833333333333331,39704.0,18000.0,10693.500000000002,0.30000000000000004,280876.0,250780.0,2.3871382402274905,193.8,2199.9325,1.89,42991.0,1680.0,9672.7,0.7999999999999999,1003588.0,985704.0,1.8163270005757053,100.0,2200.0,2.56,32.0,560.0,2.6,0.0,16348.0,4460.0,1.0,300.0,2199.91,1.31,44904.33333333334,19600.0,11768.1,0.30000000000000004,273336.0,243312.0,1.7702957181717396,200.0,2199.9325,2.035,48066.5,2720.0,10989.0,0.7999999999999999,1003588.0,985704.0,1.961427748992516,100.0,2200.0,2.52,252.0,560.0,2.9,0.0,16348.0,4464.0,0.984375,293.8,2199.91,1.336666666666667,46317.66666666666,15840.0,12040.8,0.30000000000000004,269088.0,240272.0,1.8120679685759589,200.0,2199.865,1.95,48043.0,5800.0,12557.2,0.7999999999999999,1003720.0,985772.0,1.8703972366148531,100.0,2200.0,2.54,91.0,720.0,4.7,0.0,16348.0,4456.0,0.9921875,4.658999339735188,4.651034858860871,4.655711167075385,4.655628952674491,4.64976820538475,4.661872749266872,4.646396648993493,4.693811316024302,4.690900640627771,4.678254431855872,4.633723824945537,4.559135718710423,4.495848438698367
300.0,2199.91,1.66,39592.66666666666,11680.0,10961.2,0.30000000000000004,281408.0,253632.0,2.347682100221462,193.8,2199.865,1.6549999999999998,57752.0,3600.0,13943.0,0.7999999999999999,1003720.0,985764.0,1.5380623973727423,100.0,2199.865,2.44,734.0,680.0,14.4,0.0,16348.0,4460.0,0.953125,300.0,2199.91,1.6833333333333336,47204.0,20320.0,12499.1,0.30000000000000004,284100.0,253972.0,2.5369007564026593,200.0,2200.0,1.645,56217.0,2640.0,14412.7,0.7999999999999999,1004496.0,986492.0,1.5291735084838534,100.0,2200.0,2.55,31.0,720.0,1.5,0.0,16348.0,4460.0,0.99609375,300.0,2199.955,1.72,39519.333333333336,17360.0,10794.0,0.30000000000000004,279312.0,249196.0,2.4392784952365973,200.0,2199.9325,1.885,45358.5,5560.0,10722.7,0.7999999999999999,1003720.0,985704.0,1.75792008757526,100.0,2200.0,2.52,251.0,520.0,4.1,0.0,16348.0,4464.0,0.984375,300.0,2200.0,1.7533333333333332,42788.66666666666,15440.0,11923.6,0.30000000000000004,278132.0,249268.0,2.651435221472404,193.3,2199.9325,1.965,27589.5,3320.0,6956.200000000002,0.7999999999999999,1003588.0,985772.0,1.8343295019157089,100.0,2199.865,2.55,39.0,920.0,4.6,0.0,16348.0,4456.0,0.99609375,5.442886803974439,5.264472116676281,4.716394328604244,4.6428147617045505,5.308420089188541,4.558657094273638,4.5535838388535845,4.629106583523365,4.5999024840455816,4.57405497126279,4.55069087322676,4.48801238668706,4.382241057579866
300.0,2199.91,1.5733333333333333,49019.66666666666,21160.0,11934.7,0.30000000000000004,289268.0,261340.0,2.3117896396840734,200.0,2199.9325,1.87,32715.0,2560.0,7748.5999999999985,0.7999999999999999,1003720.0,985764.0,1.6724924924924922,100.0,2199.865,2.36,1090.0,600.0,12.4,0.0,16348.0,4460.0,0.9254901960784314,293.8,2199.865,1.5633333333333332,46258.0,12240.0,11390.7,0.30000000000000004,291308.0,260368.0,2.2542918206489015,200.0,2200.0,1.885,29161.0,2600.0,7014.2,0.7999999999999999,1003588.0,985704.0,1.6861861861861862,100.0,2200.0,2.54,31.0,520.0,1.5,0.0,16348.0,4460.0,0.9960784313725491,300.0,2199.955,1.5733333333333333,49964.66666666666,17640.0,11842.4,0.30000000000000004,287900.0,257424.0,2.3117896396840734,200.0,2200.0,1.94,34830.5,4160.0,8007.799999999998,0.7999999999999999,1003720.0,985704.0,1.7354954954954955,100.0,2199.865,2.51,275.0,560.0,2.3,0.0,16348.0,4464.0,0.9843137254901959,300.0,2199.955,1.53,47719.33333333334,16320.0,11830.9,0.30000000000000004,286960.0,257756.0,2.173795002176591,200.0,2199.9325,2.095,45909.5,7440.0,11308.1,0.7999999999999999,1003588.0,985772.0,1.8750750750750749,100.0,2200.0,2.54,32.0,640.0,4.3,0.0,16348.0,4456.0,0.9960784313725491,5.025034580148113,5.051815859668158,5.032079505041282,5.0398070414866085,4.807417960060231,4.983114234941792,4.9710772763624975,4.998421795456936,5.089056250410948,5.092432732394915,5.077560197849233,4.965078588980909,4.531955396100893
300.0,2199.91,1.4666666666666666,51613.33333333334,15680.0,12692.7,0.30000000000000004,298964.0,270420.0,2.1937273726437256,200.0,2199.9325,1.64,53574.0,1840.0,12903.6,0.7999999999999999,1003720.0,985764.0,1.4146923783287422,100.0,2200.0,2.31,1332.0,680.0,53.6,0.0,16348.0,4712.0,0.9390243902439024,300.0,2199.91,1.4866666666666668,54815.0,15160.0,14150.0,0.30000000000000004,300224.0,269164.0,2.2323576021616858,193.8,2199.9325,1.675,56238.0,2040.0,14179.7,0.7999999999999999,1003720.0,985704.0,1.4426813590449954,93.8,2199.865,2.44,56.0,680.0,1.6,0.0,16348.0,4712.0,0.9918699186991871,300.0,2199.91,1.4933333333333334,54518.66666666666,18480.0,13506.6,0.30000000000000004,298108.0,267036.0,2.2330118999786706,200.0,2199.865,1.95,34172.5,3640.0,7594.0,0.7999999999999999,1003720.0,985704.0,1.6761983471074382,100.0,2200.0,2.42,240.0,720.0,3.2,0.0,16348.0,4716.0,0.9837398373983741,300.0,2199.91,1.4399999999999995,52501.33333333334,19560.0,13992.500000000002,0.30000000000000004,296712.0,267096.0,2.1556154233212106,200.0,2199.9325,2.0,27475.0,4800.0,7336.9,0.7999999999999999,1003588.0,985772.0,1.718769513314968,100.0,2199.865,2.44,183.0,800.0,10.9,0.0,16348.0,4708.0,0.9918699186991871,4.904291507146796,5.045625836233222,5.109770262708456,5.07288153020396,4.9295609876518345,5.072845515789634,5.0525171309843335,5.088923951632413,5.113497557909648,5.122989159411178,4.961315962873572,4.898061236791492,4.871088274360243
300.0,2199.955,1.4400000000000002,52130.33333333334,20800.0,13343.8,0.30000000000000004,303332.0,274416.0,2.1810542301356746,200.0,2199.9325,1.85,30529.5,2960.0,7451.1,0.7999999999999999,1003720.0,985764.0,1.7726655152561888,100.0,2200.0,2.11,2824.0,760.0,284.5,0.0,16348.0,4712.0,0.9094827586206896,300.0,2199.91,1.633333333333333,41420.333333333336,17080.0,10904.3,0.30000000000000004,314232.0,282916.0,2.5630246339016685,193.8,2199.865,1.86,39338.0,2800.0,9009.9,0.7999999999999999,1003588.0,985704.0,1.7822913068508923,100.0,2200.0,2.25,387.0,840.0,1.5,0.0,16348.0,4712.0,0.9698275862068966,300.0,2199.91,1.4433333333333334,53932.33333333334,16440.0,13225.0,0.30000000000000004,301856.0,270672.0,2.1736592944423943,193.8,2199.9325,2.005,38251.0,3400.0,8725.8,0.7999999999999999,1003720.0,985704.0,1.9296027633851467,100.0,2200.0,2.27,306.0,680.0,4.1,0.0,16348.0,4716.0,0.9784482758620692,300.0,2199.955,1.4466666666666663,54631.33333333334,18560.0,13662.1,0.30000000000000004,300384.0,270552.0,2.1718835396184017,200.0,2200.0,1.965,47423.5,6560.0,12351.1,0.7999999999999999,1003588.0,985772.0,1.885204375359816,100.0,2199.865,2.25,593.0,1320.0,9.8,0.0,16348.0,4708.0,0.9698275862068966,4.899511858819147,4.970075630695767,5.0659226614844055,5.020290217083944,5.0611919275102775,4.91098987897561,4.818264240919524,4.804620046702113,4.768779182147113,4.780423928490208,4.772597308832099,4.757633635074903,4.519135395802314
300.0,2199.865,1.5533333333333337,42498.66666666666,23120.0,11326.7,0.30000000000000004,318164.0,289224.0,2.3987784115770463,200.0,2199.9325,1.645,57344.0,2880.0,13816.8,0.7999999999999999,1004496.0,986552.0,1.5829314420803782,100.0,2200.0,2.08,2874.0,840.0,208.7,0.0,16348.0,4712.0,0.912280701754386,300.0,2199.91,1.5033333333333332,50087.33333333334,21120.0,12564.5,0.30000000000000004,321840.0,290612.0,2.2569030560937224,193.8,2200.0,1.6749999999999998,52880.5,3200.0,13171.1,0.7999999999999999,1003588.0,985704.0,1.6148463356973994,100.0,2200.0,2.25,287.0,760.0,1.3,0.0,16348.0,4712.0,0.986842105263158,300.0,2199.865,1.6233333333333333,43976.66666666666,17360.0,11397.8,0.30000000000000004,315632.0,284260.0,2.51815675791785,200.0,2199.9325,1.9,30275.0,2920.0,7017.3,0.7999999999999999,1003720.0,985704.0,1.842836879432624,100.0,2200.0,2.26,267.0,720.0,3.9,0.0,16348.0,4716.0,0.9912280701754386,300.0,2199.91,1.4533333333333331,55501.33333333334,15160.0,13445.0,0.30000000000000004,304664.0,274824.0,2.1431006368992493,200.0,2199.9325,2.07,46075.5,5120.0,11524.1,0.7999999999999999,1003588.0,985772.0,2.022813238770685,100.0,2200.0,2.22,683.0,1080.0,7.4,0.0,16348.0,4708.0,0.973684210526316,5.4067002864432405,5.184659484231472,5.068820616437925,5.150349042997675,5.2374100155245475,5.130544367285777,5.081849807689251,5.135392584865392,5.092387354017678,5.108137117015237,5.124365042936301,5.091468348545403,4.9837834448383385
300.0,2199.91,1.6,1682.666666666667,7640.0,358.3,0.4,508220.0,496768.0,2.9724733775366685,200.0,2200.0,2.635,963.5,1880.0,304.8,1.1,1541764.0,1516124.0,2.4502317216573286,100.0,2199.865,1.26,3235.0,1760.0,397.1,0.7,870036.0,865236.0,0.9,293.8,2199.91,1.5233333333333334,2239.6666666666665,9200.0,602.0,0.4,512408.0,500724.0,2.8623410527176216,200.0,2200.0,2.65,918.5,2040.0,313.0,1.1,1541764.0,1516020.0,1.9839572192513368,100.0,2200.0,1.29,2836.0,2320.0,238.7,0.7,870036.0,865500.0,0.9214285714285716,300.0,2199.91,1.5833333333333333,2611.6666666666665,9520.0,554.0,0.4,517204.0,505740.0,2.92821931411143,193.8,2200.0,2.6500000000000004,865.0,3080.0,309.7000000000001,1.1,1541764.0,1516016.0,1.98641463942382,100.0,2199.865,1.33,2446.0,2520.0,1090.7,0.7,870036.0,865500.0,0.95,300.0,2199.955,1.5833333333333333,2015.666666666667,9600.0,548.6,0.4,507680.0,496236.0,2.9500708785274137,200.0,2199.9325,2.655,836.5,4600.0,319.1,1.1,1541764.0,1516084.0,1.9893048128342248,100.0,2200.0,1.29,2957.0,2080.0,319.1,0.7,870036.0,865500.0,0.9214285714285716,5.825118034248497,5.81062528062531,5.800488730403313,6.2497377963144425,5.695240823701871,5.6390018911450275,5.5796387247229315,5.503076595951253,5.418059903122646,4.948106524990392,5.248885813442746,5.109860245500405,4.2649748291037115
300.0,2199.91,1.5533333333333337,1845.0,16280.0,378.7,0.4,512816.0,501520.0,2.899997956483312,200.0,2199.9325,2.165,13862.0,2080.0,2185.8,1.1,1541768.0,1516136.0,1.7037266488753335,100.0,2200.0,1.25,3326.0,1560.0,400.0,0.7,870036.0,865236.0,0.8802816901408451,293.8,2200.0,1.5600000000000005,2475.0,15360.0,666.2,0.4,517200.0,505740.0,2.8991736709579032,200.0,2199.865,2.25,7057.5,2520.0,1974.5,1.1,1541764.0,1516056.0,1.9562841530054644,100.0,2200.0,1.29,2927.0,2120.0,238.3,0.7,870036.0,865500.0,0.9084507042253522,300.0,2199.91,1.5300000000000002,3408.0,10920.0,635.4000000000002,0.4,520808.0,509700.0,2.8537946344218033,200.0,2199.9325,2.135,10980.5,3640.0,2813.3,1.1,1541764.0,1516052.0,1.8781321410829608,100.0,2200.0,1.33,2543.0,2200.0,1071.4,0.7,870036.0,865500.0,0.9366197183098592,300.0,2199.955,1.5466666666666669,2369.6666666666665,9000.0,607.0999999999998,0.4,512408.0,501252.0,2.890319350570397,200.0,2200.0,2.255,7333.0,5320.0,2017.0,1.1,1541764.0,1516120.0,1.9690611028315947,100.0,2200.0,1.29,2990.0,2120.0,321.9,0.7,870036.0,865500.0,0.9084507042253522,5.650395307547754,5.616580047473512,5.612899725314008,5.59697751500783,5.656302173884141,5.319893455032887,5.4359437258166645,5.2609895718266175,5.263210778167816,5.977579048942027,5.1381354387831255,5.028723924443924,4.264467697444728
300.0,2199.91,1.4433333333333334,2203.0,14920.0,491.7000000000001,0.4,552888.0,541392.0,2.897741011377375,193.8,2200.0,2.63,872.5,1680.0,218.7,1.1,1582720.0,1556580.0,3.3495384157236456,100.0,2199.865,1.32,3481.0,1720.0,374.6,0.7,870036.0,865236.0,0.7333333333333334,300.0,2199.865,1.45,2389.0,11320.0,631.9000000000002,0.4,556960.0,545612.0,2.912723648017766,200.0,2199.865,2.08,16770.0,2480.0,2642.7000000000007,1.1,1541780.0,1516072.0,1.6674415601188168,100.0,2200.0,1.49,3242.0,2160.0,244.6,0.7,870036.0,865500.0,0.8277777777777777,300.0,2199.865,1.43,3039.666666666666,12080.0,632.9,0.4,561152.0,549836.0,2.885432320388768,200.0,2199.865,2.235,12021.0,3720.0,2055.2,1.1,1541796.0,1516068.0,1.7674996771277285,100.0,2199.865,1.64,3236.0,2320.0,1393.2,0.7,870036.0,865500.0,0.9111111111111109,293.8,2199.91,1.4533333333333334,2250.6666666666665,9000.0,601.5,0.4,550800.0,539276.0,2.901021446475992,200.0,2200.0,2.245,12231.5,4720.0,1944.7,1.1,1541788.0,1516136.0,1.7842244608033062,100.0,2200.0,1.46,3179.0,2200.0,322.9,0.7,870036.0,865500.0,0.8111111111111111,5.680861012195157,5.568500281821153,5.518786168631351,5.589137861608479,5.386194537900924,5.48647748568784,5.3933755414473845,5.4568464210703365,5.373920657744918,5.428368628643128,5.196859413671846,5.136461508260087,4.153675634809087
300.0,2199.865,1.3033333333333332,12894.0,16960.0,2777.8,0.4,566024.0,554856.0,2.4173817007900773,200.0,2199.9325,2.635,865.5,1680.0,214.4,1.1,1541792.0,1516140.0,1.989010989010989,100.0,2200.0,1.36,3454.0,1840.0,377.1,0.7,870036.0,865236.0,0.7906976744186047,293.3,2199.955,1.2966666666666666,13372.666666666664,17800.0,3429.2,0.4,568580.0,557228.0,2.39386355808146,200.0,2200.0,2.64,853.5,1760.0,211.4,1.1,1582720.0,1556512.0,3.3604079809410368,100.0,2200.0,1.34,3281.0,2200.0,237.0,0.7,870036.0,865500.0,0.7790697674418605,300.0,2199.91,1.2666666666666668,15235.333333333336,13840.0,3718.9,0.4,571060.0,559868.0,2.30364481892342,200.0,2199.9325,2.615,1123.0,5480.0,335.4,1.1,1582724.0,1556824.0,3.324746873138773,100.0,2199.865,1.34,2729.0,2360.0,1184.9,0.7,870036.0,865500.0,0.7790697674418605,300.0,2199.91,1.2866666666666668,12686.666666666664,14560.0,3364.2000000000007,0.4,564312.0,553004.0,2.373460198793645,200.0,2200.0,2.6100000000000003,1291.0,5240.0,391.6,1.1,1582716.0,1556560.0,3.3193120905300777,100.0,2200.0,1.34,3405.0,2040.0,320.1,0.7,870036.0,865500.0,0.7790697674418605,6.8503526921237325,7.045424896361314,7.027231266958528,5.485822948496161,7.146932410422312,6.576702649339535,6.794978175703722,6.530772375534762,6.592325986242281,5.443650728797269,6.714851413772192,6.441745020794272,5.478769689295149
293.8,2199.865,1.28,13490.333333333336,18880.0,2915.5,0.4,572396.0,561192.0,2.355516978575663,200.0,2200.0,1.475,30044.0,2360.0,5206.299999999998,1.1,1541792.0,1516140.0,1.2749147404319818,100.0,2200.0,1.26,3197.0,1840.0,386.5,0.7,867820.0,863508.0,1.1454545454545453,300.0,2199.955,1.24,14559.666666666664,16240.0,3701.1,0.4,574528.0,563300.0,2.2858457162758303,200.0,2200.0,2.635,913.5,2160.0,235.2,1.1,1541792.0,1516072.0,1.9916015749031564,100.0,2199.865,1.23,2779.0,2320.0,789.4,0.7,867820.0,863696.0,1.1181818181818182,300.0,2199.865,1.22,16926.333333333332,16640.0,3975.5,0.4,576548.0,565412.0,2.24797322083639,200.0,2199.9325,2.635,853.0,2520.0,239.9,1.1,1541796.0,1516068.0,1.9916015749031564,100.0,2199.865,1.11,2339.0,2160.0,1296.8,0.7,867820.0,863872.0,1.009090909090909,300.0,2199.91,1.2466666666666668,15727.666666666664,16960.0,4120.4,0.4,570144.0,558812.0,2.2597845569763173,200.0,2200.0,2.64,833.0,4320.0,235.6,1.1,1541788.0,1516136.0,1.9944751381215469,100.0,2200.0,1.25,2847.0,2360.0,840.7,0.7,867820.0,863712.0,1.1363636363636362,5.12565789506858,5.0862208566881755,5.083347293469785,4.977121267702706,5.027147661996762,5.135876058396642,5.242494017788366,4.908254502595661,4.897639884704125,4.961368916605528,5.0231428361877635,4.967326232553468,4.400980391371603
293.8,2199.865,1.24,15659.333333333336,20680.0,3351.8,0.4,575392.0,563832.0,2.281474924541444,200.0,2200.0,2.6500000000000004,795.5,2200.0,189.8,1.1,1541792.0,1516140.0,2.0084291187739467,100.0,2200.0,0.88,4274.0,1320.0,310.9,0.7,867820.0,863508.0,0.7999999999999999,300.0,2199.955,1.2699999999999998,15714.333333333336,19600.0,3905.1,0.4,577572.0,566204.0,2.3388573000733675,200.0,2199.865,2.635,899.0,2160.0,203.9,1.1,1541792.0,1516072.0,1.9863983278968869,100.0,2200.0,0.92,2360.0,2240.0,113.6,0.7,867820.0,863696.0,0.8363636363636363,293.8,2199.91,1.2566666666666666,17133.333333333332,17760.0,4215.8,0.4,579168.0,567788.0,2.2670365348936783,200.0,2199.9325,2.63,838.0,3520.0,206.2,1.1,1541796.0,1516068.0,1.983516483516484,100.0,2200.0,0.95,2055.0,2080.0,381.2,0.7,867820.0,863872.0,0.8636363636363635,293.8,2199.91,1.2366666666666666,15856.0,11600.0,4110.8,0.4,572804.0,561452.0,2.242001393081031,193.8,2200.0,2.635,807.0,3640.0,213.8,1.1,1541788.0,1516136.0,1.9863983278968869,100.0,2199.865,0.93,2190.0,2280.0,310.2,0.7,867820.0,863712.0,0.8454545454545455,5.4815560643898795,5.426330743726317,5.409338437787629,4.927832428879227,5.292123064192972,5.343963199917779,5.3180904530028,5.347237646231235,5.199903335447283,5.000134927967441,5.2073883331733635,5.376857567443511,4.813602728658178
293.8,2199.955,1.2533333333333332,16141.333333333336,19840.0,3457.9,0.4,580896.0,569640.0,2.282387255601541,200.0,2199.9325,2.655,740.5,1880.0,160.1,1.1,1541792.0,1516140.0,2.0,100.0,2200.0,0.89,2836.0,1520.0,220.2,0.7,867820.0,863508.0,0.8240740740740741,300.0,2199.865,1.22,16474.333333333332,18600.0,4152.2,0.4,582528.0,571220.0,2.3002815512175467,200.0,2199.865,1.565,29438.0,2240.0,4708.1,1.1,1541792.0,1516072.0,1.3345017051913604,100.0,2200.0,0.98,2510.0,2360.0,130.6,0.7,867820.0,863696.0,0.9074074074074072,300.0,2199.955,1.2033333333333334,18152.666666666668,17720.0,4370.8,0.4,583964.0,572804.0,2.187583224779273,200.0,2199.9325,1.735,27293.5,2520.0,4593.0,1.1,1541796.0,1516068.0,1.447928508273336,100.0,2199.865,1.01,2076.0,1880.0,383.8,0.7,867820.0,863872.0,0.9351851851851852,300.0,2199.865,1.2166666666666666,17517.0,15080.0,4669.200000000002,0.4,578116.0,566732.0,2.20641144569716,200.0,2199.9325,1.775,26234.5,5280.0,4138.9000000000015,1.1,1541788.0,1516136.0,1.4761588985726917,100.0,2199.865,0.99,2336.0,2320.0,346.6,0.7,867820.0,863712.0,0.9166666666666666,4.6571939760985455,4.492873863691319,4.427534639241023,4.981037874584128,4.303630131100949,4.448614435224645,4.331271743962892,4.499078850156085,4.681965582381505,4.834513713214685,4.301198018873436,4.16591844192172,3.781935183034036
300.0,2199.955,1.4533333333333334,286.0,5720.0,179.2,0.6,809304.0,772256.0,2.658964157967735,200.0,2199.865,1.155,16402.5,3920.0,2498.4,0.5,1061620.0,689904.0,1.6345811051693404,100.0,2200.0,1.28,677.0,920.0,65.2,0.0,19204.0,7704.0,0.9696969696969696,300.0,2199.955,1.5133333333333334,379.66666666666674,8560.0,181.4,0.5,758432.0,718888.0,2.7411690634352874,200.0,2200.0,1.14,16502.0,2320.0,3754.9,0.5,1061620.0,690732.0,1.6090314913844326,100.0,2199.865,1.31,72.0,920.0,4.2,0.0,19204.0,7704.0,0.9924242424242424,300.0,2199.865,1.7533333333333332,295.3333333333333,3760.0,171.2,0.6,797092.0,764832.0,3.0958573618512304,200.0,2200.0,1.17,14437.5,4520.0,2758.7,0.5,1061620.0,690728.0,1.6601307189542482,100.0,2199.865,1.31,95.0,960.0,7.8,0.0,19204.0,7708.0,0.9924242424242424,300.0,2199.865,1.26,364.66666666666674,3800.0,202.4,0.6,821696.0,777768.0,2.3756861814731005,200.0,2199.9325,1.19,13240.5,3760.0,2333.2,0.5,1061620.0,690736.0,1.6910279263220438,100.0,2200.0,1.31,72.0,1320.0,33.7,0.0,19204.0,7712.0,0.9924242424242424,5.722334872537763,5.803023252626487,5.785589036407366,5.134788009906738,5.855599782688813,5.858127466313014,5.8896570478425945,5.30879920974754,5.816550171267776,6.189422893543848,6.309966851824888,6.3422529041656475,4.7847247135022535
300.0,2199.91,1.5766666666666669,6228.333333333332,10280.0,1470.2,0.7999999999999999,1056616.0,1029672.0,2.687873204518488,200.0,2199.9325,1.17,12874.5,2520.0,2020.3,0.5,1061620.0,689904.0,1.656096256684492,100.0,2200.0,1.26,839.0,1040.0,251.0,0.0,19880.0,8248.0,0.9692307692307692,300.0,2199.955,1.6033333333333335,7505.666666666668,13880.0,2371.7,0.7999999999999999,1056616.0,1030144.0,2.7278024156949137,200.0,2199.9325,1.155,13120.0,2840.0,2994.100000000001,0.5,1061620.0,690732.0,1.6307486631016042,100.0,2199.865,1.29,118.0,680.0,8.0,0.0,19880.0,8248.0,0.9923076923076924,293.8,2199.91,1.5666666666666664,6773.666666666668,7480.0,1649.5,0.7999999999999999,1056616.0,1030204.0,2.6579589631787615,193.8,2199.9325,1.19,11166.0,3120.0,2126.3,0.5,1061620.0,690728.0,1.6867914438502674,100.0,2200.0,1.28,316.0,840.0,11.7,0.0,19880.0,8248.0,0.9846153846153846,293.8,2199.91,1.6499999999999997,7981.0,13880.0,2526.6,0.7999999999999999,1056616.0,1030024.0,2.8247871380425913,200.0,2199.9325,1.205,10557.5,4720.0,1987.9,0.5,1061620.0,690736.0,1.7074866310160428,93.8,2200.0,1.29,132.0,1240.0,34.6,0.0,19880.0,8252.0,0.9923076923076924,5.3503932132581635,5.353053623397334,5.393558038129543,5.331367391669791,5.368678174177135,5.39396134004663,5.399070904507901,5.405430873599435,5.406023081040857,5.416189895235826,5.362766629048461,5.294837003530644,4.6571427911917205
300.0,2199.91,1.49,8603.0,19240.0,2202.8,0.6,930852.0,868072.0,2.5398006314715493,200.0,2200.0,1.165,12721.5,2960.0,1943.8,0.5,1061620.0,689904.0,1.6685037651424204,100.0,2200.0,1.25,701.0,680.0,113.0,0.0,20368.0,8708.0,0.9765625,300.0,2199.955,1.4633333333333336,8889.0,17760.0,2223.8,0.6,930852.0,863784.0,2.4874597287521767,200.0,2199.9325,1.15,12965.5,2560.0,2832.8,0.5,1061620.0,690732.0,1.6427480082942267,100.0,2200.0,1.28,175.0,720.0,9.1,0.0,20368.0,8708.0,1.0,300.0,2199.955,1.49,8818.0,11840.0,2313.1,0.6,930852.0,869756.0,2.532837439736749,200.0,2200.0,1.185,11123.0,3320.0,2105.0,0.5,1061620.0,690728.0,1.6996071155735022,100.0,2199.865,1.27,273.0,880.0,21.1,0.0,20368.0,8708.0,0.9921875,293.8,2200.0,1.4633333333333336,9466.0,15240.0,2348.6,0.6,930852.0,867056.0,2.480496537017377,200.0,2199.9325,1.19,10402.5,5960.0,1996.9,0.5,1061620.0,690736.0,1.70495470915639,100.0,2200.0,1.28,160.0,1320.0,38.9,0.0,20368.0,8712.0,1.0,5.239091021828231,5.182240466324618,5.2376007806368134,5.219367886434285,5.218643935129581,5.248853108756937,5.256449082987966,5.216747806976671,5.2299418372170265,5.156073453536016,5.113789832225184,5.1160813294194085,5.730596951963693
300.0,2199.955,1.4266666666666667,9093.333333333334,15640.0,2291.1,0.7,930852.0,890600.0,2.5215297139413995,200.0,2199.865,1.155,13376.5,2640.0,2084.3,0.5,1061620.0,689904.0,1.7733867888507064,100.0,2200.0,1.24,705.0,1200.0,181.8,0.0,20368.0,8708.0,0.9763779527559054,300.0,2200.0,1.4266666666666667,9330.333333333334,18000.0,2288.0,0.7,930852.0,888524.0,2.5006962529489263,200.0,2199.9325,1.145,13316.5,2400.0,2874.8,0.5,1061620.0,690732.0,1.756904670994018,100.0,2200.0,1.27,143.0,960.0,8.2,0.0,20368.0,8708.0,1.0,300.0,2199.955,1.42,9617.333333333334,12920.0,2426.7000000000007,0.7,930852.0,892284.0,2.4964377993606828,200.0,2200.0,1.175,11484.0,4200.0,2166.2,0.5,1061620.0,690728.0,1.8104874634084256,100.0,2200.0,1.27,149.0,1040.0,17.3,0.0,20368.0,8708.0,1.0,300.0,2199.955,1.393333333333333,10245.333333333334,13680.0,2517.9,0.7,930852.0,887536.0,2.448918216448625,200.0,2199.865,1.2,11196.5,4080.0,2044.8,0.5,1061620.0,690736.0,1.8454880997836325,100.0,2199.865,1.27,131.0,1240.0,34.5,0.0,20368.0,8712.0,1.0,5.292949808602538,5.311271138252722,5.312801125391504,5.281486093490836,5.311860617954934,5.318093193457209,5.301347971916728,5.27631651298066,5.254548396009847,5.221247241261128,5.156878137487796,5.0853239498416,4.58261532451784
300.0,2199.91,1.4400000000000002,9742.0,13200.0,2466.1,0.7,931684.0,905680.0,2.611731550080438,200.0,2199.9325,0.77,13507.0,3680.0,2029.3,0.5,1061620.0,689904.0,1.9946613279946612,100.0,2200.0,1.24,674.0,920.0,89.8,0.0,21116.0,9516.0,0.9763779527559054,300.0,2199.91,1.43,10022.666666666666,17280.0,2498.9,0.7,931684.0,906256.0,2.586863531186301,200.0,2199.865,0.8049999999999999,13997.0,3200.0,2539.7,0.5,1061620.0,690732.0,2.089255922589256,100.0,2199.865,1.26,267.0,1320.0,37.9,0.0,21116.0,9516.0,0.9921259842519684,300.0,2199.955,1.4233333333333331,10339.666666666666,15360.0,2665.8,0.7,931684.0,906144.0,2.5739094192831344,200.0,2200.0,0.79,12332.5,5840.0,2111.2,0.5,1061620.0,690728.0,2.04637971304638,100.0,2199.865,1.26,275.0,1440.0,32.4,0.0,21116.0,9516.0,0.9921259842519684,300.0,2199.865,1.41,10740.333333333334,10960.0,2644.0,0.7,931748.0,905944.0,2.544839719716728,200.0,2199.9325,0.8,11717.5,5080.0,1952.2,0.5,1061620.0,690736.0,2.0734067400734064,100.0,2200.0,1.26,241.0,1520.0,51.7,0.0,21116.0,9520.0,0.9921259842519684,5.5776980468819275,5.5463454012845865,5.530564083243379,5.476663946250991,5.430201758062246,5.4244910453701145,5.437880620985581,5.355128120897656,5.317977765550155,5.2535077336260265,5.178932865336672,4.9729167400059895,4.557257588069331
300.0,2199.865,1.3966666666666665,10034.666666666666,15920.0,2515.600000000001,0.7,931816.0,905680.0,2.4730301427815973,200.0,2200.0,0.745,14834.5,3760.0,2201.2,0.5,1061620.0,689904.0,2.0323529411764705,100.0,2199.865,1.24,800.0,880.0,100.0,0.0,21484.0,9572.0,0.96875,300.0,2199.955,1.4066666666666665,9989.0,15520.0,2499.9,0.7,931816.0,906256.0,2.480830248545743,200.0,2199.9325,0.735,14214.5,3840.0,2573.100000000001,0.5,1061620.0,690732.0,2.005147058823529,100.0,2199.865,1.27,251.0,1680.0,43.2,0.0,21484.0,9832.0,0.9921875,300.0,2199.955,1.393333333333333,10098.666666666666,14440.0,2593.0,0.7,931816.0,906144.0,2.473030142781597,200.0,2199.865,0.73,13573.0,3720.0,2360.6,0.5,1061620.0,690728.0,1.9882352941176469,100.0,2200.0,1.27,316.0,1280.0,31.8,0.0,21484.0,9572.0,0.9921875,300.0,2199.955,1.3833333333333335,10361.333333333334,14080.0,2553.9999999999995,0.7,931816.0,905964.0,2.4526044420941298,200.0,2200.0,0.75,12860.5,6760.0,2031.6,0.5,1061620.0,690736.0,2.0426470588235293,100.0,2200.0,1.27,282.0,1400.0,59.1,0.0,21484.0,9576.0,0.9921875,5.473136344371168,5.47365938112421,5.400528480495846,5.428384890114162,5.314923729274893,5.281227690375463,5.301019583864746,5.2345347641304025,5.218273526689893,5.179916137197872,5.193318680592278,5.023567226335271,4.526670159734968
300.0,2199.955,1.37,10211.0,16440.0,2550.600000000001,0.7,931816.0,905944.0,2.462426505959332,200.0,2199.9325,0.71,16734.0,3000.0,2479.8,0.5,1061620.0,689904.0,1.9348416289592758,93.8,2199.865,1.26,1104.0,1080.0,93.5,0.0,21484.0,9832.0,0.9618320610687022,293.8,2199.865,1.38,10402.0,18800.0,2626.3,0.7,931816.0,906520.0,2.4578442186882064,200.0,2199.865,0.71,15768.5,2560.0,2810.4,0.5,1061620.0,690732.0,1.9348416289592758,100.0,2199.865,1.26,270.0,1400.0,60.4,0.0,22112.0,10220.0,0.9618320610687022,300.0,2199.955,1.356666666666667,10677.0,15400.0,2771.1,0.7,931816.0,906408.0,2.4335845345336287,200.0,2200.0,0.695,16309.5,3760.0,2809.1,0.5,1061620.0,690728.0,1.8886877828054296,100.0,2200.0,1.31,319.0,1040.0,27.5,0.0,22112.0,10224.0,1.0,300.0,2199.955,1.3866666666666667,10672.333333333334,12400.0,2688.7,0.7,931816.0,906228.0,2.461725504866143,200.0,2199.865,0.705,15541.0,4840.0,2377.0,0.5,1061620.0,690736.0,1.9158371040723983,100.0,2199.865,1.31,279.0,1600.0,55.4,0.0,22112.0,10224.0,1.0,5.320695039066952,5.340457355621637,5.288849239560943,5.2728844704316815,5.205874718766945,5.1974757959255005,5.1716113142208835,5.164846618179522,5.125117398969096,5.104817083596043,5.0266647767665145,4.9086838533603485,4.54925957188405
300.0,2199.955,1.3733333333333333,9641.333333333334,14280.0,2411.8,0.7,931956.0,906472.0,2.387778625954198,200.0,2200.0,0.515,51430.5,1680.0,10705.4,0.7,1358624.0,998460.0,1.8201928530913216,100.0,2199.865,1.31,1316.0,1000.0,331.4,0.0,22244.0,10484.0,0.9357142857142858,300.0,2199.91,1.3433333333333335,10171.666666666666,14320.0,2543.2,0.7,931956.0,907048.0,2.33569465648855,200.0,2199.9325,0.525,50474.5,2600.0,10922.7,0.7,1358624.0,999356.0,1.8445830969937609,100.0,2200.0,1.33,388.0,1960.0,60.9,0.0,22376.0,10640.0,0.95,300.0,2199.91,1.3666666666666665,10047.0,11160.0,2522.1,0.7,931956.0,906936.0,2.366928753180661,200.0,2200.0,0.5700000000000001,52362.0,3680.0,9406.1,0.7,1358756.0,999348.0,1.998581962563812,100.0,2200.0,1.38,489.0,1640.0,74.6,0.0,22376.0,10644.0,0.9857142857142857,300.0,2199.955,1.33,10539.333333333334,12240.0,2552.1,0.7,931956.0,906756.0,2.3294605597964377,200.0,2199.865,0.615,42395.5,4840.0,9861.6,0.7,1343128.0,983968.0,2.141520136131594,100.0,2200.0,1.38,464.0,2360.0,120.8,0.0,22376.0,10644.0,0.9857142857142857,5.986564209003151,5.927113273098443,5.627907928288028,5.368872224053834,5.524463708241608,5.567423913502912,5.4901718809825875,5.093400829441076,5.0392225348674335,4.937977896554092,5.024171622632763,4.900831839213627,4.432885265874545
300.0,2199.91,1.3999999999999997,9763.333333333334,15960.0,2441.3,0.7,932100.0,907000.0,2.4851402273818506,200.0,2199.9325,0.53,34573.0,2640.0,5387.7,0.7,1343128.0,983136.0,1.8948717948717948,100.0,2200.0,1.26,683.0,800.0,54.1,0.0,22376.0,10640.0,0.984375,300.0,2199.955,1.393333333333333,10080.333333333334,15400.0,2608.0,0.7,932100.0,907312.0,2.461105764284244,200.0,2199.9325,0.56,29248.0,2600.0,9551.8,0.7,1343128.0,983964.0,2.0205128205128204,100.0,2200.0,1.29,138.0,1240.0,11.1,0.0,22376.0,10640.0,1.0078125,300.0,2199.865,1.3666666666666665,10313.333333333334,15880.0,2649.5,0.7,932100.0,907464.0,2.413119362610604,200.0,2199.9325,0.585,39536.0,3640.0,7005.8,0.9,1655596.0,1188816.0,1.9262820512820509,100.0,2200.0,1.28,142.0,1000.0,12.9,0.0,22376.0,10644.0,1.0,300.0,2199.955,1.3866666666666667,10319.666666666666,13400.0,2608.4,0.7,932100.0,907284.0,2.4305829446464093,200.0,2199.9325,0.555,37028.5,5320.0,7605.4,0.9,1655596.0,1243728.0,1.8128205128205128,100.0,2199.865,1.28,120.0,1120.0,27.6,0.0,22376.0,10644.0,1.0,5.2921099989491385,5.425537206330321,5.5685372114966905,5.674377007189829,5.383635997443634,5.297012211100967,5.277020223921482,5.4780939000995446,5.470970854966135,5.451805613448214,5.5255978149990925,5.324981238930778,4.805198349597506
300.0,2199.91,1.3666666666666665,9855.666666666666,17400.0,2465.5,0.7,932100.0,907000.0,2.362542674988955,200.0,2199.9325,0.615,43076.5,2560.0,8319.699999999999,0.9,1655596.0,1154768.0,1.953703703703704,100.0,2200.0,1.24,869.0,600.0,80.1,0.0,22376.0,10640.0,0.96875,300.0,2199.91,1.336666666666667,10123.333333333334,14760.0,2539.6,0.7,932100.0,907576.0,2.321603925976125,200.0,2200.0,0.51,38800.0,2640.0,8822.8,0.9,1655596.0,1155792.0,1.6296296296296298,100.0,2200.0,1.28,130.0,920.0,11.8,0.0,22376.0,10640.0,1.0,300.0,2199.91,1.356666666666667,10271.333333333334,14640.0,2649.1,0.7,932100.0,907464.0,2.3393528390447087,193.3,2200.0,0.63,39891.0,3280.0,7377.4,0.9,1655596.0,1258448.0,2.1111111111111107,100.0,2200.0,1.28,184.0,1160.0,14.5,0.0,22376.0,10644.0,1.0,293.8,2199.865,1.3299999999999998,10774.0,9280.0,2650.3,0.7,932100.0,907284.0,2.299721307197508,193.8,2200.0,0.615,38840.5,5120.0,7896.6,1.0,1655596.0,1296244.0,2.0277777777777777,100.0,2199.865,1.28,139.0,1880.0,31.0,0.0,22376.0,10644.0,1.0,5.202218252183714,5.026642139690624,5.010314966349714,5.008081350507905,5.3084601477148565,5.5009684773735765,5.459415750400852,4.9746197926475455,4.902987274282074,4.705291120739234,4.758632999974072,4.638783132100018,4.165999973199727
293.8,2199.865,1.3333333333333333,10087.666666666666,15280.0,2533.0000000000005,0.7,932364.0,907264.0,2.32669845944552,200.0,2199.9325,0.61,40993.5,2600.0,8138.5,1.0,1655596.0,1295412.0,2.5988372093023253,100.0,2199.865,1.23,873.0,840.0,66.0,0.0,22376.0,10640.0,0.9534883720930232,300.0,2199.91,1.346666666666667,9967.333333333334,18520.0,2505.9,0.7,932364.0,907840.0,2.3343426793140134,200.0,2199.9325,0.585,42048.0,2560.0,8309.0,1.0,1655596.0,1296420.0,2.420265780730897,100.0,2200.0,1.28,159.0,1400.0,15.7,0.0,22376.0,10640.0,0.992248062015504,300.0,2199.865,1.3266666666666669,10366.333333333334,13600.0,2690.7000000000007,0.7,932364.0,907728.0,2.307167826505112,200.0,2199.9325,0.605,43568.5,3360.0,7822.799999999998,1.0,1655596.0,1296360.0,2.56312292358804,100.0,2200.0,1.29,152.0,920.0,11.9,0.0,22376.0,10644.0,1.0,300.0,2199.91,1.3999999999999997,10323.333333333334,9800.0,2582.9,0.7,932364.0,907548.0,2.3911089849482616,200.0,2200.0,0.535,48401.0,5080.0,10710.7,1.0,1655596.0,1296244.0,2.207641196013289,100.0,2199.865,1.29,110.0,1680.0,27.0,0.0,22376.0,10644.0,1.0,5.335990196153174,5.541253563801263,5.5865222903697465,6.039126238620717,6.2795745840508355,6.171985076674429,5.955382199445991,5.3285409843177645,5.231490971532394,5.295725015806121,5.431040440284575,5.344750847699689,4.956657041238059
300.0,2199.91,1.1233333333333333,9773.0,17000.0,2698.8,0.30000000000000004,297256.0,268484.0,2.5786949123282943,200.0,2200.0,1.345,40677.0,2360.0,8435.8,0.6,989192.0,758508.0,1.4164102564102563,100.0,2200.0,2.09,2.0,480.0,1.8,0.5,813016.0,670124.0,0.6677316293929713,300.0,2199.955,1.096666666666667,10445.666666666666,18640.0,4430.6,0.30000000000000004,296244.0,265768.0,2.5179453665112987,200.0,2199.9325,1.33,39631.0,2080.0,8755.9,0.6,989192.0,748380.0,1.3998290598290601,100.0,2200.0,2.98,5153.0,1280.0,1881.8,0.5,813176.0,672356.0,0.952076677316294,300.0,2199.865,1.0833333333333333,10896.666666666666,15520.0,3043.9000000000005,0.30000000000000004,295744.0,266268.0,2.4884542980920203,200.0,2199.9325,1.575,34707.5,3600.0,8824.599999999999,0.7999999999999999,988284.0,984080.0,1.7507692307692309,100.0,2200.0,3.33,5091.0,1040.0,1390.1,0.5,813176.0,670248.0,1.063897763578275,300.0,2199.865,1.0533333333333337,11692.333333333336,13920.0,3085.0,0.30000000000000004,294524.0,265776.0,2.4219750589821367,193.3,2199.9325,1.64,32608.0,4160.0,10044.1,0.7999999999999999,988416.0,983996.0,1.844273504273504,100.0,2200.0,3.16,5104.0,1360.0,1864.0,0.5,813172.0,672168.0,1.0095846645367412,5.126087233178463,4.5822360440142615,4.6434281026592865,4.64566126469462,5.123332827152946,5.136941041737448,5.230594688404097,5.85539851892971,4.869181044046651,5.35584941320784,5.181921399882612,4.8205890188133695,5.174650552279188
300.0,2199.955,1.143333333333333,15182.0,19280.0,3000.8,0.30000000000000004,323148.0,294104.0,2.2944102241607744,200.0,2199.865,1.405,34674.5,2000.0,7064.0,0.7999999999999999,989192.0,984744.0,1.7397313797313796,100.0,2200.0,1.44,6079.0,1280.0,534.2,0.6,833088.0,767920.0,0.8834355828220859,287.6,2199.91,1.1333333333333333,15308.666666666664,17600.0,4564.5,0.30000000000000004,322880.0,292300.0,2.271605137342481,200.0,2200.0,1.395,34306.5,2720.0,7482.1,0.7999999999999999,988416.0,984068.0,1.7308424908424909,100.0,2200.0,1.55,3878.0,2320.0,445.0,0.6,833092.0,768308.0,0.9509202453987732,300.0,2199.955,1.1266666666666667,16115.0,14960.0,3521.7,0.30000000000000004,322576.0,292500.0,2.259018433266416,200.0,2199.9325,1.435,33703.5,3680.0,7408.3,0.7999999999999999,988284.0,984080.0,1.7729426129426131,100.0,2200.0,1.56,3781.0,2480.0,238.5,0.6,833088.0,769964.0,0.9570552147239264,300.0,2199.91,1.1133333333333333,16661.666666666668,14280.0,3931.2,0.30000000000000004,321400.0,292388.0,2.237040411288394,200.0,2199.865,1.465,32805.5,4320.0,7344.5,0.7999999999999999,988284.0,983996.0,1.8192429792429792,93.8,2200.0,1.55,3914.0,2440.0,390.3,0.6,833088.0,772012.0,0.9509202453987732,4.988842993556298,5.026546299981703,5.0526077353767995,4.43519672571471,4.321539967833285,4.316089727940391,4.301334068960065,4.418378455826343,4.202604992906791,4.3763916817141055,4.348666216135531,4.061991127204636,3.95656217547704
293.8,2199.955,1.12,21699.666666666668,20320.0,4336.5,0.30000000000000004,328388.0,299160.0,2.389963167587477,200.0,2199.9325,1.39,36167.0,2160.0,7391.0999999999985,0.7999999999999999,988416.0,983956.0,1.73812734082397,100.0,2200.0,1.44,6118.0,1320.0,523.2,0.6,833088.0,769240.0,0.8834355828220859,300.0,2199.865,1.106666666666667,22953.66666666667,18360.0,5728.1,0.30000000000000004,327936.0,297084.0,2.3650552486187846,200.0,2200.0,1.38,35729.5,2920.0,7586.9000000000015,0.7999999999999999,988416.0,984068.0,1.7224469413233456,100.0,2200.0,1.54,3954.0,2040.0,468.4,0.6,833092.0,769628.0,0.9447852760736196,293.8,2199.955,1.086666666666667,24121.66666666667,17120.0,5374.8,0.30000000000000004,327484.0,297552.0,2.326289134438306,200.0,2199.9325,1.415,34799.5,4480.0,7685.9,0.7999999999999999,989192.0,984868.0,1.7535580524344567,100.0,2200.0,1.56,3810.0,2400.0,261.7,0.6,833088.0,773592.0,0.9570552147239264,300.0,2199.955,1.0633333333333337,24564.33333333333,15640.0,5568.5,0.30000000000000004,326508.0,297440.0,2.276381215469613,200.0,2200.0,1.43,33621.0,6320.0,7588.8,0.7999999999999999,989192.0,984784.0,1.7668913857677904,100.0,2200.0,1.55,3948.0,2520.0,373.1,0.6,833088.0,773328.0,0.9509202453987732,4.958048972611304,4.989033611893211,5.001109201192982,5.0134651720599885,4.998718557070923,5.058645568027255,4.7244374648965,4.258669464307866,4.319489361690423,4.178311905840912,4.133868771823535,4.128480518898542,3.802282614017405
300.0,2199.955,1.1,16877.0,20440.0,3472.7,0.30000000000000004,333392.0,303700.0,2.3655079823739316,200.0,2200.0,1.345,45975.0,1960.0,8194.1,0.7999999999999999,989192.0,984744.0,1.6274969474969474,100.0,2199.865,1.43,6278.0,1240.0,536.1,0.6,833088.0,772340.0,0.882716049382716,293.8,2199.91,1.0633333333333337,18606.0,18960.0,5473.2,0.30000000000000004,335796.0,301620.0,2.292846491368393,200.0,2200.0,1.3299999999999998,45580.5,3040.0,8728.8,0.7999999999999999,988284.0,984068.0,1.6076190476190475,100.0,2199.865,1.54,4025.0,2400.0,472.5,0.6,833092.0,772992.0,0.9506172839506172,300.0,2199.955,1.06,19334.33333333333,15720.0,4014.2,0.30000000000000004,332200.0,301876.0,2.284582028558475,200.0,2199.9325,1.375,43084.5,2800.0,8536.7,0.7999999999999999,989192.0,984868.0,1.6541636141636142,93.8,2200.0,1.56,3943.0,2320.0,260.9,0.6,833088.0,774648.0,0.9629629629629628,300.0,2199.865,1.03,20699.666666666668,12320.0,4595.9000000000015,0.30000000000000004,331116.0,301704.0,2.2259418764255634,200.0,2199.9325,1.41,40484.5,5080.0,9153.0,0.7999999999999999,988284.0,983996.0,1.7179975579975582,100.0,2200.0,1.55,4017.0,2440.0,398.5,0.6,833088.0,774384.0,0.95679012345679,4.893153468482836,4.83954396559576,4.8320202130396614,4.771283050503143,4.748936413183244,4.723693373024223,4.723649626440388,4.942432265930671,4.696267013882027,4.789946074597781,4.408921550404997,4.5030906728861835,3.9365790510391716
300.0,2199.955,1.0133333333333334,24768.0,19200.0,5134.299999999998,0.30000000000000004,344984.0,315080.0,2.2720621411522397,200.0,2199.9325,1.39,40517.5,3120.0,7950.2,0.7999999999999999,988416.0,983956.0,1.7906291834002677,100.0,2200.0,1.42,6256.0,1280.0,524.6,0.6,833088.0,773924.0,0.8765432098765431,300.0,2200.0,0.9566666666666668,28678.0,20120.0,6421.7,0.30000000000000004,338732.0,306940.0,2.1537616372585147,200.0,2199.9325,1.365,40132.0,3120.0,8248.2,0.7999999999999999,988416.0,984068.0,1.7531994645247655,100.0,2200.0,1.54,4014.0,2480.0,462.2,0.6,833092.0,774576.0,0.9506172839506172,300.0,2199.955,0.9633333333333334,29147.66666666667,18000.0,6186.9,0.30000000000000004,338044.0,307044.0,2.168992970286458,200.0,2200.0,1.43,33328.5,3000.0,7349.9,0.7999999999999999,988284.0,984080.0,1.841392235609103,100.0,2200.0,1.55,3958.0,2440.0,257.2,0.6,833088.0,775968.0,0.95679012345679,300.0,2199.865,0.95,29303.66666666667,16200.0,6553.6,0.30000000000000004,336956.0,306760.0,2.137006223759123,193.3,2199.9325,1.435,33888.0,2560.0,7573.799999999998,0.7999999999999999,988416.0,983996.0,1.838232931726908,100.0,2199.865,1.54,4085.0,2280.0,394.1,0.6,833088.0,775704.0,0.9506172839506172,4.877045339179764,4.933304951461038,5.029392495956056,4.8588862509717385,4.8623723324020665,4.837607674346029,4.795948847599481,4.849586698882248,4.758812137276753,4.64009759990146,4.5703516554432975,4.627003162849385,4.242525452425578
300.0,2199.955,0.9166666666666666,23271.66666666667,16960.0,4533.7,0.30000000000000004,371788.0,341612.0,2.055360015375809,200.0,2199.9325,1.1949999999999998,37225.5,2600.0,6909.0,0.7999999999999999,989192.0,984744.0,1.4647222222222218,100.0,2199.865,1.42,6222.0,1360.0,535.4,0.6,833088.0,777620.0,0.8765432098765431,293.8,2199.955,0.9233333333333332,23418.33333333333,16160.0,5259.9,0.30000000000000004,370620.0,339004.0,2.066033250186975,200.0,2199.9325,1.19,36809.0,3000.0,6736.1,0.7999999999999999,989192.0,984856.0,1.4602777777777778,100.0,2200.0,1.53,4092.0,2400.0,453.7,0.6,833092.0,778536.0,0.9444444444444444,287.6,2199.955,0.89,25010.0,14680.0,5690.5,0.30000000000000004,368820.0,337888.0,1.999147645370336,200.0,2199.9325,1.235,36101.0,3760.0,6649.1,0.7999999999999999,988284.0,984080.0,1.5226388888888889,100.0,2200.0,1.54,4014.0,2080.0,270.9,0.6,833088.0,779136.0,0.9506172839506172,300.0,2199.91,0.89,24475.33333333333,11160.0,5075.5,0.30000000000000004,365916.0,335928.0,1.9966336170337224,200.0,2199.865,1.255,33951.0,5440.0,7515.7,0.7999999999999999,988416.0,983996.0,1.5515972222222223,100.0,2200.0,1.54,4087.0,2480.0,385.3,0.6,833088.0,778872.0,0.9506172839506172,4.558579771932463,4.622709302735845,4.741886080087911,4.898906489013863,4.616615501306153,4.607446913823977,4.622321553917698,4.667923579255691,4.602362485567769,4.619549780563437,4.613565224466047,4.504125555701793,4.166426036281433
293.8,2199.91,0.9033333333333332,24526.33333333333,17240.0,4997.3,0.30000000000000004,373880.0,343732.0,2.037594405594405,200.0,2199.9325,1.18,38140.5,2880.0,6929.5999999999985,0.7999999999999999,988284.0,983956.0,1.4290277777777778,100.0,2200.0,1.41,6218.0,1360.0,536.4,0.6,833088.0,778148.0,0.8703703703703702,300.0,2199.865,0.9033333333333332,24451.66666666667,16360.0,5374.1,0.30000000000000004,372708.0,341128.0,2.034839160839161,200.0,2199.9325,1.1749999999999998,37660.5,2520.0,6789.200000000002,0.7999999999999999,988416.0,984068.0,1.424583333333333,100.0,2199.865,1.53,4072.0,2480.0,462.4,0.6,833092.0,779328.0,0.9444444444444444,293.3,2199.91,0.8833333333333333,25736.66666666667,17280.0,5717.2,0.30000000000000004,370780.0,339748.0,1.9917156177156183,200.0,2200.0,1.23,35589.0,4240.0,6701.3,0.7999999999999999,988416.0,984080.0,1.5070138888888889,100.0,2200.0,1.54,4018.0,2120.0,276.3,0.6,833088.0,779664.0,0.9506172839506172,300.0,2199.955,0.8700000000000001,24744.66666666667,11320.0,5062.2,0.30000000000000004,368088.0,338052.0,1.963160839160839,200.0,2199.9325,1.26,34206.5,4360.0,7619.4,0.7999999999999999,989192.0,984784.0,1.5672222222222223,100.0,2200.0,1.54,4046.0,2320.0,397.7,0.6,833088.0,779400.0,0.9506172839506172,4.477099456099456,4.528972956056291,4.62248785936286,4.762307832599499,4.674301713718379,4.6059404191487525,4.585198815073816,4.630436098530059,4.563321710696711,4.595555827719445,4.573936024889127,4.49533852413019,4.260032080810738
300.0,2199.955,0.88,24877.33333333333,17680.0,4989.0,0.30000000000000004,381504.0,351152.0,2.1805559210526315,200.0,2199.9325,1.17,37770.5,3040.0,6900.9,0.7999999999999999,988284.0,983956.0,1.3484820031298903,100.0,2200.0,1.41,6106.0,1240.0,537.7,0.6,833088.0,780788.0,0.844311377245509,293.3,2199.91,0.8633333333333333,25058.33333333333,16040.0,5219.9,0.30000000000000004,380448.0,348556.0,2.1384276315789474,200.0,2200.0,1.165,37677.0,2560.0,6779.1,0.7999999999999999,989192.0,984856.0,1.3536776212832549,100.0,2199.865,1.67,12818.0,2320.0,2217.3,0.6,830284.0,781072.0,1.0,300.0,2199.865,0.85,25672.0,17160.0,5751.6,0.30000000000000004,378300.0,347176.0,2.103924342105264,200.0,2200.0,1.2049999999999998,35561.5,3240.0,6684.3,0.7999999999999999,988284.0,984080.0,1.3795931142410016,100.0,2200.0,1.62,4022.0,2080.0,403.4,0.6,830280.0,781084.0,0.9700598802395209,293.8,2200.0,0.8433333333333334,25353.0,14840.0,5233.3,0.30000000000000004,375752.0,345480.0,2.088299342105264,200.0,2199.9325,1.225,34649.5,4200.0,7670.0,0.7999999999999999,989192.0,984784.0,1.4070109546165883,100.0,2200.0,1.7,11309.0,2560.0,1778.3,0.6,830280.0,781088.0,1.0179640718562877,4.140758625155985,4.174357175522512,4.204820524701991,4.22269679760438,4.251390071188366,4.2275639522195325,4.232673392745292,4.897392973668049,4.4610920219234185,4.774909870879026,4.792477012910752,4.2075299535319495,4.277752243152023
300.0,2199.91,1.606666666666667,6620.666666666668,17480.0,1827.3,0.6,938284.0,855456.0,2.7027982323981017,200.0,2199.9325,2.7,20998.5,2280.0,5177.2,0.7,942320.0,926088.0,1.8883091787439612,100.0,2200.0,2.13,5607.0,1320.0,683.0,0.0,29984.0,27204.0,0.9383259911894272,293.3,2199.865,1.58,7108.333333333332,16400.0,2454.5,0.6,938300.0,855252.0,2.667744089001297,200.0,2199.9325,1.995,38630.5,2120.0,8768.2,0.7,941544.0,925304.0,1.4702504816955684,100.0,2200.0,2.22,3339.0,2320.0,386.2,0.0,29984.0,27200.0,0.9779735682819384,300.0,2200.0,1.5599999999999998,7858.0,15400.0,2108.2,0.6,938284.0,855228.0,2.627707825329308,200.0,2200.0,2.73,19939.5,4040.0,4716.9,0.7,942320.0,926088.0,2.08140589569161,93.8,2200.0,2.2,3409.0,2360.0,536.0,0.0,29984.0,27200.0,0.9691629955947136,300.0,2199.955,1.5533333333333337,8804.333333333334,13800.0,3164.8,0.6,938276.0,854332.0,2.610785517927121,200.0,2199.9325,2.775,19360.5,4960.0,4295.5,0.7,942320.0,926088.0,2.1141043083900226,93.8,2200.0,2.21,3419.0,2440.0,463.2,0.0,29984.0,27200.0,0.9735682819383259,5.576086188901472,4.944694654441557,5.055889711644954,5.61912168436151,4.879249114942206,5.428280782158284,5.3817760232645515,4.888911828130972,4.87357871471572,4.78380148409633,4.593177014398516,4.60305548934158,4.7267621993405715
300.0,2199.865,1.4766666666666666,6238.0,15400.0,1883.9,0.7,938452.0,878004.0,2.6558735970260527,193.8,2200.0,2.705,21075.0,2680.0,5266.6,0.7,942320.0,926088.0,2.4875743348982784,100.0,2199.865,2.12,5598.0,1240.0,672.2,0.0,29984.0,27204.0,0.933920704845815,293.8,2199.865,1.5,6044.666666666668,14120.0,2112.1,0.7,938468.0,875752.0,2.6835702686969576,200.0,2200.0,2.715,20869.0,2520.0,4888.4,0.7,941544.0,925304.0,1.8970048309178744,100.0,2199.865,2.21,3287.0,2160.0,402.2,0.0,29984.0,27200.0,0.9735682819383259,300.0,2199.865,1.4566666666666668,7028.666666666668,13080.0,2166.0,0.7,938420.0,875728.0,2.6112345149463323,200.0,2199.9325,1.995,38790.5,3640.0,8873.8,0.7,942320.0,926088.0,1.479576107899807,100.0,2199.865,2.2,3402.0,2480.0,538.1,0.0,29984.0,27200.0,0.9691629955947136,300.0,2199.955,1.4633333333333336,7649.666666666668,16680.0,2811.1,0.7,938404.0,876880.0,2.5862342596280525,200.0,2199.9325,1.855,44471.0,5080.0,9170.9,0.7,941544.0,925300.0,1.4033140655105971,100.0,2200.0,2.2,3372.0,2320.0,467.1,0.0,29984.0,27200.0,0.9691629955947136,6.147237714741639,5.582536299827328,5.496597389509819,4.93315762934561,5.462525376814995,6.0259495460867925,5.925874993359442,5.449534580665162,5.439952007300391,5.3902779111066295,5.281477639959959,5.128691405474292,5.181287283787822
300.0,2199.91,1.4799999999999998,9645.0,18320.0,2486.6,0.7,939676.0,893180.0,2.6224665825977302,200.0,2199.9325,2.715,21014.0,2600.0,5217.0,0.7,942320.0,926092.0,1.8886590038314173,100.0,2199.865,2.14,5432.0,1280.0,655.7,0.0,29984.0,27208.0,0.9469026548672568,300.0,2199.955,1.4533333333333331,10380.0,19840.0,3129.0999999999995,0.7,939676.0,892020.0,2.58207313997478,200.0,2200.0,1.665,51490.0,3320.0,10671.6,0.7,941412.0,925308.0,1.2699777141037885,100.0,2200.0,2.22,3277.0,2040.0,386.0,0.0,29984.0,27204.0,0.9823008849557524,300.0,2199.91,1.4566666666666668,10946.666666666666,15320.0,2925.7,0.7,939660.0,891944.0,2.5791929382093315,200.0,2199.9325,2.7350000000000003,19894.5,3800.0,4696.0,0.7,942320.0,926092.0,3.23193302891933,100.0,2200.0,2.21,3335.0,2360.0,534.6,0.0,29984.0,27204.0,0.9778761061946905,300.0,2199.955,1.4433333333333334,11783.0,13800.0,3944.4,0.7,939652.0,893380.0,2.5511071878940728,200.0,2200.0,2.795,19029.0,5000.0,4097.3,0.7,982340.0,956496.0,3.306910197869102,100.0,2200.0,2.21,3310.0,2320.0,440.3,0.0,29984.0,27204.0,0.9778761061946905,5.445281578837338,5.361635769580303,5.388141724392813,6.730170466779971,5.2511483842527555,5.3620558005480055,5.318432161221173,5.2164466626209345,5.185174512470134,5.153087662443421,5.00494237315602,4.936680969152569,4.450798810414814
300.0,2199.865,1.5,8956.666666666666,17440.0,2301.7000000000007,0.7,939748.0,893196.0,2.670372894628084,200.0,2199.9325,2.71,21028.0,2160.0,5164.4000000000015,0.7,942320.0,926092.0,1.8885430675632404,100.0,2200.0,2.12,5661.0,1200.0,689.5,0.0,29984.0,27208.0,0.933920704845815,300.0,2199.955,1.45,9985.0,16920.0,3118.3,0.7,939756.0,892036.0,2.5913675219872245,200.0,2199.865,2.7350000000000003,20815.0,2520.0,4894.4,0.7,941412.0,925308.0,1.9017241379310343,100.0,2200.0,2.21,3296.0,1960.0,379.9,0.0,29984.0,27204.0,0.9735682819383259,300.0,2199.91,1.4466666666666663,10651.666666666666,12720.0,2765.0,0.7,939724.0,891948.0,2.577892416673313,200.0,2199.9325,1.7000000000000002,49079.5,3680.0,10295.4,0.7,941412.0,925304.0,1.2995097102833493,100.0,2199.865,2.2,3354.0,2400.0,537.5,0.0,29984.0,27204.0,0.9691629955947136,300.0,2199.865,1.4300000000000004,11604.333333333336,14760.0,3982.400000000001,0.7,939724.0,893388.0,2.545576815713344,200.0,2200.0,2.36,32634.0,5080.0,6413.4,0.7,942320.0,926092.0,1.6919452403693092,100.0,2200.0,2.21,3330.0,2400.0,445.2,0.0,29984.0,27204.0,0.9735682819383259,5.373061594856321,5.426389568782558,5.3947553145252165,5.331549833552679,5.378200078924184,5.336977439880711,5.3177979164026885,5.304237224011958,5.269108093025954,5.2664710097342695,5.179919775552154,5.05289844645908,4.50978192371136
293.3,2199.865,1.4400000000000002,10046.333333333334,16080.0,2539.7000000000007,0.7,940032.0,893484.0,2.5785359744287217,200.0,2200.0,2.71,21102.0,2320.0,5113.1,0.7,941412.0,925304.0,1.8857854406130268,100.0,2200.0,2.14,5445.0,1360.0,628.2,0.0,29984.0,27208.0,0.9385964912280704,293.8,2200.0,1.4366666666666668,10723.0,17320.0,3195.9999999999995,0.7,940032.0,892324.0,2.5620429764861994,200.0,2199.9325,2.72,20951.0,2480.0,5032.799999999998,0.7,941412.0,925308.0,2.2582539682539684,100.0,2200.0,2.22,3222.0,2200.0,403.7,0.0,29984.0,27204.0,0.973684210526316,300.0,2199.865,1.4433333333333334,11092.333333333336,14200.0,2795.4,0.7,940008.0,892240.0,2.567681404738225,200.0,2199.9325,2.74,19877.0,3800.0,4654.799999999998,0.7,942320.0,926092.0,1.913647134165866,100.0,2200.0,2.21,3382.0,2520.0,526.4,0.0,29984.0,27204.0,0.9692982456140352,300.0,2199.91,1.4233333333333331,12214.333333333336,17040.0,3926.5,0.7,940008.0,893680.0,2.5279236205508524,200.0,2199.9325,2.795,18715.5,4920.0,4080.8,0.7,941412.0,925304.0,1.9484726224783864,100.0,2200.0,2.23,3248.0,2280.0,439.4,0.0,29984.0,27204.0,0.9780701754385964,4.9602628062534055,5.842552082181072,5.82666305317729,5.379897726440157,5.773229062869147,4.767060269230331,4.673229895063327,5.7098233619236956,5.685208174462456,5.620146252257679,5.544933154961505,5.477087547126991,4.8831402276182265
300.0,2199.955,1.46,9438.0,15240.0,2461.1,0.7,940436.0,894064.0,2.5496588017580386,200.0,2199.9325,2.71,20960.0,2560.0,5205.799999999998,0.7,941544.0,925304.0,2.477726098191215,100.0,2200.0,2.14,5400.0,1280.0,652.9,0.0,29984.0,27208.0,0.9385964912280704,300.0,2199.91,1.4466666666666663,10124.333333333334,18080.0,2993.3,0.7,940436.0,892904.0,2.538150589868147,200.0,2200.0,2.725,20945.0,2600.0,4762.5,0.7,942320.0,926096.0,1.8916396052212667,100.0,2199.865,2.22,3273.0,1920.0,385.3,0.0,29984.0,27204.0,0.973684210526316,300.0,2199.955,1.4333333333333331,10600.0,14440.0,2817.9,0.7,940428.0,892824.0,2.5086051353226924,200.0,2199.865,2.75,19824.5,3840.0,4657.200000000002,0.7,941412.0,925304.0,1.918199233716475,100.0,2200.0,2.21,3356.0,2480.0,561.2,0.0,29984.0,27204.0,0.9692982456140352,300.0,2199.91,1.43,11401.333333333336,14040.0,3772.3,0.7,940412.0,894260.0,2.496512838306732,200.0,2200.0,2.81,18890.5,5120.0,4097.0,0.7,941412.0,925304.0,1.9558237547892718,100.0,2200.0,2.22,3308.0,2360.0,441.0,0.0,29984.0,27204.0,0.973684210526316,6.250697491388724,5.480983792901038,5.500772393941907,5.412057730433273,5.414104406170557,6.15365448115871,6.1164728066478204,5.387437043621747,5.356362640191422,5.232879000937007,5.227271660025506,5.175775450449552,4.6313482323278565
300.0,2200.0,1.46,8121.666666666668,18000.0,2330.5,0.7,940628.0,894340.0,2.760146103896104,200.0,2200.0,2.715,21046.0,2440.0,5139.5999999999985,0.7,941412.0,925304.0,1.885908946195479,100.0,2199.865,2.14,5395.0,1320.0,655.8,0.0,29984.0,27208.0,0.9427312775330396,300.0,2200.0,1.5133333333333334,7960.0,15920.0,2632.5,0.7,940628.0,893180.0,2.8283325339433287,200.0,2200.0,2.385,31343.0,2520.0,6686.3,0.7,941544.0,925308.0,1.6920598535498248,100.0,2200.0,2.22,3262.0,2040.0,386.8,0.0,29984.0,27204.0,0.9779735682819384,300.0,2199.91,1.46,8638.0,16920.0,2450.1,0.7,940596.0,893104.0,2.725653962514758,200.0,2200.0,2.745,19726.0,3760.0,4553.2,0.7,942320.0,926092.0,1.9125756128621456,100.0,2199.865,2.22,3283.0,2400.0,534.5,0.0,29984.0,27204.0,0.9779735682819384,300.0,2199.91,1.4466666666666663,9033.666666666666,13000.0,3096.3,0.7,940580.0,894544.0,2.7063348583234945,200.0,2199.865,1.9,42447.5,4200.0,8935.5,0.7,941412.0,925304.0,1.423597580388411,100.0,2199.865,2.22,3298.0,2280.0,455.5,0.0,29984.0,27204.0,0.9779735682819384,5.497051076443423,5.607824097231224,5.588372087419937,4.9916326036979735,5.529740776321403,5.393398460298577,5.4026436231190065,5.43010750047004,5.389503688810444,5.330111451519364,5.344328373413173,5.169447598742519,4.76488868126009
300.0,2199.955,1.9833333333333332,34903.0,17120.0,11064.0,0.30000000000000004,291852.0,266312.0,2.697374244635212,200.0,2199.865,1.9,33459.0,2480.0,6223.3,0.7,969964.0,962264.0,1.7221183412282888,100.0,2200.0,1.85,2.0,0.0,0.7,0.5,813012.0,672232.0,0.5910543130990416,300.0,2199.955,2.0033333333333334,35161.666666666664,16960.0,9886.0,0.30000000000000004,291844.0,266564.0,2.71831083124088,200.0,2199.9325,1.9,32317.0,2560.0,6066.5,0.7,969952.0,962244.0,1.7157816005983546,100.0,2200.0,2.16,1.0,400.0,1.7,0.5,813012.0,672028.0,1.1933701657458564,300.0,2199.955,1.9333333333333331,36512.66666666666,14840.0,10694.3,0.30000000000000004,293516.0,266416.0,2.656228406768697,200.0,2199.9325,1.97,30784.0,3760.0,5775.0,0.7,971876.0,964100.0,1.7776738967838446,100.0,2199.865,3.22,5088.0,1280.0,1747.7,0.5,813172.0,672356.0,1.0287539936102237,300.0,2200.0,1.94,36288.0,19560.0,10325.1,0.30000000000000004,293508.0,266424.0,2.6778694188388537,200.0,2199.865,2.06,32044.0,5120.0,6243.4,0.7,969828.0,962252.0,1.8655779938502453,100.0,2200.0,1.86,1.0,160.0,0.2,0.5,813176.0,674216.0,0.5942492012779553,5.268466866392848,5.710244424960041,5.429628027164617,5.065334917174554,5.5136993995766135,5.483915218547613,5.04213435756993,5.393128159636222,6.086476383018539,6.240064508370183,5.0070009612436905,5.790058197124663,4.439951354584268
300.0,2199.91,2.6266666666666665,34797.666666666664,21640.0,9759.7,0.6000000000000001,894568.0,805288.0,2.967654239539716,200.0,2199.865,0.79,21546.5,1880.0,4060.2,0.7,1023992.0,996744.0,1.3906551463803374,100.0,2199.865,2.21,37.0,440.0,1.7,0.0,15204.0,992.0,0.9910313901345292,300.0,2199.865,2.6333333333333333,34911.0,16960.0,10335.6,0.6000000000000001,894568.0,803568.0,2.974298218562621,200.0,2200.0,0.745,19848.0,2520.0,2743.3,0.7,1023996.0,996612.0,1.31859743310125,100.0,2200.0,2.23,8.0,400.0,0.2,0.0,15204.0,996.0,1.0,300.0,2199.91,2.6333333333333333,35544.666666666664,7520.0,10846.7,0.6000000000000001,894568.0,805176.0,2.974298218562621,200.0,2200.0,0.8799999999999999,15863.0,3200.0,2769.100000000001,0.7,1024000.0,996688.0,1.551547688952269,100.0,2200.0,2.22,7.0,440.0,0.6,0.0,15204.0,996.0,0.9955156950672648,300.0,2199.955,2.626666666666667,35376.0,18120.0,10520.3,0.6000000000000001,894568.0,803764.0,2.9669469603665077,200.0,2200.0,0.875,21184.5,4360.0,3566.2,0.7,1024524.0,997336.0,1.5573357939770154,100.0,2200.0,2.23,7.0,360.0,0.4,0.0,15204.0,996.0,1.0,5.145265351099204,5.562663745121784,5.6933445120826205,5.205936905511217,5.653345071319821,5.1815448944890115,5.570285761100304,5.6003891903068705,5.079898968151395,5.082498861185127,4.948511015934768,5.583152932816536,4.334583796681117
293.3,2199.865,2.0466666666666664,35113.0,18320.0,9850.8,0.6000000000000001,894880.0,828344.0,2.65076453135221,200.0,2200.0,0.795,20588.5,2320.0,4000.1,0.7,1024520.0,997272.0,1.4232229123533469,100.0,2200.0,2.2,43.0,400.0,1.9,0.0,15204.0,992.0,0.990990990990991,300.0,2199.91,2.036666666666666,36026.333333333336,18760.0,10558.3,0.6000000000000001,894880.0,826624.0,2.6402152836183537,200.0,2200.0,0.74,21890.0,2680.0,3283.7,0.7,1023996.0,996612.0,1.3329882677708764,100.0,2199.865,2.22,9.0,360.0,0.2,0.0,15204.0,996.0,1.0,293.8,2199.955,2.033333333333333,36937.333333333336,16880.0,10980.4,0.6000000000000001,894880.0,828232.0,2.6298944023922997,193.8,2200.0,0.8400000000000001,20118.0,3320.0,3548.3,0.7,1024792.0,997480.0,1.5093167701863353,100.0,2200.0,2.2,9.0,520.0,0.7,0.0,15204.0,996.0,0.990990990990991,293.8,2199.955,2.0166666666666666,36688.66666666666,18120.0,10831.1,0.6000000000000001,894880.0,826820.0,2.60733050649472,200.0,2199.865,0.8899999999999999,20445.5,3000.0,3439.2,0.7,1024788.0,997600.0,1.6033471359558316,100.0,2200.0,2.22,8.0,400.0,0.5,0.0,15204.0,996.0,1.0,5.511614019342513,5.262838584258894,5.304102090215054,5.239414047331736,5.259584399147697,5.741377909724684,5.3053413043768485,5.21323626578979,6.137198524295299,6.087778062240428,6.2098409853786185,5.326260929494602,4.625351190875383
300.0,2199.955,1.91,37097.0,18760.0,10633.7,0.7,895296.0,869496.0,2.5073147786129235,200.0,2199.9325,0.79,23303.5,2200.0,3894.2,0.7,1029008.0,1001840.0,1.4351111111111112,100.0,2199.865,2.21,42.0,360.0,1.6,0.0,15204.0,992.0,0.9910313901345292,300.0,2199.91,1.9066666666666665,37485.0,19640.0,11230.7,0.7,895296.0,869828.0,2.4985586510906743,200.0,2199.9325,0.7949999999999999,15586.0,2440.0,2451.1,0.7,1028880.0,1001580.0,1.4493333333333334,100.0,2200.0,2.22,12.0,240.0,0.2,0.0,15204.0,996.0,0.9955156950672648,287.6,2199.955,1.9233333333333336,38213.0,16680.0,11758.1,0.7,895296.0,869396.0,2.518478969815774,200.0,2199.9325,0.8700000000000001,16331.0,4160.0,2722.6,0.8,1033108.0,1005804.0,1.5848888888888892,100.0,2200.0,2.21,7.0,400.0,0.3,0.0,15204.0,996.0,0.9910313901345292,300.0,2199.955,1.9233333333333336,37902.0,15400.0,11231.4,0.7,895296.0,868240.0,2.517919563605001,200.0,2200.0,0.875,20698.5,5040.0,3707.6,0.8,1037064.0,1009764.0,1.6053333333333335,100.0,2200.0,2.22,8.0,560.0,0.6,0.0,15204.0,996.0,0.9955156950672648,5.277716534478688,5.152852566609466,5.160469190235092,5.143782892664082,5.153078268556136,5.292638140437789,5.1094468234618375,5.227573428154179,5.1524381223052735,5.263706096161483,5.173082394830197,5.170108018390684,4.761099823377661
300.0,2199.955,1.9066666666666665,38020.0,21040.0,10472.000000000002,0.7,895428.0,870544.0,2.538883103745797,200.0,2199.865,0.77,18729.5,2840.0,3081.9,0.8,1050524.0,1023224.0,1.3934065934065931,100.0,2200.0,2.2,56.0,440.0,1.9,0.0,15204.0,992.0,0.990990990990991,293.8,2199.91,1.8966666666666667,38541.0,11720.0,11063.1,0.7,895428.0,870620.0,2.5136926326774893,200.0,2199.9325,0.74,18827.5,2440.0,2653.4,0.8,1050528.0,1023228.0,1.3424175824175824,100.0,2199.865,2.22,8.0,520.0,0.1,0.0,15204.0,996.0,1.0,300.0,2199.91,1.91,38110.333333333336,20040.0,11230.6,0.7,895428.0,870444.0,2.5340351029768184,200.0,2200.0,0.8200000000000001,20556.0,3480.0,3757.5,0.8,1050532.0,1023228.0,1.4823736263736262,100.0,2200.0,2.21,7.0,520.0,0.4,0.0,15204.0,996.0,0.9954954954954954,293.8,2199.91,1.8866666666666667,38355.66666666666,17720.0,11219.3,0.7,895428.0,870088.0,2.503347805091282,200.0,2200.0,0.895,16866.0,5360.0,3214.8,0.8,1050528.0,1023228.0,1.61432967032967,100.0,2200.0,2.22,8.0,600.0,0.4,0.0,15204.0,996.0,1.0,5.16019693600522,5.175444728494504,5.15654586721773,5.2431568315056465,5.2605228233430905,5.177818064358923,5.257797639503154,5.258115373014662,5.241556524411309,5.267319879386454,5.224719433705691,5.086936046257101,4.6632807753824626
300.0,2199.955,1.9633333333333336,37343.0,20320.0,9842.8,0.7,895428.0,870544.0,2.6213955234232835,200.0,2199.9325,0.78,17127.0,3040.0,3826.5,0.8,1050524.0,1023224.0,1.4058260869565218,100.0,2200.0,2.2,49.0,520.0,1.9,0.0,15204.0,992.0,0.9865470852017938,300.0,2199.91,1.9533333333333331,37817.333333333336,21960.0,10433.4,0.7,895428.0,870620.0,2.604438224710116,200.0,2200.0,0.745,19450.0,1920.0,2736.4,0.8,1050528.0,1023228.0,1.3469565217391306,100.0,2199.865,2.23,10.0,520.0,0.3,0.0,15204.0,996.0,1.0,300.0,2199.955,1.95,37873.333333333336,17080.0,10619.7,0.7,895428.0,870444.0,2.600953904152625,200.0,2200.0,0.825,22457.5,2640.0,4269.5,0.8,1050532.0,1023228.0,1.4835652173913043,100.0,2200.0,2.2,8.0,640.0,0.7,0.0,15204.0,996.0,0.9865470852017938,300.0,2199.955,1.95,38350.333333333336,16840.0,10634.8,0.7,895428.0,870088.0,2.5968388154942104,200.0,2200.0,0.8999999999999999,15089.0,6400.0,2720.2,0.8,1050528.0,1023228.0,1.6207826086956518,100.0,2200.0,2.23,8.0,520.0,0.5,0.0,15204.0,996.0,1.0,5.0702457500657685,5.27621860041799,5.335654103221177,5.224906774823345,5.278254544130756,5.139849405333206,5.206722046925557,5.286614819939182,5.1086881769225565,5.211543703953104,5.144284882799772,5.234621945365598,4.682012947862852
300.0,2199.91,1.9366666666666668,37419.0,22000.0,9787.7,0.7,895568.0,871336.0,2.5357086371868713,200.0,2199.865,0.77,20782.0,2360.0,3893.7,0.8,1050524.0,1023224.0,1.3747412008281574,100.0,2200.0,2.16,34.0,400.0,1.8,0.0,15204.0,992.0,0.9863013698630138,300.0,2199.955,1.95,38486.333333333336,18400.0,10663.4,0.7,895568.0,871412.0,2.550932630092195,200.0,2200.0,0.74,23528.5,3120.0,3629.2,0.8,1050528.0,1023228.0,1.3271221532091095,100.0,2200.0,2.19,7.0,320.0,0.1,0.0,15204.0,996.0,1.0,300.0,2199.91,1.9466666666666663,37835.66666666666,15000.0,10741.2,0.7,895568.0,871236.0,2.5469956222181787,200.0,2200.0,0.845,21051.5,4040.0,3977.9,0.8,1050532.0,1023228.0,1.5172532781228432,100.0,2200.0,2.16,6.0,360.0,0.7,0.0,15204.0,996.0,0.9863013698630138,300.0,2199.865,1.923333333333333,38370.333333333336,16080.0,10449.3,0.7,895568.0,870880.0,2.514652815071869,200.0,2199.9325,0.8999999999999999,15118.5,6440.0,2521.7,0.8,1050528.0,1023228.0,1.616287094547964,100.0,2199.865,2.19,8.0,440.0,0.3,0.0,15204.0,996.0,1.0,5.1285587593532815,5.170608005573057,5.192839045891378,5.163461518087948,5.1314914832856,5.296391541763895,5.200869978875076,5.2978908010235,5.21994103723867,5.205708712485798,5.123535516372378,5.19980190999803,4.5799277680946435
300.0,2199.865,1.0666666666666669,2869.333333333333,13240.0,1127.5,0.9,1151364.0,1119520.0,2.890443847340399,200.0,2200.0,1.38,14459.5,2200.0,2797.5,1.2,1696596.0,1457432.0,1.6300992490282653,100.0,2200.0,1.41,1326.0,1160.0,369.9,0.0,5476.0,3188.0,1.0,300.0,2199.865,1.07,2844.0,14800.0,1079.3,0.9,1151364.0,1119076.0,2.8948101706722404,200.0,2200.0,1.365,21134.5,3760.0,4267.0,1.2,1696596.0,1457496.0,1.605305860598513,100.0,2199.865,1.42,534.0,1560.0,256.9,0.0,5476.0,3188.0,1.0070921985815602,293.8,2199.955,1.3233333333333337,4788.333333333333,12040.0,1968.3,0.9,1151364.0,1118764.0,3.388316664178733,200.0,2200.0,1.535,22701.0,5000.0,4812.4,1.2999999999999998,1696596.0,1665732.0,1.8345220574361296,100.0,2199.865,1.42,608.0,1360.0,7.9,0.0,5476.0,3184.0,1.0070921985815602,300.0,2199.955,1.3266666666666669,4738.0,11880.0,2127.9,0.9,1151364.0,1117864.0,3.39481017067224,200.0,2199.9325,1.62,24187.5,1760.0,5170.3,1.2999999999999998,1696596.0,1665664.0,1.9084493754481298,100.0,2200.0,1.42,468.0,1200.0,25.0,0.0,5476.0,3184.0,1.0070921985815602,5.841290917608725,6.3205511722479475,5.8299595577674665,6.271709381210939,6.162854962129782,6.1390765297435435,6.067403688478227,5.743863781683714,5.450259727844921,5.626002439083247,5.3565054225908115,5.330660966024593,5.182769429268023
287.6,2199.91,1.03,6525.666666666668,14680.0,2299.0,0.7000000000000001,1025336.0,956940.0,2.717001177383217,200.0,2200.0,1.385,21867.5,3000.0,4556.6,1.2999999999999998,1696596.0,1665800.0,1.6535303776683088,100.0,2199.865,1.41,1359.0,1320.0,377.0,0.0,5476.0,3188.0,1.0,300.0,2199.955,1.0333333333333334,7149.666666666668,15600.0,2062.9,0.7000000000000001,1025336.0,953652.0,2.7236000362271757,200.0,2200.0,1.395,15416.0,3880.0,3562.3,1.2999999999999998,1696596.0,1665864.0,1.6724137931034484,100.0,2199.865,1.42,556.0,1480.0,252.2,0.0,5476.0,3188.0,1.0070921985815602,300.0,2199.91,0.9733333333333332,8619.333333333334,14600.0,2701.8,0.7000000000000001,1025328.0,956896.0,2.5982713336719785,200.0,2200.0,1.4900000000000002,23147.0,6000.0,4814.2,1.2999999999999998,1696596.0,1665732.0,1.8021346469622328,100.0,2200.0,1.42,616.0,1240.0,18.5,0.0,5476.0,3184.0,1.0070921985815602,300.0,2199.955,0.9666666666666668,9280.0,12280.0,2745.4,0.7000000000000001,1025328.0,955308.0,2.5841805373435243,200.0,2200.0,1.62,25075.0,3640.0,4592.6,1.2999999999999998,1696596.0,1665664.0,1.9482758620689653,100.0,2199.865,1.42,491.0,1240.0,26.6,0.0,5476.0,3184.0,1.0070921985815602,5.640875615198021,5.519864246952716,5.5733292581949545,5.4802872386086525,5.491702736752008,5.427700736381862,5.442680673614342,5.4541843770555305,5.560875407763187,5.396496930953298,4.987325255796026,5.116460467513212,5.9924820734545365
300.0,2199.91,0.8666666666666667,16496.0,21200.0,6053.3,0.8,1026464.0,993632.0,2.3126858961056933,200.0,2200.0,1.4500000000000002,17537.0,3160.0,3544.4,1.2999999999999998,1696596.0,1665880.0,1.6244260789715337,100.0,2200.0,1.41,1302.0,1240.0,348.9,0.0,5476.0,3188.0,1.0,300.0,2199.91,0.8566666666666668,16809.666666666668,20000.0,4811.299999999998,0.8,1026456.0,993188.0,2.2842551893703584,200.0,2199.9325,1.415,13460.0,1680.0,3728.1,1.2999999999999998,1696596.0,1665944.0,1.5688705234159779,100.0,2200.0,1.42,524.0,1400.0,253.6,0.0,5476.0,3188.0,1.0070921985815602,300.0,2199.955,0.84,16382.666666666664,17440.0,5386.7,0.8,1026440.0,992808.0,2.2349695334754482,200.0,2200.0,1.595,40359.0,2800.0,7750.6,1.2999999999999998,1696596.0,1665880.0,1.7138265774629409,100.0,2200.0,1.42,588.0,1240.0,7.8,0.0,5476.0,3184.0,1.0070921985815602,300.0,2199.955,0.8300000000000001,17433.666666666668,17640.0,5486.9000000000015,0.8,1026432.0,992008.0,2.211621297012457,200.0,2199.865,1.345,40840.0,5760.0,8987.5,1.2999999999999998,1696596.0,1665880.0,1.4996064541519087,100.0,2200.0,1.42,443.0,680.0,24.3,0.0,5476.0,3184.0,1.0070921985815602,4.69700752429458,4.806019724215872,4.871150241816725,4.851313273022975,4.8712857248136086,4.883322988925992,4.840068721912552,4.840916273270394,5.1786825242580115,4.861615166542811,5.123761304086663,4.76137260515686,4.396252325682414
300.0,2199.91,0.8333333333333334,17002.333333333332,21120.0,6266.5,0.8,1026536.0,993656.0,2.212132398948817,200.0,2199.9325,1.345,46995.0,2400.0,11765.3,1.2999999999999998,1696596.0,1665880.0,1.6332653061224491,100.0,2200.0,1.41,1505.0,1120.0,400.5,0.0,5476.0,3188.0,1.0,300.0,2199.865,0.8300000000000001,18122.33333333333,16760.0,5155.200000000002,0.8,1026528.0,993204.0,2.204498811162558,200.0,2199.9325,1.375,42134.0,1840.0,9562.9,1.2999999999999998,1696596.0,1665944.0,1.681265306122449,100.0,2199.865,1.42,553.0,1480.0,261.0,0.0,5476.0,3188.0,1.0070921985815602,300.0,2199.955,0.8333333333333334,18581.33333333333,17720.0,6173.6,0.8,1026504.0,992824.0,2.2132586659992493,200.0,2200.0,1.405,33759.0,1320.0,6572.7,1.2999999999999998,1696596.0,1665880.0,1.7234693877551022,100.0,2200.0,1.42,611.0,1320.0,7.0,0.0,5476.0,3184.0,1.0070921985815602,300.0,2199.865,0.8366666666666668,19349.0,15120.0,6252.4,0.8,1026504.0,992024.0,2.2208922537855087,200.0,2199.9325,1.515,12624.0,2640.0,2917.1,1.2999999999999998,1696596.0,1665880.0,1.8820816326530612,100.0,2200.0,1.42,475.0,1120.0,33.4,0.0,5476.0,3184.0,1.0070921985815602,5.085436079069559,5.106812695364932,5.180326159020735,5.111996172184517,5.209003572091044,5.201775303809637,5.110335593574396,5.059354092702241,4.9306020223504765,4.952593146076064,5.0248621253887045,5.052457452604581,4.729881334613684
300.0,2199.91,0.8466666666666667,17498.666666666668,20080.0,6705.4,0.8,1026584.0,993672.0,2.264675283732661,200.0,2200.0,1.34,24740.0,2560.0,4849.1,1.2999999999999998,1696596.0,1665880.0,1.4533221757322177,100.0,2199.865,1.41,1435.0,1280.0,383.3,0.0,5476.0,3188.0,1.0,300.0,2199.955,0.8300000000000001,18054.33333333333,18720.0,5349.4,0.8,1026584.0,993228.0,2.21609394703657,200.0,2200.0,1.415,18812.0,4120.0,4569.3,1.2999999999999998,1696596.0,1665944.0,1.5695062761506278,100.0,2200.0,1.42,530.0,1440.0,254.9,0.0,5476.0,3188.0,1.0070921985815602,300.0,2200.0,0.8266666666666667,18594.666666666668,19160.0,6200.2,0.8,1026560.0,992848.0,2.207392812105927,200.0,2199.865,1.59,31363.5,4400.0,6136.6,1.2999999999999998,1696596.0,1665880.0,1.7426610878661088,100.0,2200.0,1.42,587.0,1320.0,6.1,0.0,5476.0,3184.0,1.0070921985815602,287.6,2199.91,0.8133333333333334,18926.666666666668,14960.0,6205.799999999998,0.8,1026552.0,992048.0,2.166503783102144,200.0,2199.865,1.42,36603.0,3680.0,7633.5,1.2999999999999998,1696596.0,1665880.0,1.5889539748953976,100.0,2200.0,1.42,448.0,640.0,26.0,0.0,5476.0,3184.0,1.0070921985815602,4.6873577860704145,4.743889259158681,4.838506345378586,4.815002551723857,4.871165823975304,4.7470926945531104,4.703576280005316,4.666390340798763,4.826071779031626,4.572247875609108,4.741603563594575,4.679650103260049,4.429473569045927
300.0,2199.91,0.8333333333333334,16949.666666666668,17840.0,6092.5999999999985,0.8,1026840.0,993720.0,2.2254597266830407,200.0,2199.9325,1.18,39510.0,2040.0,10253.2,1.2999999999999998,1696596.0,1665880.0,1.3500986547085199,100.0,2199.865,1.41,1531.0,1040.0,412.3,0.0,5476.0,3188.0,1.0,300.0,2199.91,0.8266666666666667,17401.666666666668,16920.0,5107.3,0.8,1026816.0,993276.0,2.205338812267775,200.0,2200.0,1.225,45993.5,2920.0,10223.2,1.2999999999999998,1696596.0,1665944.0,1.4185829596412556,100.0,2200.0,1.42,523.0,1400.0,258.4,0.0,5476.0,3188.0,1.0070921985815602,300.0,2199.955,0.84,18465.666666666668,12600.0,6004.9,0.8,1026800.0,992884.0,2.246451287864476,193.8,2200.0,1.4700000000000002,19775.5,3960.0,3729.7,1.2999999999999998,1696596.0,1665880.0,1.7051121076233184,100.0,2200.0,1.42,587.0,1240.0,6.7,0.0,5476.0,3184.0,1.0070921985815602,300.0,2200.0,0.82,18861.0,15800.0,6330.4,0.8,1026800.0,992084.0,2.1800223565715724,200.0,2199.865,1.5299999999999998,39038.0,5440.0,7343.299999999998,1.2999999999999998,1696596.0,1665880.0,1.7413452914798206,100.0,2200.0,1.42,447.0,1200.0,22.9,0.0,5476.0,3184.0,1.0070921985815602,4.8628084512852325,4.801287630571862,4.828884204945833,4.8245279202965365,4.850753903679276,4.872846741132472,4.7218534620829775,4.6948182792527335,4.663117800321944,4.688278299919114,4.62837175178339,4.622483875323017,4.355469625179625
293.3,2199.955,2.0,35611.333333333336,16560.0,11293.4,0.30000000000000004,291020.0,266008.0,2.7493312608444187,200.0,2200.0,1.43,30608.0,2800.0,5755.6,0.7,936444.0,923156.0,1.8311228623821911,100.0,2199.865,2.51,401.0,520.0,4.5,0.0,16348.0,4460.0,0.9766536964980544,300.0,2199.91,1.9933333333333332,35644.666666666664,17440.0,11640.8,0.30000000000000004,291020.0,264404.0,2.74078425229741,200.0,2199.9325,1.45,30527.0,2600.0,5615.5,0.7,938572.0,925264.0,1.857563222312252,100.0,2200.0,2.55,25.0,400.0,2.3,0.0,16348.0,4464.0,0.9922178988326849,300.0,2200.0,1.9733333333333332,36268.333333333336,14880.0,10908.9,0.30000000000000004,291012.0,264408.0,2.702162055780477,200.0,2199.865,1.54,29070.5,3840.0,5891.0,0.7,1002792.0,989680.0,1.9099156708364973,100.0,2200.0,2.56,38.0,680.0,1.5,0.0,16348.0,4452.0,0.9961089494163424,300.0,2199.955,1.99,35750.666666666664,14200.0,11329.2,0.30000000000000004,291004.0,264400.0,2.7300201625859515,200.0,2200.0,1.505,25263.0,5000.0,4416.0999999999985,0.7,950480.0,937144.0,1.945626679176084,100.0,2200.0,2.56,38.0,360.0,3.2,0.0,16348.0,4460.0,0.9961089494163424,5.6738509999180105,5.644070422014176,5.637324012140708,5.653653121855031,5.6424435628259015,5.6024023113757755,5.543753312081599,5.5261714564656605,5.535095720857277,5.519044717813469,5.459376250951342,5.307735958235613,4.934299279889045
300.0,2199.91,1.893333333333333,41712.333333333336,22120.0,12403.4,0.30000000000000004,304192.0,277668.0,2.5397491900489024,200.0,2200.0,1.58,27568.5,2560.0,4842.2,0.7,1004140.0,992060.0,2.113051511019223,100.0,2199.865,2.32,1205.0,720.0,75.5,0.0,16348.0,4712.0,0.9586776859504132,300.0,2199.91,1.903333333333333,41761.333333333336,20200.0,13162.4,0.30000000000000004,304060.0,275796.0,2.552407417897004,200.0,2200.0,1.625,27387.5,2760.0,5055.200000000002,0.7,1004140.0,992056.0,2.188492499890028,100.0,2200.0,2.41,226.0,1240.0,5.4,0.0,16348.0,4716.0,0.9958677685950414,300.0,2199.91,1.9233333333333336,41753.66666666666,16280.0,11981.5,0.30000000000000004,303900.0,275796.0,2.5811380520967653,193.8,2200.0,1.655,28450.0,4160.0,5512.6,0.7,1004140.0,992056.0,1.8609695502611798,100.0,2200.0,2.41,267.0,960.0,0.9,0.0,16348.0,4704.0,0.9958677685950414,300.0,2199.955,1.893333333333333,41613.0,15040.0,12217.1,0.30000000000000004,304032.0,275796.0,2.541291456890165,200.0,2199.9325,1.48,25503.5,4960.0,4393.5,0.7,1004140.0,992056.0,1.9349843839352479,100.0,2200.0,2.43,83.0,760.0,3.8,0.0,16348.0,4712.0,1.0041322314049588,5.4775742652815405,5.479950774381081,5.5520025770853065,5.5129567018935415,5.41619193825737,5.456959512992875,5.404148716504844,5.232615247693186,5.370704562697459,5.400298900244628,5.335015215932678,5.2345187678315535,4.6608287387837946
300.0,2199.91,1.9466666666666663,40734.0,22560.0,11969.0,0.30000000000000004,305860.0,279036.0,2.6143209165440173,200.0,2200.0,1.475,28991.5,2800.0,5877.7,0.7,1004140.0,992060.0,1.7013388952432211,100.0,2199.865,2.16,1824.0,840.0,123.4,0.0,16348.0,4712.0,0.9350649350649352,300.0,2199.91,1.9533333333333327,41225.66666666666,17200.0,12661.0,0.30000000000000004,305736.0,277432.0,2.624572037415017,193.8,2200.0,1.52,28781.5,2560.0,5244.9000000000015,0.7,1004140.0,992056.0,1.7570813429321133,100.0,2200.0,2.24,579.0,1360.0,6.2,0.0,16348.0,4716.0,0.9696969696969696,300.0,2199.955,1.9466666666666663,41563.333333333336,15480.0,11670.3,0.30000000000000004,305708.0,277420.0,2.616061399117145,200.0,2200.0,1.4449999999999998,26269.5,3760.0,5056.799999999998,0.7,1004140.0,992056.0,1.7962551570929859,100.0,2199.865,2.27,407.0,1000.0,1.2,0.0,16348.0,4704.0,0.9826839826839828,300.0,2199.91,1.95,41300.66666666666,14600.0,11946.3,0.30000000000000004,305716.0,277416.0,2.6211356112981785,200.0,2200.0,1.7,25912.5,5120.0,4513.3,0.7,1004140.0,992056.0,1.9711700195115387,100.0,2200.0,2.29,278.0,720.0,3.7,0.0,16348.0,4712.0,0.9913419913419912,5.352485102122116,5.3895274944519445,5.416174829753057,5.429102115173079,5.481443958368547,5.405574805483655,5.29850557173021,5.35518428374724,5.219721320434656,5.2461505513887134,5.241218819324944,4.962991326031628,4.791345921587255
300.0,2199.955,1.9466666666666663,41078.333333333336,21320.0,11281.8,0.30000000000000004,306340.0,279564.0,2.551209525075932,200.0,2199.9325,1.63,27668.5,2560.0,4857.0999999999985,0.7,1004140.0,992060.0,2.0681926372580133,100.0,2200.0,2.13,1948.0,760.0,147.9,0.0,16348.0,4712.0,0.9342105263157896,300.0,2199.865,1.9466666666666663,41036.0,18520.0,12114.3,0.30000000000000004,306348.0,277960.0,2.5567096401079823,200.0,2200.0,1.625,27857.0,2400.0,5295.299999999998,0.7,1004712.0,992316.0,2.0515709298635354,100.0,2199.865,2.23,623.0,960.0,6.6,0.0,16348.0,4716.0,0.9780701754385964,300.0,2200.0,1.95,41638.0,15480.0,11155.2,0.30000000000000004,306320.0,277964.0,2.5601226093912595,193.8,2200.0,1.715,28142.0,4000.0,5468.200000000002,0.7,1004140.0,992056.0,2.066142191142191,100.0,2200.0,2.26,375.0,880.0,1.9,0.0,16348.0,4704.0,0.9912280701754386,300.0,2199.955,1.9533333333333331,41622.66666666666,16840.0,11537.9,0.30000000000000004,306328.0,277960.0,2.5635355786745357,200.0,2199.9325,1.495,25470.5,4480.0,4366.700000000002,0.7,1004140.0,992056.0,1.863654395430022,100.0,2200.0,2.27,352.0,800.0,3.4,0.0,16348.0,4712.0,0.9956140350877194,5.656260700103982,5.622782074863771,5.654894809107299,5.590788709160665,5.4503164113300215,5.514007708037559,5.515471402107302,5.399537388490648,5.393062283675009,5.423763966036159,5.373644057707295,5.2474008762304125,4.902264757969785
300.0,2199.91,1.9633333333333336,41298.0,19040.0,11596.3,0.30000000000000004,308280.0,281444.0,2.7160710549128626,200.0,2200.0,1.405,28078.0,2600.0,5701.3,0.7,1005428.0,993116.0,1.7897644664146553,100.0,2200.0,2.13,2148.0,880.0,123.4,0.0,16348.0,4712.0,0.9301310043668122,300.0,2199.955,1.9366666666666668,41461.0,18240.0,12616.5,0.30000000000000004,308288.0,279840.0,2.686776223358144,200.0,2199.9325,1.405,27969.0,2640.0,5048.6,0.7,1005560.0,993376.0,1.7917584015286836,100.0,2199.865,2.22,771.0,1480.0,8.0,0.0,16348.0,4716.0,0.9694323144104804,300.0,2199.955,1.9633333333333336,41404.0,15880.0,11355.6,0.30000000000000004,308116.0,279576.0,2.70453260295539,200.0,2199.9325,1.475,26398.0,3920.0,5133.0,0.7,1006492.0,994432.0,1.8583182093163944,100.0,2199.865,2.26,470.0,880.0,0.9,0.0,16348.0,4704.0,0.9868995633187772,300.0,2199.955,1.94,41349.0,12840.0,11647.0,0.30000000000000004,308260.0,279836.0,2.675000622764276,193.8,2200.0,1.53,26014.0,5120.0,4658.2,0.7,1006092.0,993904.0,1.9518132347443196,100.0,2200.0,2.24,693.0,720.0,2.9,0.0,16348.0,4712.0,0.9781659388646288,5.623706372270142,5.615640141104421,5.6238772490755204,5.516713068868794,5.609602328619594,5.552088657158013,5.43347362584395,5.564851037411282,5.410474561125055,5.445797180282477,5.360921501669137,5.255979716166569,4.840752218093549
300.0,2199.91,1.2933333333333332,6993.666666666668,19520.0,1653.6,0.4,597708.0,573008.0,2.7026875007030924,200.0,2200.0,0.93,12842.5,2360.0,2042.6,0.2,356040.0,333148.0,1.660811629315566,100.0,2199.865,3.09,5489.0,600.0,2217.4,0.5,813176.0,672356.0,0.987220447284345,300.0,2199.91,1.3033333333333332,7112.333333333332,16880.0,1738.1,0.4,597708.0,573268.0,2.7147356934741764,200.0,2199.9325,0.935,12426.0,2600.0,2338.0,0.2,357096.0,334200.0,1.671800640304577,100.0,2199.865,3.42,4895.0,400.0,1588.0,0.6,942208.0,754736.0,1.0926517571884984,293.8,2199.865,1.2833333333333334,7422.333333333332,13880.0,1712.6,0.4,597708.0,573268.0,2.6862520108444983,200.0,2199.9325,0.985,10920.0,4040.0,1583.8,0.2,357756.0,334996.0,1.7661157739897897,100.0,2199.865,1.75,10494.0,2560.0,1731.8,0.5,832888.0,713872.0,0.9510869565217392,300.0,2200.0,1.2666666666666666,7446.333333333332,12680.0,1693.8000000000004,0.4,597984.0,573796.0,2.661278480374976,200.0,2199.9325,1.0,10265.0,4240.0,1733.2,0.2,357760.0,334996.0,1.795967811715843,100.0,2200.0,1.74,10837.0,2480.0,1909.3,0.5,832888.0,719356.0,0.9456521739130436,5.362422225588715,5.400251456672789,5.283131920470892,5.4329417694111575,5.385199299595407,5.576464004064757,5.665073298506522,5.414694238774255,5.64530313073397,5.638206294045304,5.360818273920428,5.174725352301103,4.451068862101186
300.0,2199.955,1.25,6506.333333333332,15760.0,1466.1,0.4,598440.0,574324.0,2.6298298437403496,193.8,2199.9325,0.96,12645.5,2200.0,2029.3,0.2,360000.0,337900.0,1.6155717761557176,100.0,2200.0,1.51,5484.0,1440.0,587.1,0.6,833092.0,772008.0,0.9263803680981596,300.0,2199.955,1.3033333333333337,6549.666666666668,13840.0,1571.5,0.4,598440.0,574320.0,2.675662405039837,200.0,2199.9325,0.97,12413.0,2240.0,2239.2,0.2,360132.0,337896.0,1.6336237344007534,100.0,2200.0,1.56,3777.0,2000.0,556.2,0.6,833084.0,770228.0,0.9570552147239264,300.0,2199.91,1.2466666666666666,7500.333333333332,14840.0,1650.9,0.4,598440.0,574320.0,2.6037273794083133,200.0,2200.0,1.03,11052.5,3640.0,1625.4,0.2,360924.0,338692.0,1.7419354838709675,100.0,2200.0,1.56,3805.0,2360.0,428.7,0.6,833092.0,770684.0,0.9570552147239264,300.0,2199.955,1.3233333333333337,6827.666666666668,14320.0,1482.4,0.4,598440.0,574588.0,2.731232748448817,193.8,2200.0,1.055,10407.5,5480.0,1756.3,0.2,362116.0,340012.0,1.7887920885330817,100.0,2200.0,1.57,3799.0,2400.0,451.9,0.6,833092.0,770692.0,0.96319018404908,5.1213168103733775,5.410380449967064,5.439821490593651,5.447736186214121,5.359311005744182,5.476582622182368,5.3290069484258185,5.348881830733829,5.459950487187637,5.376886042054227,5.266277171824671,5.160741733409387,4.397030648405727
300.0,2199.91,1.2366666666666666,7143.333333333332,18560.0,1709.1999999999996,0.4,599336.0,575108.0,2.639156564764478,200.0,2200.0,1.1,11852.5,2480.0,2300.7000000000007,0.30000000000000004,366996.0,345028.0,1.7937839937839941,100.0,2200.0,1.51,5463.0,1240.0,588.4,0.6,833092.0,773588.0,0.9320987654320988,300.0,2199.91,1.3066666666666666,6872.0,14280.0,1580.5,0.4,599336.0,575368.0,2.7274585293200486,200.0,2200.0,1.09,11747.0,2640.0,2057.1,0.30000000000000004,369504.0,347400.0,1.7880341880341883,100.0,2199.865,1.56,3850.0,2440.0,552.6,0.6,833084.0,772072.0,0.9629629629629628,300.0,2199.91,1.2566666666666668,7652.333333333332,16160.0,1746.6999999999996,0.4,599204.0,575104.0,2.6537876954142927,200.0,2199.865,1.0499999999999998,10640.5,3920.0,1501.6,0.30000000000000004,373068.0,350836.0,1.7526806526806529,100.0,2200.0,1.54,4121.0,2400.0,437.1,0.6,833092.0,774576.0,0.9506172839506172,300.0,2199.865,1.2766666666666666,7850.666666666668,14800.0,1719.0,0.4,599336.0,575632.0,2.667173536081099,200.0,2199.865,1.04,9987.5,5280.0,1688.9,0.30000000000000004,374392.0,352156.0,1.7469308469308469,100.0,2200.0,1.56,3894.0,2200.0,440.8,0.6,833092.0,774584.0,0.9629629629629628,5.352267023909415,5.428323459496392,5.443557454312173,5.4042053738810685,5.414805304799355,5.3813631451519015,5.327827984525333,5.365605999278207,5.3483837258876,5.318443734683761,5.2528377646617335,5.106715797621873,4.404541839864926
300.0,2199.91,1.1766666666666667,12931.666666666664,17000.0,3963.7,0.4,599544.0,576708.0,2.2382082862487773,200.0,2199.9325,1.115,11949.0,2040.0,2055.7000000000007,0.30000000000000004,384948.0,362716.0,1.708791208791209,100.0,2200.0,1.49,5538.0,1320.0,566.3,0.6,833092.0,778340.0,0.9197530864197532,300.0,2199.91,1.21,12883.666666666664,13280.0,3767.8,0.4,599544.0,576704.0,2.2899387821638952,200.0,2199.9325,1.135,11524.5,3000.0,2067.3,0.30000000000000004,384948.0,362712.0,1.739010989010989,100.0,2200.0,1.55,3974.0,1880.0,552.2,0.6,833084.0,778408.0,0.95679012345679,293.8,2199.955,1.2233333333333334,13130.333333333336,11880.0,3822.8,0.4,599544.0,576704.0,2.287878140421181,200.0,2199.865,1.13,10258.0,3440.0,1528.4,0.30000000000000004,385080.0,362980.0,1.76007326007326,100.0,2199.865,1.53,4235.0,2360.0,457.5,0.6,833092.0,779592.0,0.9444444444444444,300.0,2199.91,1.2100000000000002,13517.666666666664,14480.0,3941.1,0.4,599544.0,576972.0,2.2579143539434616,200.0,2200.0,1.11,9719.5,5000.0,1660.5,0.30000000000000004,389044.0,366940.0,1.7481684981684982,100.0,2200.0,1.56,3914.0,2360.0,447.9,0.6,833092.0,779600.0,0.9629629629629628,4.927875344164651,4.994138802136441,5.0196640294963855,4.932145336945591,4.961082334299979,5.013983111972443,4.795908226462858,4.809686396280038,4.892167049443173,4.804340795181559,4.7248924427981835,4.690535295601752,4.2882115684271165
300.0,2199.91,1.21,12139.0,20600.0,3581.7,0.4,599544.0,576972.0,2.3092487414483025,200.0,2200.0,0.915,12648.5,2680.0,2055.8,0.30000000000000004,385968.0,363508.0,1.5803367113435762,100.0,2200.0,1.49,5553.0,1480.0,571.0,0.6,833092.0,779132.0,0.9197530864197532,300.0,2199.91,1.2766666666666666,12261.333333333336,20960.0,3669.0,0.4,599544.0,576968.0,2.3879888989286173,200.0,2200.0,0.92,12263.5,2280.0,2352.8,0.30000000000000004,386236.0,363768.0,1.5878555083360577,100.0,2200.0,1.55,3961.0,2360.0,548.9,0.6,833084.0,779200.0,0.95679012345679,300.0,2199.955,1.2033333333333334,13134.666666666664,16800.0,3921.4,0.4,599544.0,576968.0,2.2757293145733835,200.0,2199.865,0.99,9997.0,3920.0,1524.7,0.30000000000000004,390724.0,368524.0,1.7132232755802548,100.0,2199.865,1.55,3908.0,2480.0,443.9,0.6,833092.0,780120.0,0.95679012345679,300.0,2200.0,1.1833333333333331,13740.666666666664,14840.0,3938.7,0.4,599544.0,576972.0,2.197402088732184,200.0,2200.0,1.015,9298.5,4840.0,1739.1,0.30000000000000004,391388.0,369052.0,1.7608695652173911,100.0,2200.0,1.56,3875.0,2200.0,438.4,0.6,833092.0,780128.0,0.9629629629629628,4.734469911674814,4.9447293637961565,4.937283202896435,4.941643333431153,4.7870438253502785,4.903676558913571,4.816260214682664,4.778261105535688,4.788655178465797,4.743951668404966,4.669782284426862,4.568150215772353,4.170500094873026
300.0,2199.955,1.26,11908.0,17880.0,3500.2,0.4,599544.0,576972.0,2.3516610030648857,200.0,2199.865,0.915,13097.0,2400.0,1957.5,0.30000000000000004,386636.0,364300.0,1.5699733203977684,100.0,2200.0,1.49,5444.0,1280.0,572.7,0.6,833092.0,779660.0,0.9197530864197532,300.0,2199.955,1.25,12289.0,18320.0,3658.1,0.4,599544.0,576968.0,2.3311902752167852,193.8,2199.9325,0.93,12071.5,2280.0,2215.3,0.30000000000000004,387164.0,364824.0,1.5957636025547743,100.0,2200.0,1.55,3884.0,2200.0,530.5,0.6,833084.0,780256.0,0.95679012345679,300.0,2199.91,1.2233333333333334,13107.666666666664,15440.0,3869.1,0.4,599544.0,576968.0,2.27846855377255,200.0,2199.9325,0.995,9939.5,3920.0,1497.2,0.30000000000000004,391920.0,369844.0,1.7096774193548387,100.0,2200.0,1.52,4171.0,2440.0,454.1,0.6,833092.0,780648.0,0.8636363636363636,300.0,2199.91,1.2,13358.0,14360.0,3815.6,0.4,599688.0,577236.0,2.159883560889672,200.0,2199.9325,1.015,9126.0,5200.0,1600.3000000000004,0.30000000000000004,392056.0,369844.0,1.749454280863449,100.0,2200.0,1.56,3856.0,2400.0,454.5,0.6,833092.0,780920.0,0.8863636363636364,4.888477154009335,4.881865516219207,4.9445653309253705,4.850620149243587,4.947767160338966,4.868048888210574,4.939954631035545,5.003489544115394,4.715042398075497,4.715783145940526,4.793133329686472,4.6639919486422245,4.219607467708259
300.0,2199.91,1.9266666666666667,39641.0,18280.0,9170.1,0.30000000000000004,287124.0,280652.0,2.5479253619491136,200.0,2199.9325,1.285,15886.0,2080.0,3375.8,0.7,1135916.0,879464.0,1.8020253164556963,100.0,2200.0,1.62,1945.0,880.0,69.5,0.0,159356.0,47112.0,0.9878048780487806,300.0,2199.955,1.94,39558.0,18240.0,10016.0,0.30000000000000004,287404.0,280864.0,2.5681573723675264,200.0,2200.0,1.31,15216.5,2280.0,3350.5,0.7,1162416.0,906308.0,1.8386835443037977,100.0,2199.865,1.63,678.0,1640.0,33.4,0.0,159356.0,47112.0,0.9939024390243902,300.0,2199.865,1.94,40921.66666666666,20600.0,10943.4,0.30000000000000004,287404.0,280648.0,2.567327793593301,200.0,2200.0,1.4,11532.0,3480.0,2322.0,0.7,1162416.0,908224.0,1.977670886075949,100.0,2200.0,1.63,628.0,1000.0,11.2,0.0,159356.0,47112.0,0.9939024390243902,300.0,2200.0,1.92,40096.0,18760.0,9526.9,0.30000000000000004,287400.0,280648.0,2.530289060485812,200.0,2199.9325,1.39,10886.5,4240.0,2212.9,0.7,1162416.0,908220.0,1.96,100.0,2199.865,1.61,1264.0,1840.0,31.2,0.0,159356.0,47112.0,0.9817073170731708,5.419194016972883,5.427680021286645,5.422251400578546,5.398238799442833,5.380129094801482,5.272307366709329,5.362480192202469,5.252793993206298,5.309369672045039,5.258524459805979,5.194483737924555,4.9721338400593815,4.52819297082662
300.0,2199.955,1.8166666666666669,39961.66666666666,10080.0,9854.3,0.30000000000000004,288076.0,281444.0,2.419540786942642,193.3,2199.865,1.31,13441.5,2720.0,2997.600000000001,0.8999999999999999,1229128.0,1137756.0,2.1753443526170804,100.0,2200.0,1.62,2012.0,920.0,79.4,0.0,159356.0,47112.0,0.9878048780487806,300.0,2199.955,1.846666666666667,40294.0,18920.0,11000.0,0.30000000000000004,288080.0,281656.0,2.4672264280257923,200.0,2200.0,1.31,13427.5,4680.0,2784.1,0.8999999999999999,1290812.0,1254560.0,2.175275482093664,100.0,2200.0,1.63,676.0,1720.0,28.6,0.0,159356.0,47112.0,0.9939024390243902,300.0,2200.0,1.856666666666667,41170.66666666666,7200.0,11716.0,0.30000000000000004,288080.0,281440.0,2.4733165750103856,193.8,2200.0,1.315,10673.5,5200.0,2772.7,0.8999999999999999,1290812.0,1225348.0,2.183746556473829,100.0,2199.865,1.63,641.0,1160.0,15.3,0.0,159356.0,47112.0,0.9939024390243902,300.0,2199.91,1.8266666666666669,40407.333333333336,17000.0,10315.5,0.30000000000000004,288076.0,281440.0,2.4285265051510487,200.0,2199.865,1.3199999999999998,11364.5,5960.0,3276.0,0.8999999999999999,1290812.0,1254836.0,2.1920110192837465,100.0,2199.865,1.62,1218.0,1680.0,34.8,0.0,159356.0,47112.0,0.9878048780487806,5.3969796689795935,5.5157293571373405,5.213739023584846,5.199736299310247,5.278200008813725,5.34864715068049,5.3049549622000685,5.39799934541564,5.378045942863651,5.370032645583934,5.458519396569316,5.031223332803523,4.606543027064192
293.8,2199.955,1.92,42025.333333333336,19200.0,10083.7,0.30000000000000004,293644.0,286976.0,2.523392632021292,200.0,2199.9325,1.085,13279.0,2760.0,1951.7,1.0,1349712.0,1313492.0,1.6133481646273635,100.0,2199.865,1.62,1769.0,880.0,60.7,0.0,159356.0,47112.0,0.9878048780487806,293.8,2199.865,1.9366666666666668,39279.0,16080.0,10445.2,0.30000000000000004,293776.0,287236.0,2.545538590839053,187.6,2200.0,1.06,16708.0,2800.0,2769.9,1.0,1350560.0,1314324.0,1.5788654060066742,100.0,2200.0,1.63,672.0,1720.0,26.2,0.0,159356.0,47112.0,0.9939024390243902,293.8,2199.865,1.9333333333333336,39950.66666666666,15080.0,11224.8,0.30000000000000004,293772.0,286972.0,2.5421487603305786,200.0,2200.0,1.13,14460.0,3520.0,2170.2,1.0,1350560.0,1314460.0,1.6835928809788654,100.0,2200.0,1.63,635.0,1040.0,9.8,0.0,159356.0,47112.0,0.9939024390243902,300.0,2199.865,1.906666666666667,39718.66666666666,15400.0,9927.0,0.30000000000000004,293636.0,286972.0,2.495321473595742,200.0,2200.0,1.205,15379.5,3080.0,2499.4,1.0,1351804.0,1315228.0,1.7940489432703004,100.0,2200.0,1.62,1264.0,1800.0,34.1,0.0,159356.0,47112.0,0.9878048780487806,5.390336259672413,5.461092423507002,5.427975184246744,5.398624000903622,5.418742703712816,5.2760935724831866,5.340181475310215,5.301769370121777,5.339512080466587,5.183606035597268,5.232653687279092,5.115701083484835,4.675629636942468
300.0,2199.91,1.8666666666666665,40024.333333333336,18880.0,9854.8,0.30000000000000004,294316.0,287764.0,2.44983032013758,193.8,2200.0,1.055,16428.5,2720.0,2777.2,1.0,1351804.0,1315272.0,1.4593644679826672,100.0,2200.0,1.62,1680.0,800.0,64.4,0.0,159356.0,47112.0,0.9878048780487806,300.0,2199.865,1.8500000000000003,39571.333333333336,15320.0,10819.7,0.30000000000000004,294452.0,288024.0,2.4320693174314134,200.0,2199.9325,1.08,18105.0,2680.0,2951.1,1.0,1351804.0,1315408.0,1.4976889744824264,100.0,2200.0,1.63,692.0,1680.0,32.5,0.0,159356.0,47112.0,0.9939024390243902,300.0,2199.91,1.856666666666667,40632.0,17680.0,11510.4,0.30000000000000004,294312.0,288024.0,2.4380371282845674,193.8,2199.9325,1.205,10524.0,4400.0,1437.8000000000004,1.0,1353988.0,1317052.0,1.6721232546942704,100.0,2199.865,1.63,626.0,1000.0,11.6,0.0,159356.0,47112.0,0.9939024390243902,300.0,2199.955,1.856666666666667,39986.0,12760.0,10368.0,0.30000000000000004,294308.0,288024.0,2.4315352643368597,200.0,2200.0,1.1800000000000002,13895.0,5200.0,2272.0,1.0,1354796.0,1317924.0,1.6317766008666346,100.0,2200.0,1.62,1231.0,1560.0,30.5,0.0,159356.0,47112.0,0.9878048780487806,5.108699685761254,5.123824282395726,5.160076390523127,5.241978425262999,5.260620374098379,5.3352199822050235,5.180752550126639,5.301307516713711,5.1923721871594815,5.1776785390206435,5.0445899220780905,4.947326427914384,4.411387755782156
300.0,2199.865,1.8500000000000003,40202.66666666666,17840.0,10227.8,0.30000000000000004,295952.0,289612.0,2.44195071624142,200.0,2199.9325,1.09,12594.5,2680.0,1905.7,1.0,1357440.0,1320228.0,1.5727058823529412,100.0,2199.865,1.62,1833.0,1120.0,61.6,0.0,159356.0,47112.0,0.9878048780487806,300.0,2199.91,1.8166666666666664,40172.0,15840.0,11321.8,0.30000000000000004,296216.0,289872.0,2.407657344044789,200.0,2199.865,1.095,17457.0,2600.0,2827.7,1.0,1358668.0,1321172.0,1.5777777777777775,100.0,2200.0,1.63,666.0,1760.0,25.9,0.0,159356.0,47112.0,0.9939024390243902,287.6,2199.955,1.83,41035.0,11680.0,12100.8,0.30000000000000004,296212.0,289872.0,2.4270377678615445,193.8,2199.9325,1.14,12527.0,3720.0,1559.6,1.0,1361012.0,1323184.0,1.6512418300653595,100.0,2200.0,1.63,626.0,1120.0,16.7,0.0,159356.0,47112.0,0.9939024390243902,300.0,2199.91,1.82,39545.66666666666,15080.0,10589.5,0.30000000000000004,296208.0,289872.0,2.4037866462730557,200.0,2200.0,1.2000000000000002,14593.0,4480.0,2645.3,1.0,1361948.0,1324124.0,1.7326013071895423,100.0,2200.0,1.62,1263.0,1520.0,38.0,0.0,159356.0,47112.0,0.9878048780487806,5.304658659333957,5.322988378068534,5.289042563970625,5.242656997371871,5.2588201346434715,5.221378140737841,5.303359966280651,5.270690505521495,5.326569716018723,5.239575418319873,5.203934995664723,5.0781682942282895,4.772132529578001
300.0,2199.91,1.8733333333333333,39993.333333333336,20360.0,9801.9,0.30000000000000004,296964.0,290688.0,2.48483237859013,200.0,2200.0,1.085,11063.5,2000.0,1880.1,1.0,1361948.0,1324180.0,1.3705692803437164,100.0,2200.0,1.62,1898.0,880.0,79.5,0.0,159356.0,47112.0,0.9878048780487806,300.0,2199.91,1.8433333333333333,39861.66666666666,14440.0,10843.7,0.30000000000000004,297100.0,290684.0,2.447449752947893,200.0,2199.865,1.125,12705.5,2880.0,1857.5,1.0,1363544.0,1325308.0,1.394468313641246,100.0,2199.865,1.63,686.0,1760.0,30.1,0.0,159356.0,47112.0,0.9939024390243902,300.0,2199.955,1.836666666666667,40467.0,16560.0,11492.8,0.30000000000000004,296960.0,290684.0,2.4350823835114856,200.0,2200.0,1.2000000000000002,16580.5,3640.0,2391.3,1.0,1366344.0,1327640.0,1.492749731471536,100.0,2200.0,1.63,637.0,1200.0,10.0,0.0,159356.0,47112.0,0.9939024390243902,300.0,2199.91,1.843333333333333,40031.0,16520.0,10160.2,0.30000000000000004,296956.0,290684.0,2.444309927360775,200.0,2200.0,1.265,10199.0,4800.0,2423.4,1.0,1370176.0,1330856.0,1.5904940923737916,100.0,2199.865,1.63,1220.0,1520.0,36.0,0.0,159356.0,47112.0,0.9939024390243902,5.017877993868508,5.019011275013258,5.064056120043805,5.02773709949592,5.042541983613138,5.284715184690099,5.0576928798107,5.338805048721304,5.0892515423087925,5.2692720237294175,4.9653331492079875,4.868348342361248,4.6972631869262775
293.8,2199.91,1.8966666666666665,40122.0,20400.0,9389.5,0.30000000000000004,298060.0,291744.0,2.444774256460263,200.0,2200.0,1.12,11844.5,2400.0,2662.7,1.0,1370176.0,1330912.0,1.290334302325581,100.0,2199.865,1.62,1887.0,720.0,79.0,0.0,159356.0,47112.0,0.9878048780487806,293.8,2199.91,1.91,40241.0,20440.0,10268.3,0.30000000000000004,298340.0,292004.0,2.458426133593369,200.0,2200.0,1.12,12524.5,1360.0,2694.1,1.0,1371552.0,1331928.0,1.3057170542635659,100.0,2199.865,1.63,680.0,1640.0,30.9,0.0,159356.0,47112.0,0.9939024390243902,300.0,2199.91,1.893333333333333,40480.66666666666,22600.0,10998.9,0.30000000000000004,298188.0,291740.0,2.4413612871769867,200.0,2200.0,1.1800000000000002,16023.0,3160.0,2575.3,1.0,1375920.0,1335556.0,1.3333636143410854,100.0,2200.0,1.63,613.0,1040.0,8.9,0.0,159356.0,47112.0,0.9939024390243902,293.8,2199.955,1.903333333333333,42053.66666666666,18000.0,10239.0,0.30000000000000004,298052.0,291740.0,2.4405137563557844,200.0,2199.9325,1.275,8420.5,4880.0,1483.8,1.0,1376800.0,1336388.0,1.4652676841085268,100.0,2200.0,1.62,1234.0,1360.0,45.1,0.0,159356.0,47112.0,0.9878048780487806,4.930286305433013,4.879509363306523,4.8456240077882144,4.95058638084463,4.9657394915075,5.2641175926785655,4.894086669409536,5.245560012095536,4.8256335462740205,5.112188265844273,4.76027546963893,4.579481602441286,4.545852118657533
300.0,2199.955,1.913333333333333,40078.66666666666,17760.0,9669.1,0.30000000000000004,300480.0,294120.0,2.4705132370744907,200.0,2200.0,1.05,18731.5,2680.0,3449.3,1.0,1386652.0,1349100.0,1.3940215053763445,100.0,2199.865,1.62,1745.0,880.0,55.4,0.0,159356.0,47112.0,0.9878048780487806,300.0,2199.955,1.89,41365.333333333336,19080.0,11193.9,0.30000000000000004,300644.0,294380.0,2.444348873023785,200.0,2199.9325,1.0950000000000002,14102.5,2320.0,2569.1,1.0,1386652.0,1349016.0,1.4660215053763443,100.0,2200.0,1.63,672.0,1720.0,32.1,0.0,159356.0,47112.0,0.9939024390243902,300.0,2199.91,1.86,39781.0,20640.0,11319.5,0.30000000000000004,300476.0,294116.0,2.397324989317761,200.0,2200.0,1.46,58911.5,4000.0,10864.5,1.0,1391808.0,1356240.0,1.8663655913978492,100.0,2199.865,1.63,620.0,1240.0,10.1,0.0,159356.0,47112.0,0.9939024390243902,300.0,2199.955,1.83,39932.333333333336,13840.0,10480.9,0.30000000000000004,300472.0,294116.0,2.359594876086028,200.0,2199.9325,1.27,22621.0,7640.0,4821.5,1.0,1391808.0,1356176.0,1.6620645161290322,100.0,2200.0,1.63,1255.0,1480.0,32.5,0.0,159356.0,47112.0,0.9939024390243902,5.214227723922384,5.178884618637624,5.1238584744319935,5.214270017069825,5.3252887733011285,5.1548813454366265,5.121651996132635,5.188216847271376,5.219619049465724,5.101141503363412,5.148525045475389,4.978351263824951,4.595078287831346
300.0,2200.0,1.92,37669.0,19520.0,10777.8,0.30000000000000004,302240.0,295672.0,2.5201455922879465,200.0,2199.9325,1.345,59020.0,2640.0,11538.7,1.0,1391808.0,1356232.0,1.8892109009558669,100.0,2200.0,1.61,2949.0,640.0,148.9,0.0,159356.0,47112.0,0.9817073170731708,293.8,2199.955,1.9566666666666668,37264.333333333336,16560.0,11238.5,0.30000000000000004,302240.0,295668.0,2.5644212053464703,200.0,2199.865,1.24,40131.5,1280.0,7919.299999999998,1.0,1391808.0,1356104.0,1.748271303640431,100.0,2200.0,1.63,653.0,1720.0,26.6,0.0,159356.0,47112.0,0.9939024390243902,293.8,2199.955,1.94,38717.0,18640.0,12491.5,0.30000000000000004,302236.0,295668.0,2.5428284369121466,200.0,2199.9325,1.31,23974.0,1240.0,4281.9,1.0,1396568.0,1361108.0,1.8465527760829772,100.0,2200.0,1.63,602.0,1120.0,9.6,0.0,159356.0,47112.0,0.9939024390243902,300.0,2199.91,2.0066666666666664,38932.0,14560.0,10819.0,0.30000000000000004,302232.0,295668.0,2.635412839970938,200.0,2199.9325,1.32,13510.5,6200.0,2183.0,1.0,1396568.0,1361044.0,1.8668903803131995,100.0,2199.865,1.62,1241.0,1760.0,42.7,0.0,159356.0,47112.0,0.9878048780487806,5.629587139556283,5.733110796792452,5.586493525569207,5.52895664063132,5.623750925747809,5.5999923179801225,5.532825983381772,5.5906167849765405,5.5671747289625975,5.538548024637962,5.447567162760753,5.390129456490433,4.902625787153227
300.0,2199.955,1.8633333333333333,1020.6666666666665,10800.0,843.0999999999998,0.2,431216.0,401988.0,2.9329997016756444,200.0,2199.9325,1.77,1134.5,2760.0,290.6,0.1,190400.0,183944.0,2.005089224545721,100.0,2199.865,2.1,131.0,640.0,19.1,0.0,9376.0,4616.0,1.0047846889952154,300.0,2199.91,1.8533333333333333,1035.0,8640.0,807.5000000000001,0.2,424752.0,399916.0,2.9103032517354768,200.0,2199.9325,1.77,1181.5,2400.0,236.2,0.1,188604.0,182104.0,2.005089224545721,100.0,2200.0,2.09,99.0,840.0,12.2,0.0,9376.0,4620.0,1.0,300.0,2199.91,1.856666666666667,1044.6666666666667,10600.0,880.2,0.2,433588.0,402708.0,2.9244501949164188,193.3,2199.9325,1.7799999999999998,919.0,3160.0,255.3,0.1,190400.0,184008.0,2.016637849476397,100.0,2200.0,2.1,121.0,840.0,10.0,0.0,9376.0,4612.0,1.0047846889952154,300.0,2200.0,1.86,1064.6666666666667,8920.0,892.5,0.2,424616.0,399084.0,2.928651875588688,200.0,2200.0,1.775,860.0,4040.0,297.0,0.1,188604.0,182168.0,2.0100153329201063,100.0,2200.0,2.1,107.0,1200.0,18.0,0.0,9376.0,4616.0,1.0047846889952154,5.944611820242923,5.934902390744784,5.94050503606987,5.958623920819527,5.950074414060301,5.954754754485263,5.9409001021336945,5.941524907301075,5.927570632414772,5.928295060116889,5.907140511340857,5.85411520069805,5.823525386117594
300.0,2199.955,1.0366666666666668,2497.333333333333,17240.0,781.6,0.4,504156.0,476308.0,2.8836973035446314,200.0,2199.9325,1.63,1576.5,2120.0,353.5,0.1,192744.0,186332.0,1.975700452855197,100.0,2199.865,1.89,532.0,1120.0,55.5,0.0,10536.0,5408.0,0.9593908629441624,300.0,2199.865,0.9266666666666666,8364.0,17320.0,2353.4,0.4,503800.0,477916.0,2.6859699826234142,200.0,2200.0,1.815,3791.0,2160.0,608.3,0.1,190328.0,184092.0,1.9513190583224889,100.0,2200.0,1.8,202.0,760.0,9.7,0.0,10536.0,5412.0,1.0,300.0,2199.955,0.9166666666666666,8902.0,14960.0,2561.4,0.4,503844.0,475372.0,2.662336025353609,193.8,2200.0,1.82,2916.0,4760.0,586.2,0.1,190572.0,183888.0,1.9576481722465395,100.0,2200.0,1.8,221.0,1320.0,3.9,0.0,10536.0,5404.0,1.0,293.8,2200.0,0.9133333333333332,9178.333333333334,13080.0,3207.0,0.4,503788.0,477152.0,2.6542059440527956,200.0,2199.865,1.83,2176.5,5320.0,352.3,0.1,190328.0,183892.0,1.968650183366852,100.0,2200.0,1.79,231.0,1120.0,17.6,0.0,10536.0,5408.0,0.9944444444444444,5.591092088849028,5.577406451992661,5.606497953840085,5.5645054625176495,5.556375381216837,5.537414321143293,5.50355191112167,5.507260866815879,5.570105134793444,5.501408648825262,5.320467237220137,5.139984708173404,4.745257391330446
300.0,2199.955,0.8733333333333334,9086.0,14120.0,2462.7,0.4,506164.0,478060.0,2.635609340154794,200.0,2200.0,1.795,7792.0,2320.0,1461.7,0.1,194012.0,187524.0,1.9473875181422349,100.0,2200.0,1.72,766.0,1240.0,29.1,0.0,10536.0,5408.0,0.9772727272727272,300.0,2199.955,0.8766666666666666,10160.333333333334,14520.0,2427.0,0.4,506204.0,478732.0,2.5384422783542373,200.0,2200.0,1.765,2017.5,2520.0,402.9,0.1,192124.0,185756.0,1.9681528662420384,100.0,2199.865,1.94,469.0,1120.0,10.4,0.0,10536.0,5412.0,1.005181347150259,300.0,2199.865,0.8633333333333334,10784.0,17040.0,2670.3,0.4,506188.0,476380.0,2.5085449929543846,200.0,2199.865,1.77,1253.0,3600.0,199.6,0.1,192124.0,185552.0,1.9759165953671136,100.0,2200.0,1.93,499.0,1120.0,12.0,0.0,10536.0,5404.0,1.0,300.0,2199.955,0.8466666666666667,10868.0,16800.0,2825.6,0.4,506184.0,477956.0,2.471555508972971,200.0,2199.9325,1.7799999999999998,787.0,4760.0,180.1,0.1,192124.0,185556.0,1.9872611464968155,100.0,2200.0,1.93,493.0,1200.0,45.6,0.0,10536.0,5408.0,1.0,5.407937485114008,5.419575908584791,5.4019521689167584,5.360332544928731,5.3456388895073745,5.303639623062026,5.2734019261898935,5.241976149716429,5.196553994710752,5.141035077208028,5.078963304568587,4.9300368340327045,4.405846542252242
300.0,2199.955,0.8833333333333333,8428.0,14560.0,2344.0,0.4,506908.0,478152.0,2.710509958902712,200.0,2199.9325,1.82,1270.5,2800.0,307.8,0.1,223796.0,217440.0,2.0515546447212527,100.0,2200.0,1.6,382.0,760.0,14.3,0.0,10536.0,5408.0,0.9580838323353296,300.0,2199.91,0.88,8750.333333333334,17200.0,2514.5,0.4,506956.0,478804.0,2.6585796853176533,200.0,2200.0,1.4249999999999998,1070.5,2080.0,229.7,0.1,243208.0,236736.0,1.988095238095238,100.0,2200.0,1.97,305.0,1080.0,9.8,0.0,10536.0,5412.0,0.9899497487437184,300.0,2200.0,0.8733333333333334,9135.0,18280.0,2607.1,0.4,506932.0,476472.0,2.6417729626285777,200.0,2200.0,1.4249999999999998,920.0,1760.0,199.3,0.1,243204.0,236796.0,1.9856442577030813,100.0,2200.0,1.97,305.0,1120.0,8.3,0.0,10536.0,5404.0,0.9899497487437184,300.0,2199.955,0.8566666666666666,9602.333333333334,13360.0,2964.7,0.4,506904.0,478048.0,2.6003117500443707,200.0,2200.0,1.42,904.5,3360.0,199.5,0.1,243208.0,236800.0,1.9796918767507004,100.0,2199.865,1.97,271.0,1520.0,17.7,0.0,10536.0,5408.0,0.9899497487437184,5.594220470557369,5.539052973931243,5.5506956724575565,5.534166746837722,5.5110202483197135,5.4593698859446045,5.393115284930646,5.329961122563841,5.251369330350466,5.244038574356608,5.275927963970449,5.1692433420895245,4.570847234335128
293.8,2199.955,0.91,11591.666666666664,17160.0,3115.2,0.4,507604.0,478436.0,2.6581035923141187,200.0,2200.0,1.85,1427.0,2120.0,303.9,0.1,195472.0,188888.0,1.9189271227130995,100.0,2199.865,1.92,1003.0,960.0,64.3,0.0,10536.0,5408.0,0.9846153846153846,300.0,2199.955,0.8933333333333332,13092.333333333336,16720.0,3041.6,0.4,507620.0,479208.0,2.6146071660216252,193.3,2200.0,1.855,2026.5,2320.0,283.8,0.1,194292.0,187548.0,1.9800995024875625,93.8,2199.865,1.96,326.0,1280.0,7.9,0.0,10536.0,5412.0,0.98989898989899,293.8,2199.865,0.8833333333333333,13913.666666666664,14720.0,3355.2,0.4,507604.0,477016.0,2.5909366291045686,193.8,2200.0,1.87,953.5,2520.0,266.6,0.1,194288.0,187608.0,1.9957968776805628,100.0,2200.0,1.96,517.0,1080.0,7.4,0.0,10536.0,5404.0,0.98989898989899,300.0,2199.91,0.8733333333333332,14120.666666666664,14680.0,3616.8,0.4,507592.0,478332.0,2.5672660921875106,200.0,2199.9325,1.87,644.5,4800.0,138.5,0.1,194292.0,187612.0,1.995024875621891,100.0,2200.0,1.96,371.0,1480.0,18.5,0.0,10536.0,5408.0,0.98989898989899,5.511277386687047,5.520885833005075,5.494202013731782,5.435565632832669,5.3832472061200525,5.365977908777051,5.313586329892434,5.283398892980316,5.252529424898269,5.2262788439428896,5.108132600864389,4.909693336192524,4.627344558451723
300.0,2199.955,0.89,12401.0,14560.0,3250.5,0.4,507676.0,478724.0,2.5950283042580056,200.0,2200.0,1.775,1609.5,1760.0,279.1,0.1,236744.0,230140.0,1.98,100.0,2199.865,1.93,741.0,1400.0,32.5,0.0,10536.0,5408.0,0.9897435897435898,300.0,2199.955,0.88,12901.0,15920.0,3076.7,0.4,507700.0,479244.0,2.5777225549750082,200.0,2199.9325,1.54,1534.0,2520.0,394.7,0.2,260276.0,253764.0,2.2914171656686633,100.0,2199.865,1.95,330.0,1160.0,6.9,0.0,10536.0,5412.0,0.9948979591836736,293.3,2199.955,0.8733333333333332,13979.0,15720.0,3446.6,0.4,507676.0,477048.0,2.561729181711341,200.0,2199.9325,1.42,2029.0,3960.0,447.1,0.2,260272.0,253824.0,2.063117009224793,100.0,2200.0,1.94,530.0,1080.0,6.3,0.0,10536.0,5404.0,0.9897959183673468,293.8,2199.955,0.8666666666666666,13974.333333333336,14040.0,3438.6,0.4,507664.0,478616.0,2.5447800291689675,200.0,2199.9325,1.4249999999999998,2580.5,5040.0,540.4,0.2,260276.0,253828.0,2.069105033176889,93.8,2200.0,1.94,385.0,1480.0,20.0,0.0,10536.0,5408.0,0.9897959183673468,5.8270238825000975,5.56470986993121,5.543740662999215,5.5526234648602255,5.538120303613084,5.5428302330076065,5.449324581595468,5.444567553535548,5.405091245134812,5.3175836178986255,5.266374705405145,5.0784729001973625,4.553064014214162
300.0,2199.91,0.82,20255.33333333333,16240.0,5637.8,0.4,507892.0,478796.0,2.1853774804053963,200.0,2200.0,1.855,1313.5,2440.0,323.7,0.1,251740.0,245132.0,2.1627190580503832,100.0,2199.865,1.92,707.0,840.0,44.1,0.0,10876.0,5776.0,0.9504950495049505,300.0,2199.955,0.8066666666666666,20966.33333333333,17320.0,5384.1,0.4,507900.0,479448.0,2.151482556305596,200.0,2199.865,1.435,1389.0,2960.0,341.4,0.2,256360.0,249624.0,2.033613445378151,100.0,2199.865,2.09,299.0,960.0,16.4,0.0,10876.0,5780.0,1.0096618357487923,300.0,2199.955,0.7999999999999999,21559.0,12800.0,5983.7,0.4,507892.0,477116.0,2.1319798435429944,200.0,2199.9325,1.4049999999999998,1060.0,3240.0,219.8,0.2,289120.0,282528.0,1.9854990776798525,100.0,2200.0,2.07,428.0,1520.0,14.5,0.0,10876.0,5772.0,1.0,300.0,2199.955,0.7933333333333333,21741.666666666668,17120.0,6842.700000000002,0.4,507864.0,478676.0,2.111215380733077,200.0,2199.9325,1.4049999999999998,985.5,3920.0,207.6,0.2,288120.0,281552.0,1.9854990776798525,100.0,2199.865,2.06,333.0,1400.0,19.0,0.0,10876.0,5776.0,0.995169082125604,5.130851279233278,5.0731828200304925,5.037219091503989,4.9625756044657265,4.928572214045825,4.923697877797969,4.894038077154477,4.869840069409039,4.823869042871413,4.789547824173591,4.722320113674168,4.859399125863819,4.391801151965009
300.0,2199.91,0.84,18214.33333333333,19480.0,5220.799999999998,0.4,508372.0,478868.0,2.2882390618841155,193.8,2200.0,1.925,976.5,2000.0,239.3,0.2,308488.0,301856.0,2.078846153846154,100.0,2199.865,1.86,433.0,1280.0,43.3,0.0,10876.0,5776.0,1.062857142857143,300.0,2199.955,0.8233333333333333,18748.666666666668,17040.0,4649.0,0.4,508372.0,479520.0,2.182894736842105,200.0,2199.9325,1.755,23019.0,2640.0,3806.1,0.1,194844.0,188156.0,1.837079596412556,93.8,2200.0,1.68,308.0,1560.0,15.1,0.0,10876.0,5780.0,1.0,300.0,2199.91,0.7933333333333333,18349.0,15480.0,5439.9000000000015,0.4,508356.0,477188.0,2.1013980263157896,200.0,2200.0,1.84,35353.5,3600.0,5952.4,0.1,194840.0,188216.0,1.918609865470852,100.0,2200.0,1.67,404.0,1640.0,14.3,0.0,10876.0,5772.0,0.9940476190476192,300.0,2199.955,0.7833333333333333,19143.666666666668,16800.0,6264.4,0.4,508320.0,478764.0,2.07061403508772,193.8,2199.9325,1.895,31893.0,4160.0,5191.799999999998,0.1,193576.0,187212.0,1.975,100.0,2200.0,1.67,320.0,1280.0,33.9,0.0,10876.0,5776.0,0.9940476190476192,4.981367410960137,4.980183520038887,4.956869173353788,4.9319413830259515,4.846982893051012,4.8419111821032415,4.8119808876170245,4.777158581009699,4.756431454898457,4.699393856698922,4.652115065550649,4.575903288209314,4.549535983340159
293.8,2199.91,0.81,18662.33333333333,20560.0,5006.1,0.4,508428.0,478868.0,1.8875860035981717,200.0,2200.0,1.805,18287.0,2000.0,2818.6,0.1,193576.0,187144.0,1.9509944883776655,100.0,2199.865,1.63,981.0,1280.0,58.4,0.0,10876.0,5776.0,0.8670212765957447,300.0,2199.91,0.8133333333333334,19546.33333333333,15840.0,4884.2,0.4,508444.0,479520.0,1.8561241276455247,200.0,2200.0,1.85,1011.5,3000.0,197.5,0.1,198140.0,191436.0,1.9253257601069165,100.0,2199.865,1.93,494.0,1600.0,28.8,0.0,10876.0,5780.0,1.0052083333333333,300.0,2199.91,0.7999999999999999,20205.0,17280.0,5622.200000000002,0.4,508404.0,477188.0,1.8243735555631453,200.0,2199.865,1.89,1033.0,3480.0,262.4,0.1,198136.0,191496.0,1.9618554404722133,100.0,2199.865,1.93,561.0,1440.0,20.2,0.0,10876.0,5772.0,1.0052083333333333,293.8,2199.91,0.7933333333333333,20533.33333333333,13080.0,6504.0,0.4,508392.0,478764.0,1.812785329644683,200.0,2199.9325,1.885,905.0,4320.0,203.1,0.1,198140.0,191500.0,1.9603519322864464,100.0,2199.865,1.9,532.0,1520.0,74.9,0.0,10876.0,5776.0,0.9895833333333334,4.743866793769331,4.780745518757444,4.749229823173309,4.612970757599482,4.615135022381804,4.629503941099594,4.604804024586271,4.548773551605691,4.546170153749043,4.469568149668562,4.441687803780372,4.363932748053822,4.478229931446823
300.0,2199.955,0.7766666666666667,16733.0,14560.0,4428.5,0.4,508612.0,478884.0,1.6576916694324588,200.0,2200.0,1.74,2033.0,2120.0,458.4,0.1,198140.0,191432.0,1.9509184845005738,100.0,2199.865,1.98,828.0,1200.0,58.2,0.0,10876.0,5776.0,1.010204081632653,293.8,2200.0,0.77,17621.333333333332,17400.0,4490.0,0.4,508612.0,479536.0,1.6702665248003363,200.0,2200.0,1.75,2199.5,2400.0,404.1,0.1,198140.0,191436.0,1.9546217954811929,100.0,2199.865,1.98,372.0,1480.0,16.8,0.0,10876.0,5780.0,0.9949748743718592,300.0,2199.91,0.7600000000000001,17028.333333333332,13960.0,4857.1,0.4,508588.0,477204.0,1.6468290248003363,193.8,2199.865,1.77,1177.0,3480.0,339.0,0.1,198256.0,191648.0,1.9759165953671136,100.0,2199.865,1.98,482.0,1600.0,16.8,0.0,10876.0,5772.0,0.9949748743718592,300.0,2199.91,0.75,17271.0,18440.0,5441.1,0.4,508544.0,478768.0,1.6259799285414038,193.8,2199.9325,1.7799999999999998,739.0,4160.0,149.4,0.1,201404.0,194808.0,1.9872611464968155,100.0,2200.0,1.97,398.0,1440.0,34.7,0.0,10876.0,5776.0,0.9899497487437184,4.558350861702103,4.571950748220228,4.569530337279788,4.5170034959522285,4.572948825563558,4.587825231817188,4.566695674131132,4.520341520173641,4.493867673920959,4.475036134110552,4.400169353274891,4.333335267246984,4.198822436639395
293.8,2199.91,1.94,40426.333333333336,20840.0,10468.5,0.30000000000000004,355608.0,331084.0,2.4182849505990167,200.0,2200.0,1.555,9565.5,2600.0,1087.6,0.1,223304.0,175324.0,1.7880563013587176,100.0,2200.0,2.53,224.0,520.0,5.0,0.0,16348.0,4460.0,0.98828125,300.0,2199.955,1.9333333333333331,40354.333333333336,15440.0,10094.2,0.30000000000000004,357432.0,332548.0,2.4141656245525267,200.0,2199.9325,1.5550000000000002,9357.0,2800.0,1195.0,0.1,223304.0,175324.0,1.7937108453339845,100.0,2200.0,2.57,23.0,560.0,4.3,0.0,16348.0,4456.0,1.00390625,300.0,2199.955,1.9233333333333336,41112.66666666666,17960.0,11088.4,0.30000000000000004,355664.0,330908.0,2.3907683642785553,200.0,2199.865,1.6,7497.0,3480.0,1053.6,0.1,223304.0,175328.0,1.8480188756000324,100.0,2200.0,2.44,21.0,400.0,0.6,0.0,16348.0,4460.0,0.953125,300.0,2199.955,1.903333333333333,41419.333333333336,15400.0,10607.3,0.30000000000000004,353428.0,328908.0,2.358220419073075,187.6,2199.865,1.6,7082.5,5080.0,835.6,0.1,223304.0,175328.0,1.853673419575299,100.0,2199.865,2.5,210.0,80.0,0.5,0.0,16348.0,4452.0,0.9765625,5.168472700938676,5.160666291822956,5.103049530973305,5.140703363795623,5.130895810987477,5.127396623109616,5.038884834711523,5.0458654156349745,5.10523237213846,5.054042029415151,5.1018660407092895,4.988400364303299,4.5658798472074436
300.0,2199.91,2.15,42720.0,24280.0,10618.2,0.30000000000000004,382996.0,358492.0,2.647925140982939,200.0,2199.9325,1.54,9717.0,2760.0,1108.6,0.1,224176.0,176380.0,1.8446969696969695,100.0,2199.865,2.51,311.0,600.0,5.2,0.0,16348.0,4460.0,0.9843137254901959,300.0,2199.91,2.1533333333333338,43677.0,16920.0,10610.4,0.30000000000000004,383908.0,359812.0,2.6419646430284236,200.0,2199.865,1.5450000000000002,9614.0,3040.0,1228.9,0.1,224176.0,176380.0,1.855113636363636,100.0,2200.0,2.56,24.0,680.0,3.5,0.0,16348.0,4456.0,1.003921568627451,300.0,2199.91,2.163333333333333,44462.66666666666,16040.0,11640.9,0.30000000000000004,382996.0,358764.0,2.657819044931688,200.0,2199.9325,1.61,7827.5,4000.0,1127.2,0.1,224176.0,176384.0,1.9235660173160172,100.0,2200.0,2.43,21.0,400.0,1.2,0.0,16348.0,4460.0,0.9529411764705884,300.0,2199.91,2.15,44523.66666666666,16400.0,11081.2,0.30000000000000004,381420.0,357176.0,2.640874116447394,200.0,2200.0,1.61,7012.5,4600.0,861.1,0.1,224176.0,176384.0,1.92965367965368,100.0,2199.865,2.53,114.0,280.0,0.7,0.0,16348.0,4452.0,0.992156862745098,5.451478404860066,5.395019724082989,5.476448484001275,5.425570194883384,5.401554680557891,5.421036212574358,5.287137388492995,5.236060013912363,5.332135986871679,5.259127524674719,5.187573609100326,5.113772816352707,4.5844593863936085
300.0,2199.91,2.0,46999.0,14760.0,11700.4,0.30000000000000004,393036.0,369052.0,2.5486202473660096,200.0,2200.0,1.54,11450.0,2960.0,1521.6,0.1,225060.0,177172.0,1.887812752219532,100.0,2199.865,2.43,470.0,680.0,5.2,0.0,16348.0,4712.0,0.9798387096774194,293.3,2199.91,1.9533333333333331,48303.0,20920.0,11525.5,0.30000000000000004,393180.0,369228.0,2.4601493357764546,193.8,2200.0,1.545,11563.0,2760.0,1633.6,0.1,225060.0,177172.0,1.8920500403551253,100.0,2200.0,2.45,58.0,880.0,3.5,0.0,16348.0,4708.0,0.9879032258064516,293.8,2200.0,1.9766666666666663,48920.0,15240.0,12834.0,0.30000000000000004,392244.0,368268.0,2.474975721484196,200.0,2199.9325,1.5750000000000002,9158.0,4320.0,1340.1999999999996,0.1,225336.0,177440.0,1.9328087167070216,100.0,2200.0,2.41,34.0,560.0,2.2,0.0,16348.0,4712.0,0.9717741935483872,300.0,2199.955,1.95,49324.33333333334,16800.0,12200.2,0.30000000000000004,390752.0,366944.0,2.4439019697663764,200.0,2199.865,1.58,8414.0,4760.0,1133.7,0.1,225336.0,177440.0,1.944713478611784,100.0,2200.0,2.45,149.0,440.0,1.6,0.0,16348.0,4704.0,0.9879032258064516,5.560843562569682,5.499819669871737,5.563949090183632,5.528443147344849,5.483362268661821,5.496118007816318,5.433766425942855,5.414878482098024,5.413562910996333,5.341032063041835,5.377234778970552,5.322801088073256,4.478479784271803
300.0,2199.955,1.97,41976.333333333336,15760.0,10348.3,0.30000000000000004,418800.0,395196.0,2.532676926433788,193.8,2199.9325,1.41,23180.0,2560.0,2802.8,0.1,225892.0,177964.0,1.5455629364673822,93.8,2200.0,2.16,2125.0,920.0,24.9,0.0,16348.0,4712.0,0.9310344827586208,300.0,2199.955,1.923333333333333,43136.333333333336,15840.0,10964.499999999998,0.30000000000000004,418452.0,394932.0,2.4545872341586152,200.0,2200.0,1.395,23954.5,1840.0,3068.2,0.1,225892.0,177964.0,1.527082268778743,100.0,2200.0,2.27,621.0,800.0,2.8,0.0,16348.0,4708.0,0.9784482758620692,293.8,2199.865,1.923333333333333,41464.0,18280.0,11311.6,0.30000000000000004,416012.0,392564.0,2.4735825770334863,200.0,2199.9325,1.53,34088.5,3520.0,6745.2,0.30000000000000004,522764.0,471976.0,1.7413132345426674,100.0,2200.0,2.26,200.0,1160.0,5.1,0.0,16348.0,4712.0,0.9741379310344828,300.0,2199.865,1.93,39900.66666666666,17200.0,10840.0,0.30000000000000004,412164.0,388600.0,2.492219259905766,200.0,2199.865,1.505,33966.5,5400.0,6091.5,0.30000000000000004,522896.0,486524.0,1.692769545222279,100.0,2200.0,2.26,467.0,920.0,3.7,0.0,16348.0,4704.0,0.9741379310344828,5.310643672621966,5.479303287328234,5.4119054505285344,5.3437997934597155,5.44144394999005,5.495629134292245,5.534665257358792,5.33239967661093,5.3059836329556855,5.254346878910929,5.2088033349141085,5.1145977434092265,4.62946380660675
